0.500167075453259
0.6774708008679795
0.1961289765546752
0.12147545759992795
0.0009556615477279706
0.6075720537066971
0.07774670436550934
0.8540357287071174
0.0638465185435706
0.8045381042432211
0.077193154657067
1.0113234609490291
0.2191227667946123
0.03090681533183215
1.3658366259850254
0.40184956193047583
4.873122841865666
1.257449795471075
1.4075198437452627
0.9735602069861216
1.4010962719864892
7.299097522315151
7.138260616653042
13.788719950304312
9.260769828113553
41.045448583147845
18.251586515691088
21.361630048535517
13.58007024206745
27.25658874468718
23.69001986910189
49.322304777768295
25.8477267160888
24.49411902988868
45.02153281241044
57.003183632728906
48.63839311209449
51.39504224999109
39.47128117775719
9.531740582242492
29.671934106336266
23.314445533629623
45.72881333455007
36.52708867478941
39.23241826168669
63.54528089251835
17.11032974434056
30.370550863648532
19.01639247530693
32.10653338608245
14.734018578688847
22.24906237977848
14.820568752016698
16.30262562721837
