16.31983292454674
24.55252919913202
33.443871023445325
41.92852454240007
50.46095566154773
58.26242794629331
67.35774670436551
76.54403572870712
84.16384651854356
167.39546189575677
252.37719315465705
335.38867653905095
420.2808772332054
504.56909318466813
587.3341633740149
673.2018495619304
761.7731228418656
842.2574497954711
1007.7924801562547
1178.373560206986
1347.0010962719864
1521.099097522315
1674.861739383347
3350.2112800496957
5055.260769828114
6769.045448583148
8391.748413484309
10113.361630048536
11787.580070242066
13483.256588744687
15114.3099801309
16770.67769522223
18476.15227328391
20159.50588097011
21911.02153281241
23490.996816367267
25181.361606887906
26963.39504224999
28633.471281177757
30266.46825941776
31987.671934106333
33663.31444553363
35276.27118666545
36967.47291132521
38725.23241826169
40431.54528089252
42067.11032974434
43701.62944913635
45394.98360752469
47063.89346661391
48792.73401857869
50482.24906237978
52156.820568752024
53782.13550861571
