0.49847502885212336
0.6761529993604682
0.19523238510260654
0.12099710615242287
0.0009976301773519936
0.6079426582367091
0.07687915392125433
0.8526493893073166
0.062017469181327556
0.811791756678133
0.06383654168618591
1.030526238195364
0.24380192713806537
0.06038814509844315
1.3994154245447135
0.3646146013501266
4.8326777546121775
1.2145181070859508
1.454497661408709
0.9236039379973136
1.3490934784006186
7.245692015540271
7.192443269084606
13.839944904695585
9.213961131910764
40.99726388078852
18.306064689026243
21.29719999054214
13.504993456179363
27.171886886657376
23.781252086924724
49.41625976592695
25.939659836294595
24.579061833956075
44.948826894036756
57.06112509703962
48.677552924382326
51.37777627761534
39.475210383941885
9.507636168760655
29.71552858116047
23.374202375576715
45.656976506099454
36.446996959384705
39.31565080488508
63.6257757873027
17.182547648371838
30.312301430087246
18.978690183656
32.09511059457145
14.71201027429197
22.18844563984021
14.716103033046238
16.187713336350864
