1.572110967904493
0.7617805438515184
0.08990892918811966
0.20968382853021694
1.020604491242267
1.2906353967179598
2.851614762819665
1.7143476168932494
0.7908217132540614
1.702685265698392
0.0007177469264547653
0.08751284610343646
2.799668927649577
1.5205678805966159
2.501650917184179
5.078220527394251
4.496189561903179
3.990621044315276
10.071519119614322
2.4459266281987766
23.103772626827322
26.58330962662444
30.945086473985384
76.4102714424148
112.2169123501917
143.04257237892216
2.0793203723369516
119.901448508057
107.07434299472152
14.781188469314657
18.443079490862146
21.650672658975964
22.79751939806738
1.2143649113750143
3.9254479409282794
43.953134805451555
7.013330994068383
26.112707598967972
102.88355870265514
1.974445850974007
65.27922955821487
82.91120475550997
92.51651340254466
80.02695366062107
50.380986059011775
105.5450802022824
40.341038186481455
183.1583967849656
188.97358817240456
88.43302058581321
104.79405048453918
149.0728878036025
66.07263306236564
72.67989636860221
