0.4986985484111486
0.13379018543891164
0.29504430203639487
0.047021108859688354
0.4834574985166711
0.4226410435032477
1.6290803816538073
0.25011202771288765
0.9076209276159517
1.719100818373903
3.798371299257923
3.4090226122843887
0.5496626324543286
0.6427747733077922
1.8320824140942022
2.673858166842251
9.041230016479062
2.371255898905474
0.3859252470183492
17.69945466081367
3.9494787876210466
2.8466824546085263
2.608701775005784
6.025991879113917
16.019154980655912
39.2595827238556
98.23955514159388
38.270228588915415
44.8321571557517
56.25183245874723
42.899460975446345
10.213083614555217
20.481169694670825
1.3287619653674483
7.244175692194403
44.70234347468431
11.874526534102188
13.826258030756435
82.02944318419395
33.24834562055548
24.328944104192487
32.19777963751403
153.39776791720215
11.743134936710703
25.10908389256656
24.557759755960433
125.76970203347446
95.58284393902431
100.51500184210454
175.74482606079255
19.92258764123835
68.4302138983694
8.24179323939461
9.065972563334071
