0.06625476000000001
0.07561532030976001
0.08542946900224001
0.09479896155136001
0.10524885547264001
0.11535859016703998
0.08368717356750152
0.13611023033344002
0.14535247750144
0.22790947980779463
0.0013377253285647983
0.22781835072109702
0.5528100941440001
0.63223616963584
0.70172386594816
0.76615149048064
0.2933468454436876
0.8835308173542401
0.9799257677440001
0.12837506808085575
1.13987908486144
1.2094579807129602
1.2727449856000002
1.7277020394726406
2.03951759444224
2.2037524639155555
0.1574123014040092
2.725114227264
2.9183790889369603
3.11416326648064
3.2905205380326406
3.45777892770816
3.62549627421696
3.79293386407936
3.95539544606976
4.11290730332416
4.277861580720641
4.43389500057856
4.232949064003765
4.75311855515904
4.90464450330624
5.0607649486873605
2.1150270266056026
5.376996684759041
5.5382505744614425
5.691972929167361
4.625789647118292
5.706488605815382
4.441951326766359
1.9857261044566776
6.49726233513984
6.656680706959362
6.829617038632959
6.99154826039296
