0.2765127070799487
0.0880279709981977
0.09497062298927972
0.1807478359102035
0.46401111488520286
0.7181236869166199
0.46345503336789307
0.08525538300378344
0.04011873555202783
1.8670859422932438
2.254736571961729
0.7189933077696082
0.16324743304261347
0.6466193481383584
1.9982455424658383
3.8128526543531507
2.7629218268860996
3.887482589895626
3.3280513506568923
3.0042548094666017
4.195478981494034
10.314732278174233
4.82852908800578
1.2289587456830304
25.307005098792615
37.333167915042395
35.453578213142464
3.0248303239277448
45.42737597710402
136.7813459863628
12.43114660905485
31.108217577413598
13.456932599972788
35.27841371307659
45.7185658690978
8.437873911421775
71.588326126217
70.44067398043262
47.743640024680644
99.58793875589981
68.11333284883585
78.06623085239698
6.422806185939407
3.8865551367780427
61.24782924360625
68.93431663561205
8.154379743340542
9.58186520201707
97.99185953671258
28.424997257025097
53.54721914482798
28.500983429119515
81.34992928853171
89.48492221738489
