0.5093882495
0.5339682540
0.6211225997
0.5756331280
0.6328066215
0.6765888978
0.6580594679
0.7751152074
0.8589520989
1.2906691222
1.8459174715
2.5007433839
2.8089512358
3.1711915535
3.7048458150
3.9225746269
4.4686503719
5.6386188401
6.4816955684
7.5223613596
8.5424073134
9.6833621186
14.1356416506
23.6568213783
30.3391053391
36.4542696142
41.2963417628
46.2978254886
47.9065793221
59.4346289753
53.8240000000
60.3949730700
62.0435263740
64.3704554152
63.0434782609
71.8189581554
67.1725239617
76.8036529680
66.6402535658
73.0351715154
87.1051268773
73.8043001316
74.6228926353
92.6721763085
71.3619007213
75.0223015165
86.5671641791
88.0628272251
74.9220489978
87.9247255619
84.4377510040
82.4509803922
92.1643835616
92.1643835616
