-3.3110236220 -3.3505976096 -3.0805860806 -4.8333333333 -3.4048582996 -4.4973262032 -7.3771929825 -5.0359281437 44.2631578947 15.8679245283 -15.2909090909 -7.7155963303 -8.5816326531 -120.1428571428 -17.8936170213 -10.1325301205 -7.5765765766 -5.6442953020 -168.2000000000 -6.1386861314 -11.0657894737 -15.0178571429 76.4545454545 -32.3461538462 -5.9225352113 -5.6066666667 -5.0359281437 -4.0628019324 -3.2471042471 -6.6746031746 -3.7713004484 -7.9339622642
0.6464258263 0.6514329977 0.6266766021 0.7736890524 0.7061293031 0.7043551089 0.7449069973 0.8086538462 0.8040152964 0.9052744887 0.7383669886 0.8679050568 0.7576576577 0.8326732673 0.8277559055 0.7250000000 0.7736890524 0.7073170732 0.9282560706 0.7522361360 0.8435305918 0.8055555556 0.7941454202 0.7687385740 0.7370727432 0.7206512425 0.7515638963 0.6706539075 0.6454336147 0.7590252708 0.6848534202 0.7979127135
0.6933223413 0.7250000000 0.7383669886 0.7694419030 0.7079124579 0.7275086505 0.7037656904 0.7455673759 0.6539657854 0.7256255393 0.6188373804 0.7396657872 0.7403169014 0.7351398601 0.6744186047 0.6580594679 0.6695859873 0.6590909091 0.7986704653 0.7262521589 0.7344978166 0.6837398374 0.6921810700 0.6627265563 0.6664025357 0.7590252708 0.7225085911 0.6290201945 0.7294015611 0.7306689835 0.6744186047 0.8172983479
0.6782258065 0.7014178482 0.6809716599 0.8024809160 0.7157446809 0.7194183062 0.7188034188 0.8310276680 0.6701195219 0.6985049834 0.6351963746 0.7455673759 0.6831844029 0.7624660018 0.6893442623 0.6637726914 0.6147660819 0.6120815138 0.7416225750 0.6554949337 0.6820762368 0.6755020080 0.6648221344 0.6519379845 0.6985049834 0.7188034188 0.7067226891 0.6771336554 0.6996672213 0.7181895816 0.7157446809 0.7377192982
0.7403169014 0.8965884861 0.9004282655 0.9091891892 0.8572884811 0.8751300728 0.7830540037 0.9151251360 0.8751300728 0.9611428571 0.8094321463 0.9141304348 0.8724066390 0.8724066390 0.8009523810 0.8293885602 0.9666666667 0.8679050568 1.0395550062 0.8778705637 1.0538847118 0.9334073252 0.8815513627 0.8538071066 0.8956336528 0.9666666667 0.9824766355 0.8715025907 0.8572884811 0.9470720721 0.8172983479 1.1380243572
0.8009523810 0.7926484449 0.7919020716 0.9824766355 0.9313399779 0.8212890625 0.8975453575 1.1007853403 0.9231613611 1.1124338624 0.9396648045 1.1426630435 0.9779069767 1.0120336943 0.9655568312 0.8975453575 0.8908898305 0.8787878788 1.0281173594 0.9589509692 0.9940898345 0.9181222707 0.9470720721 0.8670103093 0.9241758242 0.9121475054 0.9524348811 0.7794253939 0.7779833488 0.9171210469 0.8078770413 0.9556818182
0.7765466297 0.8946808511 0.9292817680 0.9191256831 0.8751300728 0.9688940092 0.8277559055 0.8670103093 0.7344978166 0.7964015152 0.7067226891 0.8310276680 0.7964015152 0.8634496920 0.8165048544 0.7495543672 0.7569756976 0.7073170732 0.8937300744 0.7645454545 0.8055555556 0.7852474323 0.7590252708 0.7200342466 0.7986704653 0.8616803279 0.8787878788 0.8032473734 0.8452261307 0.8581632653 0.8086538462 0.8228962818
0.8760416667 0.8368159204 0.8269419862 1.0157004831 0.9323725055 0.9221491228 0.9161220044 1.2083333333 1.2646616541 1.4475043029 1.0936280884 1.2589820359 1.2422451994 1.2153179191 1.1520547945 1.2065997131 1.3202511774 1.3059006211 1.5808270677 1.3542673108 1.4806338028 1.5459558824 1.3349206349 1.4040066778 1.1861777151 1.1080368906 1.0132530120 0.8529411765 0.9545970488 1.0369913687 0.9262114537 1.2703927492
0.8520770010 1.0206310680 0.9655568312 1.1584022039 0.9722543353 1.0000000000 0.9988123515 1.1504787962 0.8285714286 0.8688016529 0.8688016529 0.9688940092 0.8715025907 0.9492099323 0.8861959958 0.8384845464 0.8469284995 0.7889305816 0.9231613611 0.8937300744 0.9211391019 0.8486377397 0.8706004141 0.8094321463 0.9470720721 1.0256097561 1.0699745547 0.9567690557 0.9262114537 1.0659062104 0.8946808511 1.0395550062
1.0503309604 1.1711460799 1.1772116461 1.2833816573 1.1927386186 1.2277372263 1.2128641477 1.3586429725 1.2457413716 1.3126268144 1.1297689414 1.3393852524 1.2771450266 1.3065092434 1.2065997131 1.1890287007 1.1801852372 1.1246322546 1.3449544219 1.1934156379 1.2861293776 1.2227391684 1.1865124153 1.1682178080 1.2151423205 1.2128641477 1.2232727273 1.1100844773 1.1325074064 1.2010854042 1.1083289404 1.2470344009
1.4890226629 1.5285350782 1.5525198449 1.6877383103 1.5885908576 1.6393762183 1.5428361768 1.7601506907 1.5702016430 1.6470818645 1.4723389356 1.7020845983 1.6000761035 1.6617269314 1.5817190145 1.5265928481 1.6000761035 1.5052801146 1.7817796610 1.5719626168 1.6911321134 1.5879909366 1.5224475018 1.5329930733 1.6285824942 1.6509619160 1.6307930968 1.4806338028 1.5001783803 1.6320589948 1.4803731737 1.6972754793
1.7908858603 1.8734684785 1.8635054288 2.0062022901 1.9161540214 1.9337778800 1.9324448529 2.1345177665 1.9526352450 2.0617798480 1.7776368632 2.0956890107 1.9386814200 2.0100382409 1.8776512614 1.8920134983 1.8659862436 1.7870803230 2.1173212487 1.8852275275 2.0201777564 1.9284567760 1.8647450111 1.8438938829 1.9472100023 1.9594594595 1.9576350093 1.7686645636 1.8414714254 1.9258071903 1.7727655987 1.9802213327
2.1339761482 2.1558574724 2.1781921782 2.3419660262 2.2254564700 2.2307692308 2.1832814123 2.4285301761 2.2213417855 2.2921777051 2.1178544447 2.3730248307 2.3335183130 2.3328710125 2.2278145695 2.1759379043 2.1093554051 2.0187229957 2.2361074182 2.1269600405 2.2450613988 2.1443141254 2.0852963055 2.0842627014 2.1328937357 2.1525467110 2.1958224543 2.0028578233 2.0487210719 2.1291139241 2.0109995218 2.2184120285
2.6371903418 2.7737467018 2.7573770492 3.0976058932 2.8840877915 2.8990003447 2.8990003447 3.1113577506 2.7783283779 2.9623106728 2.6142368666 2.9550245959 2.7199223803 2.9313349599 2.8183646113 2.7322936972 2.8527815468 2.7296332360 3.3084185681 2.9181124219 3.0482058717 2.8920220083 2.8980013784 2.7810846561 3.0251798561 3.0851063830 3.0240920532 2.7875372887 2.8070761015 3.0682232762 2.8278412912 3.2222222222
3.0154177124 3.2584269663 3.3373015873 3.4495488105 3.2259301880 3.4256619145 3.4424887433 3.6422693807 3.4566378956 3.6203185536 3.2634846721 3.6918349429 3.5056273447 3.5365853659 3.4214808788 3.4076175041 3.4159220146 3.3280569846 3.7328007102 3.4326530612 3.5455311973 3.3599680384 3.2445987654 3.3426073132 3.3479299363 3.3843058350 3.3519330411 3.1868131868 3.1545386347 3.4048582996 3.0273578114 3.5425442291
3.4298531811 3.5350987810 3.6983289358 3.8631143776 3.7015845070 3.6869793950 3.6234381732 3.8419369575 3.6581122227 4.0239234450 3.4997919268 3.7662337662 3.7797752809 3.7899954935 3.4983361065 3.4509643004 3.2749221184 3.1217520416 3.5696095076 3.2672882673 3.4021035599 3.3613109512 3.2980392157 3.1916508539 3.4766432410 3.4523809524 3.4159220146 3.1102071006 3.2890105592 3.4284549531 3.2584269663 3.3720930233
4.2517694641 4.4662772172 4.4426835711 4.5582655827 4.3305870237 4.4757849920 4.4568097509 4.9881376038 4.4710260500 4.3552563439 3.9651107968 4.6438431806 4.5906113537 4.6310572687 4.3870631195 4.3061955965 4.7648725212 4.4520910535 5.3362944162 4.7141255605 5.0693188668 4.9152542373 4.4100681699 4.7648725212 4.7062115277 4.7675736961 4.7380281690 4.4901227977 4.3893528184 4.9528857479 4.4544491525 4.9645808737
4.4686503719 4.7540983607 4.6259625963 4.8584633160 4.9095154699 4.9704491726 4.6082191781 5.3875720692 5.0632149308 5.3464717101 5.3944836434 5.4788273616 5.5992010652 5.4048843188 5.4293092318 5.0480192077 5.3566878981 5.1690227412 5.6104069380 5.4048843188 5.5147540984 5.4083601286 5.3498727735 5.1000606428 5.1626764886 5.5584930601 5.1849568434 4.7648725212 5.0029744200 5.1218026797 4.7514124294 5.4574951330
5.2826633166 5.5621693122 5.6029313791 5.7036283486 5.6575849310 5.7133152174 5.7094365241 5.4823989570 5.3177363263 5.5292570677 5.1674347158 5.5787728027 5.3789574672 5.5292570677 5.3396825397 5.3110198926 4.9282156461 4.9325513196 5.2122714596 5.0938824955 5.2415082580 5.0299043062 5.0193971949 4.9866587607 5.1785714286 5.1280487805 5.3927540878 5.1093560146 5.1453043744 5.2333540759 5.0119189511 5.3026481715
6.6905330151 6.7414829659 6.9705760464 7.4162257496 6.9561621175 6.9218106996 7.2845387614 7.5936794582 7.0083333333 7.0494551551 6.5960784314 6.9161184211 6.5728800313 7.0612930311 7.0083333333 7.0612930311 7.1180702497 7.1060414026 7.7049931287 7.0761464030 7.3707274321 7.1392190153 6.9734660033 7.0112546895 7.2687986171 7.1604938272 7.2406371072 7.0024979184 6.8653061224 7.3966578716 7.4064288860 7.4260485651
7.4457724657 7.8414918415 7.7226813590 7.7475817596 7.6628701595 7.9527186761 7.4922048998 8.2857142857 8.2209188661 8.0019029496 7.9677877783 8.5380710660 8.8293963255 8.3932135729 8.4353059178 7.8893058161 8.4522613065 8.0324737345 9.0236051502 8.3184965381 8.5294117647 8.2857142857 8.4142071036 8.1928884559 8.1413359148 8.5337392187 8.0401529637 7.7475817596 7.8051044084 8.1610868510 7.7191372189 8.4226339509
9.0236051502 9.0918918919 9.2774407060 9.8247663551 9.6555683123 9.7281665703 9.2265496434 8.7741262389 9.1812227074 9.2265496434 8.5510930351 9.1812227074 8.6970010341 9.5568181818 9.1313789359 9.0771721533 8.3723245396 8.1492248062 8.4015984016 8.3061728395 8.4226339509 8.4735516373 8.4184184184 8.4184184184 8.2897979300 8.5337392187 8.4735516373 8.4184184184 8.3974038942 8.6925064599 8.1571290010 8.7376623377
10.0477897252 10.5059337914 10.1081730769 10.1631419940 9.5949800342 9.5622512791 10.7751441384 11.0657894737 10.4797507788 10.1021021021 10.0059488400 10.4148606811 11.2583668005 10.4019789734 10.1692865780 9.8477751756 9.9526627219 10.1631419940 10.5322479649 9.9585553582 10.2560975610 10.2686202686 9.4653911086 9.4441325098 10.4407200497 10.1508750754 10.1939393939 10.2125075896 9.5840455840 9.8190309399 10.0000000000 9.6444954128
14.9444691248 15.3719612502 15.3439153439 15.5726321637 15.3299307328 15.5467233571 15.3383184388 15.6203566122 15.2534687585 15.3775827391 14.9830750045 15.3719612502 15.3243440233 15.3846153846 15.3034300792 15.1736580965 15.3215521953 15.2520856003 15.7564402810 15.3327256153 15.4382744378 15.2507026929 15.0906154674 15.1983373995 15.4567175152 15.5784014078 15.6523357528 15.4624011767 15.4241173773 15.7919444184 15.4638227452 15.9461509291
24.5189504373 25.0223147873 25.0111524164 25.1834106902 25.2098321343 25.2476733714 25.6872327428 25.0037163669 25.0633288631 24.9740163326 24.7863247863 24.8449039882 24.5261009041 24.9740163326 25.1495215311 24.9591927586 24.3874148180 24.3239334779 24.6663733685 24.4476744186 24.5511604145 24.4547833673 24.2712842713 24.3415340087 24.5368344274 24.4654545455 25.2060542485 24.7936320755 24.5511604145 24.9480866212 24.4796972784 24.7680753939
32.3710546574 33.2937450515 33.3201267829 32.5401431612 33.4993029277 32.9351869982 32.4522477330 33.1167552668 32.4773122224 32.8515625000 32.3461538462 32.3959938367 32.5086973328 32.5149816354 32.7173701614 32.3959938367 32.0992366412 32.4522477330 32.5338491296 32.1790702124 32.0319939059 32.2654901209 32.2840690979 32.2469325153 32.5401431612 33.2017370707 32.5527385330 32.9287392326 32.1237585943 32.3275033634 32.4961360124 32.1975497703
38.0542986425 38.3842994067 36.8940557140 37.2866326757 37.1220481130 37.7468581688 38.6400183781 37.9427024588 38.2446566621 37.9170423805 38.1752156151 38.0973952435 38.0542986425 38.5073260073 37.9427024588 37.3943975100 39.1527001862 38.9622422979 39.6324222432 38.6134067952 39.1162790698 38.3492932057 37.7892608403 38.6488970588 38.5161438058 39.0980939098 39.6417629036 40.1527810933 38.9261744966 40.7066795741 39.8767188241 40.0285578296
44.7936085220 45.3981106613 45.9186459186 46.5541101578 45.8935879945 47.8384527873 46.1074561404 45.9311851447 45.9061135371 45.3858607663 44.8294243070 45.7936291860 46.6315497643 45.2515469465 44.4855858239 45.7189453656 44.6983789530 44.1817704229 44.1353975335 43.9393939394 44.2631578947 44.4268357105 45.0093658014 43.9049856434 44.2166140904 43.6429683446 44.1122475741 43.7337493500 43.5300207039 42.6146440334 42.7337398374 42.6578747147
48.6830680174 47.4738921818 49.5288574794 49.3110524773 49.9554499554 50.0000000000 49.3399823995 50.2689778840 51.1712808032 51.9135802469 50.1939719487 49.9257940042 49.9257940042 51.6426159042 51.9135802469 49.4124559342 46.5412285556 48.7536231884 49.2532942899 49.4997057092 48.0296973158 49.5580436064 48.3472262144 49.6898079764 49.2388758782 48.7960545402 49.7044917258 49.1238317757 49.2100643651 49.0808287132 48.6408328514 47.4471086037
53.0766803408 55.2744002629 52.1065675341 52.0743034056 53.6181064712 52.4804992200 56.0666666667 52.9263687854 53.7723785166 52.5953721076 53.2110091743 53.7551933525 53.0432040366 52.0904304738 53.1101989264 52.1712158809 57.5042735043 55.2018378733 55.4749340369 54.6458739441 56.5378151261 53.9621430863 54.8955613577 54.8239895698 53.8757206919 55.3289473684 55.8432934927 55.9361489857 55.4200988468 55.5115511551 55.0392670157 56.3861884009
57.2108843537 56.4998320457 56.6520714045 55.9175531915 56.4050972502 53.3629441624 53.6010197578 55.7322730285 58.0000000000 56.9012178620 57.5633127995 56.6711590296 58.4230635637 57.9201101928 58.4027777778 57.9800068942 52.4314214464 54.9493629533 54.0662166506 55.0392670157 53.8412291933 55.9733777038 55.2380952381 55.4932365556 54.6636334092 53.0432040366 53.7380191693 55.8062375581 52.6447574335 53.6523125997 52.9930686831 52.5132688105
60.1788908766 61.7474302496 62.5046451133 62.4118738404 63.8572513288 66.7725287813 64.9671687910 61.7701065002 61.9521178637 58.9554854539 61.5215801024 60.6126126126 60.0285510350 59.7513321492 61.0526315789 61.5891614793 65.3203883495 61.4990859232 65.7288003126 64.4444444444 66.1423515533 63.1381381381 62.8785046729 64.3458301454 65.3965785381 67.1457085828 65.8574784652 65.9349274794 67.3069227691 66.2726556344 66.1163522013 66.3510848126
62.7377844088 64.5929339478 64.7919876733 63.1618475404 62.5278810409 62.7143922446 63.6879969708 62.1352050240 64.0274076894 70.4945515507 67.5773402973 64.7171989227 64.1006097561 65.2950310559 64.4938650307 64.8669494794 63.7362637363 66.2726556344 62.8080657207 63.3760361718 61.3197229311 66.0644147683 64.0274076894 64.5433614735 60.6126126126 61.4990859232 61.5891614793 61.9293078056 59.7938144330 61.6795012835 60.6782106782 61.1414031261
63.3999246136 62.7611940299 61.7701065002 62.0893318568 63.1618475404 64.1006097561 64.6674356017 63.6879969708 64.8419429453 61.4766081871 61.0526315789 63.0434782609 64.3458301454 62.4814264487 65.3965785381 61.7474302496 58.5247042450 59.5187544232 59.2670894996 59.8150782361 59.8363571683 58.1202487906 59.8789604842 59.3298059965 60.1573676681 60.1143674053 61.7247706422 62.1811460259 60.5035971223 58.8935574230 60.8538350217 57.3083475298
67.7406363270 69.8215026982 70.7317073171 69.6192052980 69.0759753593 67.3338670937 67.9321486268 69.0759753593 71.7576791809 67.9595959596 69.6768848384 70.2003338898 71.6049382716 69.9085619285 70.6425871483 70.8807416772 77.6188278726 74.4247787611 78.3783783784 74.9888542131 75.3246753247 76.9794050343 72.9401561145 73.5783027122 74.6228926353 74.7887950200 75.4598474652 74.6560142033 73.5783027122 78.5247432306 73.9665787159 78.0872794800
69.9958385352 70.1125468945 70.2883409946 73.2578397213 69.7346600332 77.4045098942 74.6891651865 70.0833333333 67.3878205128 71.6354344123 68.7653311529 68.4296175753 66.9053301512 71.4528462192 68.8216039280 69.7346600332 64.0761904762 66.4822134387 64.1006097561 66.6931007137 66.4296998420 64.8919753086 65.5494933749 67.3608329996 64.9922720247 67.9595959596 66.2726556344 67.6861167002 67.1993607671 66.5348101266 67.9047234558 65.8059467919
75.8682904826 75.3584229391 76.6636280766 72.8138528139 76.1775362319 74.2277140335 76.0397830018 76.6985864113 78.1961878196 72.8453876137 78.1235485369 76.2811791383 78.8930581614 72.8453876137 75.0223015165 75.6975697570 82.2493887531 84.2263395093 84.1841841842 78.5247432306 81.2168034766 83.1849653808 80.1715919924 79.3022159359 81.9688109162 78.4149184149 83.7649402390 80.6714628297 80.9432146295 82.0087762067 80.8653846154 82.5318940137
72.1578721579 72.5312634756 71.4832129197 72.4375538329 73.0351715154 68.4296175753 69.4180767643 72.5312634756 73.0986527597 72.4063710719 72.5625539258 73.0351715154 73.0034722222 75.2909579230 75.2236135957 73.9991201056 72.2508591065 71.0004221190 73.7395879000 75.4260089686 72.2819080361 73.0986527597 71.1505922166 71.0604140262 72.7194120190 72.5938713854 70.7019756200 73.4818698121 71.1205073996 71.8803418803 73.9015817223 71.8189581554
77.7983348751 79.3396226415 79.4896030246 78.8560712611 76.1775362319 81.5712900097 80.0571156592 78.1235485369 79.6778777830 80.5555555556 78.7822014052 80.0571156592 77.3333333333 79.6778777830 79.9809795530 76.8738574040 74.3261157755 77.9786740844 75.3584229391 74.5567375887 75.3922008068 74.2604856512 78.4514925373 78.2325581395 75.6635177688 74.3261157755 76.8738574040 75.0892857143 75.1563896336 74.8553627058 74.4906997343 70.0541441066
75.2572706935 76.5938069217 75.2236135957 74.4247787611 77.1913721891 77.1913721891 77.6905311778 76.4545454545 80.8653846154 79.0413533835 78.7822014052 76.0397830018 79.7534376482 77.8703703704 83.6815920398 82.8163466273 86.8353123387 83.8066766318 84.2685370741 85.2077001013 82.2493887531 84.0579710145 81.8491484185 84.9494949495 78.5981308411 81.3346228240 82.2091886608 83.5568802782 82.2091886608 80.5941542885 83.5984095427 86.8801652893
73.5461303017 75.2909579230 74.1949713277 74.1949713277 70.2003338898 74.1295724989 72.7823453051 73.4497816594 76.1775362319 77.0146520147 76.2120525600 81.4922480620 77.9064381658 77.1205868867 71.7576791809 73.1940818103 65.7031250000 68.0145572180 66.6402535658 67.2262190248 68.4853420195 71.5440238197 70.9405314213 68.2352941176 67.4148296593 67.2262190248 67.9321486268 67.7406363270 66.8787276342 66.6138613861 65.9866614359 64.9170204554
90.5761981691 84.8637739657 89.0418210693 88.3403361345 91.9125683060 91.4627514954 90.1876675603 83.7649402390 87.2859366892 85.2077001013 84.1000000000 82.1690278456 81.7298347911 84.4377510040 88.9006342495 87.3766233766 98.1903093987 97.0011534025 98.0758017493 100.9603841537 100.2383790226 94.1242305540 92.7232635061 97.3379629630 102.9375764994 100.3579952267 97.0011534025 98.7089201878 93.7047353760 106.1868686869 100.1786777844 98.4777517564
79.1902071563 84.4377510040 79.5271867612 76.8036529680 86.6563626996 82.2493887531 83.5984095427 90.0428265525 86.7905056760 87.4220374220 90.8698001080 81.9288845592 86.7457452295 84.6502264721 89.7545357524 83.8484546361 84.8209783157 85.9039836568 87.4220374220 83.1849653808 86.3006670087 85.3807106599 85.5979643766 84.6076458753 79.0785143394 81.7695673311 84.3107769424 82.3299069995 85.6415478615 78.1598513011 79.6401515152 85.0353892821
75.3584229391 76.0741745816 77.1913721891 78.1235485369 76.2811791383 76.8738574040 76.3157894737 73.8691260430 74.0969162996 78.0148423006 76.2466001813 75.8682904826 76.4198091776 79.5648060549 73.3856893543 74.5898004435 68.0696074464 69.8215026982 64.9420849421 68.1247468611 66.6402535658 68.7653311529 68.5411572942 69.0759753593 67.8773204197 68.0971659919 68.5690990624 69.7057604642 68.2352941176 68.8779688780 69.5904013240 64.9922720247
89.2307692308 89.5633652822 85.3807106599 92.1643835616 84.9494949495 84.7782258065 90.0428265525 87.5130072841 91.4130434783 85.9918200409 83.5984095427 86.5671641791 87.3766233766 86.5226337449 96.3896848138 95.0819672131 111.0964332893 103.3169533170 111.6124751161 103.5714285714 107.2704081633 104.2777433354 104.2131350682 102.3737066342 110.1506221349 108.3065035415 100.7789095267 104.6019900498 102.1871202916 105.9193954660 106.1198738170 111.9840213049
85.5109303508 87.2406639004 90.7227615965 88.2939632546 88.6663152346 92.7744070601 89.0418210693 88.4332281809 91.1159263272 92.9281767956 95.2974504249 91.6621253406 89.7545357524 89.6110815131 86.5226337449 87.6955161627 83.7232453957 85.4240731336 89.2307692308 87.8328981723 85.0353892821 84.1420710355 82.6129666012 89.0418210693 83.3911750124 85.3807106599 87.5130072841 87.6041666667 82.2091886608 87.1502590674 83.6399801094 83.7649402390
75.4598474652 80.1333968556 78.9300797748 74.7223456242 77.2977941176 72.9085392284 74.3918620080 74.8220640569 73.2578397213 72.6565874730 71.4832129197 75.6635177688 74.1949713277 76.0397830018 73.4177215190 73.6105032823 68.4017893453 67.7679290894 66.6402535658 67.4959871589 68.7372292603 69.0759753593 70.9106239460 68.6530612245 68.8216039280 68.3184402924 72.1578721579 71.3921901528 74.3589743590 68.3184402924 69.5904013240 68.0145572180
95.7858769932 87.5585632483 90.1876675603 86.4781491003 92.0131291028 95.0282485876 91.7121046892 90.7227615965 97.6204294835 88.6663152346 91.8122270742 91.6122004357 92.3161361142 91.3137893594 94.8139797069 95.8950969213 112.5836680054 109.0084251458 111.3170086036 103.6352433765 103.2535297729 106.2539481996 98.7089201878 104.2131350682 105.9193954660 109.1499026606 102.1871202916 100.7185628743 103.1269160025 107.6824583867 105.9861373661 108.1672025723
89.0889830508 93.9140145170 90.7717215326 96.0045662100 90.4301075269 90.8207343413 94.7072072072 91.3633894622 87.9247255619 92.2654964344 89.8504273504 92.5701706109 89.7545357524 90.0428265525 91.8623702895 91.0173160173 87.0600414079 91.1159263272 88.7130801688 93.5483870968 92.9281767956 88.8536714210 93.7569676700 91.6122004357 88.0167451596 90.3815153143 90.1876675603 89.2781316348 87.1954380508 92.1643835616 91.7121046892 90.7227615965
83.3911750124 81.6108685104 77.0499312872 83.5153922542 85.7725650178 82.6535626536 84.9494949495 84.8209783157 93.2372505543 84.3530591775 89.3730074389 85.7288481142 93.7047353760 85.7288481142 92.5701706109 85.9478794073 77.1559633028 78.1235485369 74.8553627058 77.8343359556 77.6546629732 80.8653846154 81.2953117448 81.9688109162 75.1899865892 74.0316901408 76.1430511544 80.9821858450 76.0397830018 70.6722689076 76.2466001813 72.7194120190
95.6225127914 102.6235509457 103.0637254902 91.7621385706 93.0824571112 101.5087507544 98.1330221704 97.1692663200 90.4787520172 95.3514739229 92.4683892248 90.5761981691 90.2360515021 91.6621253406 92.4175824176 93.6004451864 108.3065035415 113.1136516476 112.3580494322 108.9378238342 104.6670815184 99.8219584570 100.3579952267 105.5869428751 108.3065035415 104.4720496894 110.0785340314 113.1897711978 104.6019900498 115.8402203857 110.3674540682 115.4426904598
82.1289062500 87.7870563674 89.4680851064 90.3329752954 88.6663152346 85.9478794073 90.3815153143 81.0211946050 87.6498176133 89.6588486141 90.6250000000 91.3633894622 85.7288481142 92.2149122807 84.2263395093 89.2307692308 85.3807106599 84.2685370741 83.0617283951 83.1438457736 84.0579710145 85.3373921867 85.2941176471 82.7755905512 85.2508869742 88.1551362683 87.6498176133 85.1214574899 85.3807106599 85.2941176471 84.9066128218 85.5979643766
90.3329752954 88.4797475013 86.0358056266 87.0150025867 85.0784016186 89.1361950185 88.4797475013 92.6211453744 89.1361950185 85.7725650178 86.3006670087 85.6851757514 85.7288481142 87.4220374220 94.7072072072 86.9700103413 83.1438457736 83.9321357285 85.9918200409 84.1841841842 83.4739454094 89.6588486141 83.7649402390 83.3498513380 83.6399801094 81.2168034766 84.3107769424 86.2121988724 83.1849653808 84.6928499496 81.4922480620 76.8036529680
88.8067581837 93.2889628397 91.7121046892 89.8504273504 93.8092582264 93.9140145170 90.3815153143 92.3161361142 97.4507531866 98.7668819730 90.8207343413 98.1903093987 99.2330383481 93.0824571112 91.2642430819 98.7089201878 106.9974554707 101.7543859649 109.9346405229 102.1871202916 111.1698612029 99.5266272189 101.2642986153 107.6135636596 104.0841584158 107.9589216945 101.9393939394 96.7222541691 99.7627520759 101.3253012048 102.3114355231 108.2368082368
