0.9999960195838070
0.9999955166161698
0.9999955719826381
0.9999936442843776
0.9999945613042254
0.9999934822703743
0.9999910690495682
0.9999962498237146
0.9999970707838549
0.9999957750813110
0.9999973222700496
0.9999955188029411
0.9999968474296284
0.9999976847411910
0.9999956583505575
0.9999964963476734
0.9999823062888250
0.9999878479441363
0.9999841022019512
0.9999907362021704
0.9999908072491838
0.9999909160959548
0.9999928271266814
0.9999891577553706
0.9999884267299197
0.9999892092764069
0.9999907147330701
0.9999897794159265
0.9999889557443822
0.9999862297041966
0.9999894875445060
0.9999787717986939
