50.3333548045 50.3712596018 50.5937577327 51.7387293963 52.4145469567 49.2720023017 51.8468572058 51.7051149110 51.5652436154 53.5121632680 53.2790869596 52.3032348776 53.1402532996 52.5656082591 53.4180111672 52.2374135570 51.1742832432 51.2972727909 51.1565490537 52.8299430441 53.2459218021 51.5378249161 52.6291079834 52.2157331948 51.5088199000 50.1376026350 51.6662001343 49.8656387747 50.7977937680 51.7256229338 50.4459544657 51.0715306918
29.4942788742 26.1269237218 30.0330939269 26.6570855553 27.3575545189 30.0166039453 28.8131367232 32.1312027783 31.3913505457 30.7754646330 35.9958463880 30.7683499089 31.4958316042 33.2464899414 27.5154598625 32.5803025083 36.0398017714 33.9438309783 28.4211567056 31.9257351937 35.4878590446 35.0433559922 33.6323086698 33.3947504884 32.6915183874 28.5366989651 24.8360103734 32.8315584952 27.7311783310 29.1045389735 28.9883792354 25.1566654122
11.7227991885 14.4613262677 13.7613884491 11.8744057071 9.0070933451 11.3515905981 12.7653716321 13.5616747336 14.3254169953 10.0574507593 13.2552231583 13.6355444669 13.9945094986 11.9208212996 14.1943022166 14.5561706503 13.0681871762 13.9600157813 12.6814518722 11.8338950004 12.1080961222 13.4771883765 12.7832488150 12.8868184591 12.6697138889 14.4709258674 13.3714455358 13.7529887608 12.2561806202 15.0786834352 13.8186818274 13.4402147758
4.5961655784 3.5911976669 4.9292253715 4.5570437965 4.7817486065 4.3547487163 4.4136105161 3.9721378790 1.7836341876 2.7525282543 1.5422423161 2.3101468311 3.2281558815 1.7914103203 2.0222652047 0.6034547546 0.6571224889 0.4999253289 0.9191695134 1.4408381324 1.6896433402 0.3918751676 1.3286718266 0.2948632603 4.0799274558 4.5038045309 5.0254027260 4.0308710000 4.6948764402 5.4675196022 3.3020970003 4.2005549034
3.1262170482 2.3388278261 2.4737956283 4.3828392421 3.7506624936 2.1621971580 3.6731523516 3.3294714973 5.0917944263 7.4304184039 5.9426365821 5.0405342175 6.2452272597 4.5942263478 5.3577479108 4.8877317184 4.9266115478 4.4969772298 6.0012805556 4.8598320705 5.3366650584 5.1857795485 5.8032568456 5.2827840553 4.1608033221 3.0018866439 3.5863663936 2.3541980867 2.7912414578 2.5886554530 3.4796063627 2.9636114680
1.4047713816 3.3344795947 0.5354609736 2.2448473273 1.2853786922 0.4341479181 0.3346927638 0.5966948619 1.7149783231 1.9819758694 0.9764356872 1.9232778842 1.8945566479 1.9508260789 2.2697215834 1.3632127759 1.4407873688 1.6369279614 2.3721494806 3.1389751797 2.5638053399 2.4933003587 3.5863827163 1.7142383554 1.3550481940 1.2986728410 0.4565697099 0.6561642002 0.5668971103 0.8942108439 1.5642732150 1.5616401474
0.3374695386 0.3483386303 0.3756288582 0.2808233735 0.5045823244 0.8265952652 0.7865023394 0.0888610754 1.5460886995 1.0407107088 1.8042855646 1.1480492076 1.7189894519 0.1751973562 0.3324345268 0.9814135518 1.1788301366 1.0593296443 0.6316118869 0.9359573297 1.6581323272 2.3855976295 1.8273381136 0.7370790327 0.4722281343 0.3818423362 0.0243454431 0.5032578822 0.4891444604 0.2949873718 0.2025572751 0.3123419714
0.7061552748 0.4787673903 0.8332164423 0.9821532097 1.6396002935 0.6063490539 0.7433089333 0.2283581571 0.1244882130 1.6730159369 0.6994223246 0.7371738519 0.0267858658 1.3283199844 1.2615426128 1.6185142806 0.3181690561 0.7903751467 1.4668732620 2.0734445133 1.2548723264 0.5513851279 1.5087472145 1.6068841745 0.4989932920 0.4181243079 1.4458157626 0.5507633856 0.7949197657 0.3623679009 0.7850059037 1.6452651438
0.7398723357 0.5900901522 0.1671406176 0.0071356375 0.9926269870 0.2951082892 0.6401437360 0.0413446461 0.6030105031 0.7105360856 0.1738645186 0.4143186392 0.0161041865 0.1371460795 0.2612690159 0.1056728738 0.6337541665 0.4525063074 0.2845020400 0.3503969123 0.1685837074 0.2112700197 0.1915349901 0.3447526202 0.6249587648 0.9549442509 0.2131123929 0.6652787995 0.0709523260 0.9447494602 0.5303341151 0.0878754591
0.6382194449 0.6156152000 0.4295270358 0.2558297547 1.1840586090 0.6817717483 0.0687322024 0.3747222183 0.6536714792 0.4285102534 0.4685776445 0.3952387152 0.5117895463 0.0960819560 0.9822125887 0.1885538960 0.4378249866 0.0146806012 0.1483884612 0.4111570271 0.0730979272 0.1004345252 0.8492866502 0.5151723212 1.1667632713 0.8168083768 0.4727522403 0.5942756601 0.2008377355 0.4633470150 0.8058208276 0.0327894413
0.2067721117 0.3899719927 0.3335471441 0.7238863265 0.3006619857 0.1320470513 0.0923535040 0.6034532685 0.2028478329 0.7389628288 0.5257299315 0.8690062249 0.6116692797 0.6456338292 0.0081617142 0.3498259407 0.1084750394 0.3745703467 0.5220392597 0.5020578634 0.3606019694 0.5768262548 0.5513529724 0.4267204601 0.1355553531 0.2319519073 0.0091027443 0.2552233437 0.4526875570 0.0276624624 0.0437595629 0.2055223531
0.1151400457 0.0935935199 0.0169882193 0.0350303291 0.2679039462 0.0344821947 0.3188221205 0.2130157871 0.9466145531 0.0612805402 0.5649435965 0.0663801798 0.1883543638 0.3670035048 0.4748351958 0.1224417509 0.6629737999 0.2326076034 0.1082020633 0.0823067902 0.4381090539 0.5116188427 0.0624756515 0.1074944151 0.4486153158 0.1017648692 0.0354940603 0.4104286834 0.1460655870 0.1377568321 0.0963445922 0.0167697633
0.5133322269 0.4484279276 0.3816620424 0.8070380960 0.7501772144 0.3795524264 0.4220900916 0.5721575133 0.2956457554 0.2599885556 0.5712893523 0.0930437956 0.1709833291 0.2245097739 0.2698864249 0.0081164067 0.6760882994 0.2593236171 1.1666439169 0.6553244664 0.6908750527 0.5630636085 0.6070433994 0.4748274705 0.7248086171 0.3887605485 1.1367411553 0.2142502495 0.7860847809 1.0740625408 0.5629264638 1.5633767878
0.7094459624 0.5894931889 0.8495056250 0.6618512033 0.7108246160 0.5803552808 1.2376118882 0.0243350910 0.5850892212 0.6805321820 0.4409160708 0.2620405827 0.4177003718 0.7077806345 0.9441730152 0.7337487096 0.3261441014 0.0078023818 0.2816703602 0.4413745558 0.0443668788 0.1320287852 0.4885651637 0.3470996514 0.0542004916 0.0659117159 0.3315650354 0.0041831251 0.1792368620 0.2816346053 0.0466860347 0.0788308528
0.2997558590 0.4405637327 0.2969720213 0.4255729285 0.3192115847 0.2031821977 0.1965834780 0.3778679843 0.7550386576 0.1984245470 0.4885906982 0.3188301859 0.2033772576 0.6678051471 0.1970236102 0.3301213825 0.2730996458 0.4133087799 0.4898870579 0.7191755553 0.3620117046 0.1315586964 0.2979471787 0.4874021489 0.5802581201 0.4392656251 0.0813111817 0.4762664410 0.0565932719 0.6470597659 0.5163457366 0.0604075307
0.1056946887 0.2509153890 0.1928103632 0.0420236033 0.1088653053 0.1374796004 0.5235059125 0.2195141659 0.8212520980 0.9094337241 0.4889097377 0.7028033328 0.1867767209 0.6455544901 0.3390661376 0.3717788322 0.2321194133 0.0103309640 0.5299025062 0.0013006070 0.2616780884 0.3874939188 0.0516159938 0.1361631949 0.0558752187 0.1345772136 0.0668584625 0.4020237469 0.2135965170 0.1497038632 0.0891612452 0.1177566233
0.3347664226 0.3309241150 0.4136477490 0.4874335368 0.7261834492 0.7319003519 0.5627608520 0.1746297231 0.1943496445 0.3856865703 0.0465176344 0.5578533119 0.3130745458 0.0552469682 0.1577819312 0.0359817656 0.4003145104 0.4533520196 0.0494788191 0.2616669420 0.3233144835 0.0195636622 0.2486961951 0.3917539687 0.2564389894 0.0013975706 0.0351200916 0.2587015968 0.0558215542 0.2508539230 0.2952957566 0.4006309064
0.4533568754 0.2823508949 0.3001834941 0.0604305708 0.6240396891 0.0407356984 0.1234696749 0.4877706087 0.4816797006 0.2327596306 0.7128487271 0.4821290148 0.9079823528 0.3013646148 0.9053105767 0.5087420008 0.2896819260 0.3300567890 0.7597181386 0.5344978224 0.9845532857 0.4189924474 0.8221933081 0.7203646666 0.5211247780 0.0775642173 0.5319574814 0.2893139528 0.6885268532 0.4308461079 0.7692921952 0.4485295099
0.1011876683 0.0284191446 0.0346702996 0.7371403181 0.6047774058 0.1200658486 0.2534424501 0.3769235249 0.4430863046 0.6633615716 0.5579327716 0.0440051088 0.0852562097 0.1661431669 0.4295983150 0.2042800382 0.1489788029 0.2903071601 0.1022176263 0.0773188809 0.0953685599 0.2988327438 0.1375036431 0.0386564987 0.6239130859 0.5295974813 0.0305878117 0.4036328135 0.1227394795 0.5614059060 0.0074106901 0.1087854085
0.0070544317 0.1879851123 0.5414513979 0.5326604379 0.1863562556 0.2222813577 0.1255312598 0.5500533175 0.4045976133 0.6764063143 0.8397721746 0.3542383631 0.2716022983 0.4610803974 0.5216046432 0.2360128260 1.0166190212 0.8896233279 1.4659515641 0.9886787408 1.2925433230 0.9766802395 0.9468302736 0.8949555307 1.0848764363 0.8309944451 0.6278337020 0.7820543554 0.8481296479 1.1422259860 0.5477840665 1.3608633086
0.5850340981 0.5615369848 0.9651393838 1.0600994663 0.7025472662 0.5849235426 0.1097455431 0.6668235966 0.6670040110 0.4203504979 0.5973031261 0.5537306860 0.7428257811 0.3265730810 0.9291619615 0.6649716650 1.7121169740 1.4787274481 1.5596938710 1.7140308441 1.6187063090 1.4190851494 1.4548884593 1.5278279328 1.3540891869 1.7006873304 1.4914541650 1.4205879659 1.3197483067 1.6940441187 1.4403270781 2.1331371839
0.8546703706 0.1049082046 0.2795858087 0.6754719897 0.2962559136 0.2954898973 0.5102203163 0.5703545988 0.4018669451 0.4912957756 0.3960475804 0.6344645465 0.3364500386 0.2461923899 0.4950134224 0.3570942312 0.7106493863 0.4223688162 0.8185390434 0.5861286195 0.8058287969 0.4104219245 0.6887509519 0.4568502512 0.9470351562 0.6482241138 0.8476680031 0.7817496675 0.7395037689 1.0362648253 0.9406854182 0.9481841694
0.0311352486 0.0867728746 0.0223927542 0.1925390792 0.4707999100 0.0593110500 0.1163458837 0.0074250260 0.1737477575 0.0469211997 0.1662951226 0.0867484022 0.2219433518 0.3854706018 0.3353958305 0.2037573061 0.6822321094 0.4847528316 0.5803768889 0.8722521655 0.3892237766 0.5495220920 0.7483758524 0.6482925995 0.4187062177 0.5214582189 0.2796615719 0.5960854856 0.4379157733 0.6714565080 0.4716496142 0.5788539079
0.4863295148 0.4703959792 0.5130560821 0.1729160176 0.0901875499 0.0840209489 0.3203014551 0.5789761225 0.2937931156 0.0696511967 0.6746401002 0.2296909201 0.4014150993 0.6990153428 0.6014537759 0.0946801092 1.5268680898 1.2913799123 0.9000216090 1.2851771556 1.0681606049 0.9912787592 1.1500320529 1.0757918026 1.4715024515 1.3461808447 1.1972874547 1.4220373157 1.2792332783 1.3630195194 1.3629052263 1.7509359678
0.8816202593 0.9396238742 1.1437413390 0.9379484080 1.2217571992 1.2034373887 1.1840648019 0.6517763018 0.4414946326 0.7396412490 0.5113884104 0.9963206034 1.1870693614 0.6865561013 0.7915124524 0.6313657508 1.1263414079 1.1649075737 1.0112767006 1.3548691300 1.4657878932 0.9205401223 1.1322656465 1.0843363513 1.1238467341 1.1897056811 1.4236323609 0.7017943949 1.1393524698 1.2146036236 1.1082564188 1.3642139685
0.0796619943 0.1225683628 0.1862971835 0.3296246237 0.3323574856 0.1063196452 0.0983383113 0.0905535347 0.2630826107 0.1323443906 0.2217861070 0.0558948493 0.3492553584 0.1123196886 0.3638344355 0.1035805744 0.4567067614 0.3342183440 0.1677639010 0.1656808160 0.3347824183 0.3263694084 0.0370756187 0.3176517188 0.2428796410 0.2571236754 0.2154153516 0.0305398319 0.2144974464 0.1986462003 0.5097092576 0.4600343433
0.5673725735 0.1176887768 0.0745592119 0.6524502699 0.0703530158 0.3316456461 0.2685513838 0.2628772408 0.1579102993 0.1651597964 0.2889676860 0.3638034319 0.4705962670 0.0110602871 0.0630439487 0.2621658795 1.4668334994 0.7442855040 1.2075172083 1.0029690498 1.0825142300 0.7931813537 0.5196691282 0.6294024923 1.3228815803 1.1622002326 1.0753431123 0.9666766263 1.0354489853 1.6874109999 1.2021278090 1.7176915522
0.5349923643 0.2551290711 0.2250058777 0.5590534790 0.0911119216 0.1301421424 0.0122982895 0.1534404732 0.1300427603 0.3316411759 0.0640879687 0.2744883542 0.0485186903 0.0051272157 0.1520431216 0.2222190311 0.6926148211 0.2695075730 0.6392578277 0.6090220393 0.3451794342 0.1928663835 0.3446599448 0.3268194457 0.6436383434 0.3110042595 0.5103455967 0.7880606900 0.5181431655 0.7857685789 0.6197995820 0.8507292359
0.1948701719 0.0866112628 0.0875434587 0.3460791212 0.1190783593 0.0486196255 0.1019922507 0.0439536430 0.0154027880 0.2549973790 0.0381510761 0.3135103511 0.0311638413 0.2683840638 0.1294138363 0.0733241754 0.7591231659 0.4658737021 0.5184118220 0.4684804979 0.3820563413 0.2372837639 0.4396092103 0.2080121012 0.6423823713 0.7022770090 0.6300185897 0.5986763642 0.5217854105 0.7426277390 0.7871887541 0.8878277610
0.5975486506 0.6883433447 0.6781503839 0.4901736023 0.8303218301 0.7529835126 0.4801498097 0.4417287414 0.4823484031 0.3107777000 0.7551557258 0.3269861921 0.3102606317 0.3673065428 0.6939420978 0.4707844582 1.2529213344 1.1039519934 1.2404671220 1.2815182159 1.0915738587 0.8120024482 1.0134669550 0.9610909423 1.0860429786 1.0254176152 1.1262880468 1.0654952059 0.9016265657 1.2200749912 1.2905334907 1.4228450136
0.3497388118 0.1464592277 0.1241921214 0.3817902661 0.2871093024 0.4371825551 0.5650403957 0.4555440478 0.2597748893 0.3179870625 0.5333992946 0.7043597095 0.4336159484 0.4974803260 0.1240155842 0.4014447503 0.3674135235 0.3590443380 0.6974688941 0.4295902631 0.5402446648 0.6412662345 0.3705634933 0.4594304295 0.4896126147 0.6540659633 0.4763346730 0.3528658938 0.4366371722 0.8061008188 0.2757553450 0.4172575066
0.4786417172 0.3539423058 0.3000950466 0.4371481684 0.5078669223 0.4218177525 0.5403390884 0.0636438576 0.4042484267 0.7685188211 0.4979875926 0.4846884494 0.4744350756 0.5186738290 0.5936377903 0.4233203660 0.0975504143 0.0359107470 0.0187437909 0.0445793324 0.0400353184 0.0565855408 0.1487727651 0.2931521421 0.0951225921 0.0671157775 0.2488243979 0.0820091899 0.0119627624 0.0305117944 0.0317768592 0.2054058619
0.2206803916 0.4456638583 0.2142623659 0.3968277674 0.1376404267 0.0831338862 0.2725234608 0.3736973069 0.4468207074 0.0722052812 0.1162558955 0.3478977343 0.3382625580 0.0282207051 0.1429893412 0.3993166626 0.6397083550 0.5444373125 0.6989407899 0.7147323053 0.6131005389 0.5612247430 0.5111961853 0.3994991222 0.8290405664 0.7529229693 0.6742774136 0.7170709368 0.8711355899 0.8335059057 0.8464877886 0.9577544638
0.3480087266 0.5672644472 0.5373938908 0.2599662190 0.4991594009 0.1861222322 0.5924343709 0.3414022972 0.2608948821 0.4267559191 0.2250940654 0.4476085721 0.2888176580 0.2617706281 0.4519825522 0.4871465679 0.7068953394 0.7475131905 0.8497141440 0.7508645511 0.6457226297 0.6649622997 0.6767906239 0.7534583316 0.6118059031 0.8104387687 0.7731344117 0.6195235475 0.6549577169 0.6982165531 0.5196499000 0.7012324988
0.2395137087 0.1890117582 0.2289132103 0.2539570548 0.2613635965 0.5120141029 0.1092326312 0.0768465735 0.0236619392 0.0480950569 0.0600336941 0.0676467748 0.2911999233 0.1431355115 0.0998243878 0.0007901337 0.2276937384 0.1784253974 0.2096555718 0.3952416271 0.1913753206 0.2553548687 0.1727945092 0.3038938147 0.4179056919 0.2074545395 0.1530545253 0.2587230688 0.2424826532 0.2521390372 0.4031821739 0.3930038952
0.2205014513 0.1584525783 0.2770026194 0.5018000833 0.1682485555 0.4031274053 0.6128509046 0.3133691524 0.2033462086 0.2564641893 0.0676162765 0.1270485056 0.2633905506 0.1172827558 0.0320979143 0.2660132592 0.7389844231 0.3893131424 0.8108880837 0.6343138941 0.3713378786 0.6328198238 0.3588144046 0.3273037168 0.5432940399 0.7302143955 0.4398686978 0.5182591611 0.5789274428 0.6171438193 0.5009466067 0.6900065981
0.1164314631 0.2550800110 0.0858743792 0.3411159288 0.1358645828 0.3297953637 0.3792427586 0.1356507375 0.7319667963 0.1493683661 0.3361399667 0.4104259358 0.3212357832 0.1342673712 0.2388428969 0.2364866918 0.6347311103 0.4978398940 0.6166574857 0.5854795162 0.4949530386 0.4248714716 0.3383717317 0.2382339125 0.4886977783 0.4212159601 0.7303647550 0.5015088497 0.6305340893 0.4857151640 0.6663145133 0.7954560787
0.1299076445 0.1666963295 0.2245933735 0.4260026621 0.3023749219 0.1912738895 0.4059572709 0.0947989384 0.2025305984 0.1558899929 0.2236181099 0.0935458461 0.0919582673 0.0939274940 0.1862169155 0.1636870819 0.1499123733 0.1586160925 0.0025342635 0.0171136848 0.1503326248 0.0475920405 0.0918233496 0.0667881490 0.0771459264 0.0012666768 0.0360621364 0.0475715327 0.0130056564 0.0325924732 0.0593893073 0.0551428375
0.1428763582 0.3003261046 0.2716659075 0.2997453709 0.0270341698 0.1820818748 0.1986229583 0.2773966199 0.0795080619 0.1248495907 0.0025779181 0.3267531080 0.1691738124 0.1542308269 0.1288321420 0.0977327256 0.0210781567 0.0894296766 0.0513343319 0.0034541533 0.0976806467 0.1646680273 0.1863520750 0.0015602883 0.0987945247 0.2488046868 0.0386876727 0.0496600561 0.0972572649 0.1314965804 0.2094549117 0.0548917780
0.0917100712 0.0862205140 0.1537886800 0.2840102488 0.1973747327 0.3461372396 0.2009500357 0.0632652002 0.0438671049 0.0514767895 0.0219863670 0.1596015851 0.0479843344 0.0003714225 0.1266411258 0.1337709422 0.0550455644 0.0824321844 0.0930204928 0.0941147821 0.2616810744 0.0142041835 0.0605553717 0.0181862712 0.0475088585 0.1108040272 0.0036542718 0.0941681522 0.2658723134 0.0315177498 0.3288254111 0.2727672555
0.1759448822 0.3166645205 0.2613273932 0.1961800823 0.1450775119 0.1819975560 0.4448375219 0.3098385067 0.1388513820 0.0950409155 0.0100640154 0.1633827566 0.2083439896 0.1885725401 0.2780116673 0.2621287444 0.6599947855 0.6217352904 0.6403043406 0.5880382369 0.6900748455 0.4772628834 0.4434294635 0.5116595647 0.6620100959 0.5990315625 0.7499657169 0.6953921684 0.7731599057 0.7839554768 0.5722405309 0.8459839111
0.1040927745 0.0017996797 0.1475913110 0.0459007508 0.1702027267 0.0868111775 0.0899938644 0.0967846524 0.0131784730 0.0412405748 0.0046477133 0.0272736598 0.0566553936 0.0931939129 0.1323753011 0.2042427483 0.2447321158 0.2673979284 0.2521427338 0.2503775093 0.1261418918 0.1644460751 0.1334044359 0.2397273084 0.1872445403 0.0647213270 0.2153174516 0.1599185428 0.1473458032 0.3370749479 0.0442851774 0.3304557058
0.0893144664 0.0262919767 0.0518305035 0.0895959838 0.1170556490 0.0232759894 0.1899357956 0.2315729689 0.0204432323 0.0178952306 0.0274751551 0.0746469524 0.0382153015 0.0002870093 0.0427203939 0.0295696306 0.3259662991 0.2966526932 0.3444507858 0.2334839519 0.2287215499 0.0483432499 0.2268156861 0.2895455626 0.2517535062 0.1830672351 0.2865794107 0.3197609278 0.2897614911 0.2331805085 0.3687206916 0.4113532309
0.0622282849 0.1209162248 0.0083225515 0.0331335794 0.0098969410 0.0150677764 0.0718733216 0.1328699120 0.1416769950 0.1637409150 0.0014396018 0.0019286488 0.1825622692 0.0871264711 0.1459517306 0.0815521229 0.2572831891 0.1515874999 0.2425036238 0.2344984779 0.1606631015 0.2076080318 0.1526289565 0.1720822614 0.2177451837 0.1454506968 0.1144346177 0.1817207785 0.1494808831 0.1868574528 0.4488848984 0.4538193386
0.1349713794 0.1123020110 0.1967657580 0.3031530979 0.3560155011 0.1155384213 0.0964781141 0.0626122849 0.0790655046 0.0985628572 0.2309494645 0.1376907200 0.0338315077 0.0598697961 0.1227689754 0.1136128323 0.1080764192 0.0323301942 0.0079663933 0.0492094988 0.0472136728 0.1138093008 0.0915080495 0.0317396576 0.1184151434 0.1140566523 0.0233307378 0.0025487797 0.0657728778 0.0830520075 0.1043305316 0.1575206189
0.0652171439 0.0193061320 0.0357992550 0.0303533085 0.1016021977 0.1187534887 0.1727421672 0.0690068415 0.0062770107 0.0752989333 0.0244988665 0.1058872601 0.1468267807 0.0634028989 0.0199342783 0.0266257770 0.0998976325 0.0348268002 0.0070387481 0.0475319957 0.1280739417 0.0046316828 0.1279034317 0.0413307240 0.0936602209 0.0853134602 0.0190675932 0.0559967275 0.0872021630 0.0916312708 0.1246127709 0.1218015236
0.1064472841 0.0761895340 0.0540225815 0.1417744984 0.0725902088 0.1900618332 0.3110587258 0.2795250078 0.0006328188 0.1442702589 0.0549200172 0.0417344275 0.0058449627 0.1025538120 0.0508491508 0.0432416433 0.1141722639 0.0495246741 0.0282014384 0.2175007165 0.1010755568 0.2528961312 0.1146198829 0.1759778939 0.1512593929 0.2006982225 0.1598267070 0.2104708307 0.1599882334 0.1943175795 0.1565600634 0.2035624589
0.0504384004 0.0318442197 0.1179763115 0.1147433654 0.1267248230 0.1064739732 0.0157340117 0.0679131968 0.0863630319 0.1038254973 0.1109093319 0.1301276928 0.1355898562 0.1543928743 0.0200155016 0.0187013439 0.1971383474 0.1685871742 0.1549745041 0.0557171011 0.1174983636 0.0884452590 0.1301167633 0.1747983919 0.1715810398 0.1600877352 0.2671801093 0.3084125724 0.0193257902 0.1111677821 0.1338848617 0.2397916582
0.3415893196 0.3648419244 0.4079303261 0.1760928413 0.4132193643 0.3378366739 0.3825550767 0.3744009357 0.1971972764 0.2547129189 0.2338237535 0.3002439688 0.3120638541 0.1575771748 0.2212212547 0.3145770064 0.7630435080 0.6119347545 0.6711330654 0.5690582631 0.5601602596 0.5588129515 0.4859725286 0.5060970855 0.5578365306 0.5515730103 0.6308812365 0.5111870124 0.7169712233 0.6271368373 0.6330816441 0.7360043012
0.1004460246 0.0200924292 0.1085124423 0.0935879282 0.0960861929 0.1572733496 0.1061995745 0.0570554016 0.0657801068 0.1224307109 0.0260286103 0.0852384811 0.0673026892 0.0480548908 0.0027002085 0.0264469323 0.2409460957 0.1048895322 0.1928073472 0.1004527728 0.2123979280 0.2200177429 0.0470118204 0.0484719364 0.2095226061 0.1301039536 0.0684628635 0.1836372342 0.1954512355 0.2381343895 0.1397404459 0.1403553451
0.1499791158 0.0324250754 0.0505506837 0.0234088750 0.0453314542 0.0690722485 0.0750895307 0.0074973047 0.1028629443 0.1149062671 0.1661078752 0.1247891867 0.1545079121 0.0336053837 0.2943433627 0.1697546245 0.1223221696 0.0319720747 0.1732216977 0.0862548281 0.1641381320 0.0683315974 0.0761404809 0.1089449755 0.1551524255 0.1539672210 0.1205042296 0.0110528855 0.2590878691 0.0512930283 0.1407001765 0.0849303174
0.1654097972 0.2075447587 0.1139046293 0.2439137285 0.1401336850 0.2095216924 0.2255191794 0.2187627743 0.0581742888 0.0793540580 0.0637747484 0.0284098199 0.0264480923 0.1000294139 0.0567222623 0.1817854372 0.3454575399 0.2836186760 0.2959462769 0.2678389615 0.2562671929 0.2095860647 0.2543656925 0.3148523084 0.2764408142 0.3281602023 0.4346785320 0.3748933197 0.2601199130 0.3420665012 0.3485081072 0.4535080164
0.2670572725 0.1472226846 0.0735878118 0.1359457535 0.0595664607 0.2648623670 0.1261266551 0.1413805044 0.0331511078 0.1262655563 0.0733010457 0.1061051145 0.1450567255 0.1028173501 0.1591542928 0.1563030484 0.3233634986 0.2340409530 0.4033005430 0.2194635221 0.3130892383 0.3094880915 0.1961567785 0.2611643357 0.2782932085 0.2667484595 0.2518818063 0.2141933804 0.3550153856 0.3347793724 0.3070705720 0.3115079851
0.1982924801 0.1273769435 0.2002347810 0.1343509339 0.2255166776 0.1371055952 0.2392661900 0.1665437345 0.1821081939 0.1776542569 0.2515637815 0.1767107742 0.1937757087 0.0747161494 0.2591261681 0.1831406495 0.3863482591 0.3783874430 0.3272822194 0.3799249447 0.3021848310 0.2262716025 0.3378685216 0.3213804418 0.2325367382 0.3314007669 0.3929309485 0.3158505333 0.3222372023 0.3023756216 0.4498005313 0.4679991001
