0.6282891053
0.3451510527
0.8905643317
0.8016375244
0.0993626311
0.0677098512
0.2075360895
0.4238833597
0.2444514051
3.3838227162
3.6975239212
2.1991104819
0.3015200385
0.9995533361
0.8794138223
0.9094878408
0.0637324196
0.5109907783
0.0388732364
0.0111071341
0.0236798757
0.0405062570
0.2010625466
0.5552138685
0.3330980890
0.1860787297
0.0749190111
0.1555987508
0.1420028076
0.7376408439
0.4327383687
0.1165679344
0.0582198116
0.0947281381
0.1351585699
0.2178847074
0.1532418269
0.0934181415
0.3325864842
0.2047975507
0.2877671388
0.3891754413
0.1803986818
0.0286533100
0.6219299563
0.0953524696
0.2197684139
0.0039294999
0.2409057689
0.1611510493
0.0039073678
0.0034596963
0.0969165408
0.0969165408
