0.9999947789511425
0.9999970170814891
0.9999950039282418
0.9999952578901854
0.9999934107788148
0.9999961052718085
0.9999938749364982
0.9999951316207810
0.9999977924709600
0.9999955769992540
0.9999951054711963
0.9999970231176136
0.9999968374620032
0.9999959614007153
0.9999960939110795
0.9999962220327245
0.9999833905682796
0.9999855111463944
0.9999806633309636
0.9999862384950895
0.9999864266404912
0.9999892881443839
0.9999903204233426
0.9999905066636753
0.9999855264880653
0.9999864339567660
0.9999883262787717
0.9999869291942663
0.9999868733389382
0.9999807165828143
0.9999870032390301
0.9999762601168998
