14.9169600157 14.5868831231 14.6389476182 14.3493432665 14.6042444614 14.3952802512 14.1106883015 14.4027114802 13.4356126095 13.4121454233 13.7560534538 14.2557705628 13.9904776674 13.5322194108 13.7964201910 13.8161123699 14.1492157691 14.1756088465 13.6715084566 14.1439297547 13.9758927620 13.7986612686 13.3760877957 13.6127447186 14.1225695900 14.1505107056 14.1409741692 14.3238291231 14.5137919362 14.1681839388 14.6252885522 14.0913770826
13.0799316755 12.6417592659 12.5486332771 12.8411925361 12.6264425027 12.9190339274 13.2192688138 12.9485833391 13.5823608108 13.8587781363 13.3500334463 13.3164742497 13.2004322792 13.4732041820 13.4211597000 13.1882134197 13.2922090632 13.0621211127 13.6262931396 13.0444904486 13.3317909854 13.3468619588 13.4639190404 13.4134677762 13.0099302740 12.9138039155 12.7488799373 12.7835739740 12.5049197498 13.1334956317 12.9251770783 13.1535177329
22.6058756136 22.7794230275 22.9696990550 22.3837613757 22.2805899731 22.4858541463 22.1664900178 22.1428703037 21.7865346622 21.8076048774 21.8711737758 21.7802241718 22.2788558284 22.1153186457 21.6330628910 22.0935469672 21.7985078370 22.0606775131 21.9300415017 22.1290876500 21.8971695623 21.8823937931 22.0307127180 21.9125556860 22.0841271342 22.6707086065 22.1958873242 22.2277527921 22.7348588578 22.3517890345 22.3936954484 22.5942147802
31.7610854107 32.1837200146 32.1152194624 32.2830484781 32.2198019104 32.0816235991 31.9396466339 32.5048129096 32.2278385219 32.0580048953 32.3648528928 32.0522028680 31.8794691463 32.2281758248 32.0130758810 32.2452152770 31.9580985243 32.0196395207 31.8738596023 31.8221941175 32.0576533716 32.2593404696 32.1439655508 32.0790067819 32.4940499041 32.2353445601 32.3340598145 32.6114661686 32.0566236791 32.2272822339 32.2880094398 32.0694909346
41.4150532103 42.2216846440 42.3696150699 42.0829102962 42.3786912944 42.1446534100 41.8342026489 42.1703282365 42.8246554967 43.1273031135 42.9587086496 42.6334022538 42.6646495444 42.3290223920 42.5156232803 42.6904313514 43.4596201864 43.1223156813 42.9606408999 42.9258637468 43.4156259075 43.1441637597 43.0221254905 42.7798501278 42.8195618881 42.6781291553 43.0525439057 42.5723571495 42.0656787230 42.6117909188 41.8891969415 42.8877943398
50.5413707565 50.3159767772 50.3756150697 51.0014026406 51.1294841057 50.7073419718 51.2230794457 51.2704478677 51.2320965860 51.4603509042 51.5490548632 51.5724415667 51.4089448227 51.4595025303 51.8524402990 51.3444453697 51.0285551184 51.2072004600 51.1267821802 51.4859149974 51.0134171073 51.2789072701 51.4793635871 51.2186280638 51.1590586721 50.6878111251 50.9999197503 50.5372735045 50.4709412691 50.7299763306 50.5358404589 50.0932825659
59.2344059161 59.7452411677 59.7602989544 59.4942056124 59.4160996341 60.1395491584 59.6711682074 59.0835034491 59.4530810893 58.8679584658 59.1579346357 58.9362515691 59.4465814100 59.5718556754 59.8219559161 59.5905109956 59.4804180098 59.4136942498 59.6155481391 59.5382612934 59.2939281545 59.7859535559 59.5610291952 59.7719166575 59.4964288749 59.4190726498 59.4197798389 59.6934634644 59.9969447096 59.3483968898 59.5260439997 58.8840298637
68.4783230753 68.3576478404 68.0094016112 68.8433344504 68.4946728468 68.3994823164 69.1208778656 69.3463403136 70.1554857307 69.5569930113 69.5950837044 69.3889139698 69.6416336172 69.3831224265 69.5271319468 69.8008987129 69.7665926805 69.9374849754 69.6867718740 69.9497399169 69.8522906251 70.0551309393 69.9470577710 70.4133348408 69.4774541793 68.9510250179 68.8151893482 68.8478677184 69.0262901127 68.8396894155 68.7680934458 69.3984578180
76.9239890174 77.8522896306 77.5744783040 77.5597690791 77.2749436088 77.3559807589 77.9351698648 76.9594423490 76.5718126160 75.6169867755 76.5464240096 76.5077234179 76.3777233742 76.5638443966 76.6012223797 76.3394074165 75.8393016462 75.7983863543 75.5334245838 75.9897272340 75.7632173945 75.4119910960 76.0109070226 76.0245265159 76.4110228308 76.5817197341 77.2049383430 77.7284631316 77.2438483702 76.9270877838 77.0640316491 76.3948532909
85.8700249873 85.8717119882 86.0303167385 85.4145255756 85.9454653499 85.8822255073 86.2649846846 85.1915297623 86.6671971012 86.0121731205 85.5421395260 86.0336389248 86.2664305005 86.0274990183 86.0557055860 86.0280519833 85.5755481325 85.7640128847 85.8163364841 85.3788618788 85.5245340331 85.4286281845 85.5455396881 86.0202295752 85.3510359641 85.0524986840 85.3685753831 85.8712047030 85.9457490535 85.0093801243 85.8894185457 85.1548107077
170.7315454144 166.7546119314 166.6863249927 167.2188794617 167.8586069689 166.9111436330 165.8084520043 166.4113594921 165.0574073005 166.0915831222 165.9457414281 166.0774163841 164.6632871842 165.7637015067 166.4927412230 165.7485634526 167.1500759915 167.0296243486 167.5386125308 166.7750005438 166.7270453786 166.0856372741 166.2069366629 166.4595782107 166.7977668863 168.1465913016 167.8134876245 166.9561171389 168.0291279749 168.0375223524 168.0450590140 169.1490213960
248.8261031115 246.9350835892 246.1386171970 247.1072605521 247.2979653862 245.6609300366 247.0795350057 247.4574268584 245.9951726686 248.5522928224 246.1258464562 247.3034873749 245.6883388206 246.5955481452 245.7156822275 246.6051457349 245.0388464437 245.5043716593 246.4161050594 246.3874169480 246.1788781609 246.1302703753 246.9194856536 245.6602410441 245.6780673516 246.7845117211 247.1887453042 245.3814133939 247.6960003486 246.6755401894 247.0615308149 247.7777217205
330.8986120886 329.5987093684 330.0386057747 331.4612051770 330.2866995421 329.8622680633 329.3989436858 331.0601490587 328.4318703055 331.2637216524 330.5183245714 330.0075164486 330.4319863296 330.7227670064 330.1846094217 329.2700510493 329.1538616251 328.9602340265 329.1168935987 330.0227543606 329.4693790825 329.0168430583 329.8522749103 328.7868788208 328.6382500252 329.7989637655 329.9764644043 328.3600624109 329.2671104973 330.2879787413 330.1441858365 331.8325456977
416.3444243642 418.8168908914 419.3940714637 420.6460175122 418.8116718107 420.4012432024 420.0861863133 421.0744449242 418.2555194613 422.7979751364 418.7381718608 419.7089283714 417.5413367045 420.1861249140 418.7537452983 418.4302235409 421.7297796327 421.1594857649 425.9779313408 422.2098827947 422.0311668588 421.4297777991 421.9303267869 420.3370442634 422.6375362463 423.5390327178 421.2290376520 419.9966136154 420.3194499721 424.3225238262 421.3985596025 424.6885427303
499.9978507776 502.7847644371 504.9632843737 501.4255617389 501.1644663273 504.4118846751 502.7814348034 504.9169391865 505.1785638356 507.8542888913 505.4745024973 506.1667765047 507.9283742886 505.8368457852 503.4776477887 504.3699783695 504.4196131611 503.8863689100 504.5301731036 503.3312231504 503.8883581952 504.1049529648 501.8292486625 503.4223180886 502.3844019137 502.2147500309 500.8426242702 499.8937399656 500.6883831164 502.9471394141 499.8425926352 501.3043241819
586.5546012371 586.9134736581 588.1380381464 586.0621275220 587.7227187308 587.5883558499 584.3745969712 588.0353160607 587.1090537786 588.7929289380 587.3015309489 586.7029014124 590.3900202533 588.8096664306 585.4380770292 585.1756276251 585.0027112805 583.3115289862 584.9854595384 583.7813923649 585.6856261507 587.2617975329 585.2459724634 584.3418026234 586.3024189262 585.7401870894 584.6669613382 581.9481517809 584.6393670394 585.4999467625 585.9950304280 582.1455354091
675.2309325552 676.9503148374 674.8764107064 673.1852810886 675.1554754241 676.7740254603 674.0610461360 678.4233286511 676.3736186591 671.9507314152 675.5766084200 677.2629194669 678.4180453983 677.9346736806 678.4396857797 677.4923035400 682.5289624692 681.9564267065 682.0521071463 682.0175691113 684.3714050437 683.7419209368 680.7137599743 682.9810127153 679.8587730930 680.7489591150 680.2671499326 680.4216561927 678.5472046621 680.7206002963 679.6734153489 680.8491812918
756.9237888175 758.2345091178 756.9991535360 756.9778262840 760.3086003935 760.3271989736 757.2194238790 756.9360300207 759.4023797090 758.8794143494 764.8233083645 760.4903630616 760.6012818364 760.6587611068 763.3031403665 762.0277496136 758.9143450443 761.3009915179 755.5335587660 759.7822295745 759.5567503685 758.7171493743 762.3504806946 758.3858767359 758.3721523674 759.0699833163 758.8415000533 758.7941572976 759.1038158827 755.7101632024 758.1169295798 757.3510938660
844.4171454061 843.9206050626 845.6495473576 845.1131551188 844.5929104560 844.5261407031 847.7273762111 837.4668962049 841.2879993542 837.8584351161 838.2267925252 838.8346330418 835.4197602755 839.5315546766 839.8463410445 842.6914244346 834.2139809273 837.4296646610 832.6520774587 835.0365925137 835.9043955239 834.1066566089 837.2244085144 836.6149623560 837.9223663465 833.5458736539 838.7813971409 841.5112746057 838.1049121019 836.3553363187 840.5179335515 834.5851755312
1018.0346425173 1014.9591359585 1016.6531721084 1020.0224315327 1014.7400573172 1014.6783375187 1018.3110822145 1021.2295899523 1023.2075168395 1014.8304663265 1016.5556111873 1016.8335909949 1016.1664546254 1018.5046158193 1021.2001442832 1021.4938638692 1025.9225823534 1024.6011163101 1026.3981341684 1021.5250426076 1022.8270994795 1023.5355854747 1023.6253624948 1024.0362835225 1023.1199115103 1022.0700211450 1018.0566447264 1022.9739496456 1018.0028841790 1021.3559443761 1024.7405690980 1020.3480234784
1182.2139462877 1183.8043258137 1180.4376062625 1179.4464903863 1179.4484540053 1181.8460264016 1176.9046999241 1178.5020643736 1188.0816514048 1179.8983048532 1184.3391804745 1187.6701980211 1193.6589156781 1185.5247920951 1186.6291415683 1181.9647426042 1185.3245795933 1180.7203728877 1182.6083246767 1182.3887087238 1181.1711867724 1183.4406238201 1184.4784284503 1183.8633871823 1180.5970838266 1183.9948853182 1177.3991612189 1182.0566444172 1179.9100841319 1177.9961806075 1174.2860245942 1179.0265655626
1354.1384768271 1352.8520177658 1352.2118292725 1355.9504519470 1353.2015484533 1350.6875586969 1355.9155545568 1343.9840889177 1350.2952420383 1347.9386183620 1345.5289924588 1347.0195692414 1346.2078249279 1347.6078788558 1345.2847660404 1348.0816313643 1339.7317318568 1340.2859991197 1334.8348755411 1340.0277434832 1338.0558649128 1342.0377177022 1337.8703472981 1341.4444217437 1342.5307482248 1340.4401221564 1343.3107830857 1349.0770295977 1345.2814671541 1341.9150022012 1340.4785589793 1340.2378859269
1516.1153546051 1519.1416544501 1515.1454170131 1513.9415291865 1509.9373107064 1507.2689765971 1521.9470566320 1521.6940660670 1514.9240935983 1513.3446367376 1516.7365029080 1514.4128535728 1521.5067042070 1508.5114776581 1511.4195050420 1512.2960233577 1517.1306803543 1520.3975890775 1520.3185713233 1519.9065750624 1518.5806368325 1518.5091392020 1512.0517982163 1515.9697133224 1524.1323504639 1518.4441255827 1523.3788910290 1525.4071612119 1521.3046473546 1517.6820970323 1521.5418684911 1517.2839327450
1679.1111076332 1680.3198036473 1682.6703836447 1684.3344738477 1686.6247954774 1685.8874566562 1680.6792082332 1679.2085645759 1676.0405707795 1682.3622386221 1681.2058158816 1679.1204491332 1672.6481078780 1673.4444420072 1678.5549709905 1682.0917563336 1685.2605636885 1683.4038238702 1686.5331598501 1688.9109650486 1685.1199465567 1682.0551298355 1686.7216762824 1691.4122902358 1686.3117368325 1686.8677455575 1692.0258792614 1689.2723718177 1695.5916551510 1693.2735702779 1688.7761505866 1698.3397507387
3351.8360201117 3352.1324539545 3356.3274289598 3352.9353835123 3364.8703903919 3353.7105300443 3365.0879072828 3348.8624128356 3349.5341582065 3356.5271171329 3355.9933753727 3350.5563678048 3336.5951971388 3353.5460420488 3358.8870727712 3356.5362259652 3338.3294715647 3337.2878591143 3340.4954400378 3342.7195646757 3342.8855206989 3342.9775712164 3347.4124217563 3341.8797317484 3336.9927494336 3339.7983317661 3349.2595833758 3336.0901041352 3338.9480408322 3342.0737839762 3338.6222690103 3339.6312719898
5032.9356480868 5034.5370835198 5031.0475354407 5016.9470260747 5028.6702084795 5027.7854658136 5002.7146321426 5039.4716824289 5016.6263618162 5034.4389767592 5023.4952296627 5026.9045796762 5033.5226503737 5034.7623797583 5022.3629817910 5019.7437304811 5037.8865248653 5045.2713140750 5042.8821889691 5031.9924185880 5032.8094911087 5033.7657138544 5037.3905713620 5030.4806078188 5035.2975454603 5054.4624099853 5022.8902504348 5030.6072378438 5027.5055482063 5034.7244321883 5048.6883617624 5036.8508218726
6714.7158160081 6696.3273802999 6678.4247362178 6704.1897482548 6673.6145820487 6714.2201215582 6710.8667354406 6712.1733093785 6717.7253552166 6712.4635642057 6713.4818684889 6720.7861600456 6725.6828661992 6731.6809512784 6702.9275205080 6705.2694206105 6741.1744219485 6733.5522779506 6738.7572259468 6725.3959453969 6739.3724429155 6723.7413294118 6716.2488965575 6720.0761233056 6721.5186959129 6714.3963903836 6728.2271629895 6720.5959092650 6730.1399509317 6748.5163699469 6739.5167563695 6743.5666686675
8433.4664777481 8422.7018944201 8463.7914979127 8472.2003115713 8460.4181924563 8480.4004875278 8439.9346631007 8459.0988152832 8460.4729882965 8459.5651019410 8438.9165110420 8454.3703672580 8466.6599217135 8450.4649796648 8446.2627250408 8461.2614035346 8412.3607014497 8415.5205850506 8403.7771680709 8420.3513661061 8414.9640763269 8431.5493357157 8442.4626468169 8417.9251208969 8426.2042630467 8396.8943682195 8404.7867121624 8381.7774180852 8413.0987580476 8368.6684303521 8378.4230337239 8375.5682530727
10097.8417842230 10083.9506566533 10099.3833468734 10083.4354954327 10111.4842174495 10063.5715857652 10092.3616985483 10099.3385423415 10119.1833888309 10124.9464975145 10118.2604487313 10099.8050748344 10087.2285098836 10116.6735361427 10147.1463133327 10099.2361066705 10076.6499735392 10104.4621760525 10106.7453823457 10121.4909252079 10102.4169524369 10114.8763716914 10097.8319096209 10127.4892168168 10115.9007700994 10113.1046495630 10119.5622756728 10120.3276797603 10126.8742379588 10126.4948560132 10115.8885073942 10113.3404506746
11788.5216926871 11837.9003314254 11770.3672141765 11757.9095892343 11783.1371435123 11728.7636209942 11796.7046964532 11747.8490307345 11761.6228313664 11729.1242098130 11776.2484164360 11765.5848090846 11757.5722154566 11725.6917861326 11757.1797080419 11771.7976007397 11846.0674858883 11797.7047606544 11794.9950751712 11793.0278685443 11824.4110457116 11784.7936748085 11802.7784459599 11799.8751716210 11790.0055138387 11809.4663170395 11800.1249175880 11832.5821911613 11801.4831161708 11814.3066756103 11804.3855538552 11841.2455866149
13467.4960994908 13467.3682433373 13491.2592341193 13474.8059302423 13466.9025391841 13446.3254302786 13417.7382108292 13440.3647216001 13454.3411167807 13442.5204635662 13471.5995983865 13440.8451071860 13462.0208467307 13452.9974114875 13462.2699525590 13490.3807955525 13396.8304102021 13418.3690914629 13417.7413150038 13433.7709023456 13408.5990448829 13448.2594392509 13430.1548100832 13441.2316529653 13444.7681899243 13427.0241040789 13416.1613299416 13457.9241521985 13408.4997622377 13427.5510658574 13419.6280211915 13412.8084362832
15129.8730499585 15166.4567439293 15183.4850163759 15183.2469303392 15174.1432555362 15254.6679638372 15227.7657501494 15156.9939308985 15131.4379001347 15136.1267468644 15147.3833818777 15138.4174599985 15115.3316021737 15114.2212903894 15121.2709214234 15144.5540348175 15215.4140717120 15161.1995084202 15198.9655126025 15177.2931491322 15187.4178826428 15165.4368209076 15159.2331085378 15174.6953746843 15187.6362029485 15230.6471037041 15210.2413634081 15195.7099029487 15217.3746528324 15212.0363851185 15216.0666826151 15215.9641052261
16799.4932700103 16808.1594134622 16804.0283931239 16799.5457140380 16763.9924783425 16781.1177457409 16804.3689971155 16793.2309207224 16791.0335065999 16866.2266119320 16805.6262981570 16816.4297579972 16816.3609594755 16817.7573425635 16800.9326325196 16791.5311965023 16761.1434673392 16812.4251018109 16748.7072797479 16753.0256184856 16719.1366238027 16777.2428107430 16766.2029657539 16754.9139431160 16726.3754724149 16736.0743538070 16757.1131930923 16747.6944432983 16712.6200134642 16739.5226194671 16740.6362628282 16725.1508532748
18479.0084956216 18451.9743845609 18442.1601939683 18472.5296183680 18462.7912135786 18482.1940687434 18486.0384612810 18498.3900348422 18475.2258593038 18381.8968627971 18387.6920850508 18463.6799233120 18487.4620749227 18453.5441490139 18470.8124731740 18432.6086484648 18421.6606137585 18421.0619189478 18448.6435801926 18433.5969022896 18451.8938000823 18392.8673121603 18420.8510361976 18405.2599972046 18466.7074091399 18457.5184889349 18490.0119112397 18478.1141727863 18476.5816525685 18460.0209615798 18484.4591660609 18441.9265204673
20212.5959259897 20216.4723946317 20235.6564778631 20248.1643557925 20215.5866159261 20218.7826974940 20211.0443227696 20233.9660064508 20210.1287077877 20193.2800582324 20215.3176143682 20226.9531710045 20223.4430551225 20237.8003814192 20190.0996070934 20234.1152137801 20314.2306121975 20294.8990606495 20333.1895266837 20296.1736639609 20310.2831744690 20314.1941950326 20270.0251069471 20281.5679392250 20300.5254499697 20298.8573905812 20296.5805502235 20277.8380983607 20300.1380444548 20345.9451655426 20305.3343315421 20360.3617959211
21896.4403424914 21862.7080555165 21861.7438913351 21891.4250212864 21877.0982761085 21935.1479957153 21913.4059245591 21894.1016481826 21836.0971045140 21896.0120691701 21879.2982277319 21869.7059669733 21840.9180351967 21893.9919975011 21842.6143811258 21865.1173952727 21796.5959641404 21853.0693468581 21812.1032253196 21839.1869871304 21843.1799275753 21821.4793083141 21846.7147594227 21852.9416155037 21834.6841342409 21834.8783627680 21829.0933115308 21832.1991699089 21856.4867329520 21814.0161568306 21861.8254817074 21822.6909186931
23579.5710338938 23556.0792066995 23551.3180337163 23502.5607504529 23575.5351677113 23475.7708205544 23510.3102144392 23583.7550307344 23625.0113715378 23564.6191825997 23621.4920637779 23610.1275760760 23628.9415918099 23567.5826384974 23596.4116461961 23578.6311310123 23652.6945798254 23656.7569558267 23679.9896823615 23631.4312662196 23638.6711354727 23668.9605620848 23659.9661350395 23625.8518950098 23654.3495670361 23579.8965445110 23630.9630237357 23602.0679551386 23616.2626758307 23602.5280572743 23613.9596755590 23614.5625649501
25176.6322671100 25177.6278290929 25144.6748592678 25169.6522161989 25174.0031799718 25126.9676526455 25121.7309243362 25171.5583818082 25211.6141924331 25253.2244215327 25199.0273159936 25216.4105493027 25188.8248119377 25257.4618823451 25253.5646510131 25204.1427396925 25142.1778944797 25122.2610424373 25143.8118719956 25198.5329149360 25150.0892904866 25152.3029040683 25186.0515826182 25175.7766270035 25138.9822795726 25136.1172733955 25097.2886825137 25129.6975562272 25119.0889303605 25095.5821383383 25128.3383329262 25085.0531662215
26898.9807802581 26906.9979329492 26897.7059567347 26889.4300183187 26883.4972445798 26966.6420662146 26933.2259775785 26893.5917734395 26952.2097151945 26996.9563898069 26940.6584559860 26936.9702734062 26916.8099147916 26935.2794957897 26949.4672006853 26910.8113063903 26881.4326108140 26905.5785420829 26856.2349587017 26871.0989274834 26891.5446642144 26882.2975578249 26949.8073974544 26950.5327469569 26854.1966007491 26860.2288722307 26878.4440483408 26849.1921945225 26872.9318691210 26842.1153746171 26827.6261748841 26817.9504686629
28533.6724223397 28525.6252062784 28510.7489600280 28505.8284944103 28560.8939440539 28546.5320826669 28541.2321105394 28529.5866293971 28586.1345401160 28600.3224406137 28581.8592777862 28542.6632592477 28585.8813189522 28557.0422365609 28581.3313616677 28592.9297655483 28613.9640964224 28568.8661093178 28571.8238866823 28603.0373489209 28601.4031744447 28625.9118113294 28587.4906725772 28601.4616897087 28541.8317320161 28584.7172158710 28556.1642978456 28572.4287648130 28572.5508551557 28559.6453536887 28554.1526264428 28639.2830198530
30258.8184044092 30238.0333518807 30250.3220896320 30254.3026970543 30251.1259719176 30249.9945817389 30232.4851623130 30235.9694318903 30228.5588100833 30267.2308980406 30256.1557775146 30268.1025144343 30237.1379215074 30250.6191188883 30172.1902865414 30186.5694131030 30127.5623832240 30147.9783249600 30137.2667719976 30149.1431611293 30201.0030183327 30197.4489648126 30189.0191640366 30152.6590210763 30200.3166052896 30193.3656329068 30157.1181631177 30153.2146206902 30158.0930027220 30187.8307118218 30124.2839186390 30138.6644910427
32058.7089673074 32015.1385145669 32048.1181846193 32042.7602443709 32147.3224819450 32058.3650296289 32074.0378200658 32046.8691970092 32005.0174430856 32010.1384260521 32019.2017489114 31908.3928584862 31958.7936632506 31993.3304452575 32063.1061304410 32024.4988033368 32168.2550688273 32132.3170766446 32155.9622358169 32146.8188106812 32159.9425314406 32078.3124732432 32072.9015437042 32122.4734008328 32172.8171472631 32178.4254252311 32133.1797342523 32142.2961885079 32145.5965985651 32196.8536506552 32152.9810184997 32185.0914456112
33544.1799352310 33619.5088027160 33570.4299464170 33569.7572206006 33620.5813942708 33548.0992823676 33585.9361508567 33661.8546734600 33581.2579179294 33611.5026076480 33643.1269899608 33562.1850846791 33627.3066530940 33611.6643173623 33615.3663945287 33590.5013765834 33557.5815283742 33547.1631099385 33550.7671415967 33498.8607220885 33520.4085066622 33530.9606599530 33538.5415265985 33527.2856440885 33485.7144840519 33530.2509458802 33540.5264562893 33530.7830730720 33588.2072722902 33477.4014803375 33511.5190574977 33557.1934984689
35267.7353449507 35256.5265896561 35299.0543048301 35352.2341130699 35205.4454499057 35228.2079092423 35241.2872954529 35185.3666660912 35189.1168618595 35194.4057618300 35166.6409148851 35246.0442097437 35222.0776300092 35249.4265683281 35173.9981780228 35246.0867053534 35187.9686084227 35166.2171974042 35136.1711732316 35161.4735467357 35121.4317962986 35153.5643810224 35148.2907236764 35166.2569224740 35217.8793880578 35211.8389540393 35181.9011646815 35218.9406193683 35187.9023876035 35240.1454283015 35243.4463224545 35167.3545072566
37105.0384473122 37100.3663385674 37104.5954702384 37129.8107470284 37031.9612710435 37051.1793504965 37081.7891680061 37067.9666828154 37099.1506178470 36992.1790733398 37006.1678439724 37090.7526642712 37057.0800327732 37015.6796948429 37106.6416233724 37133.7957207722 37250.1957047494 37186.8608522468 37302.0732801702 37221.2662010964 37225.5005063910 37196.5723166405 37188.4971783250 37204.6625750652 37266.3572341094 37261.2472217399 37230.2064478568 37243.4251099973 37224.6546582364 37269.9157648065 37254.3265243694 37305.6023094977
38675.9427228741 38687.1233839056 38756.6636757379 38654.6619326937 38694.2019203364 38725.0796027358 38662.5529091286 38677.2246208229 38666.9400021477 38643.4401767806 38704.6859496579 38728.3096028591 38681.9099210384 38659.8731734975 38595.9398493426 38632.8257156101 38529.2219181447 38568.8272469659 38577.7137003494 38592.3986970125 38548.6913868907 38559.5476498338 38547.0540004890 38597.9170180940 38543.7107304836 38565.3495445097 38641.3713618599 38609.5742471928 38601.2314806055 38605.2321835986 38588.2732651151 38561.6305225763
40332.5049124550 40334.3917319512 40327.1298981343 40262.7086142380 40305.0516800358 40270.7151240998 40279.2772760928 40286.4789288617 40256.0916811078 40187.2713153805 40209.6515815452 40291.3975330478 40280.1674294416 40264.1147370322 40271.7683713122 40274.7017117972 40243.1254789422 40256.4276360301 40187.9573200584 40224.4308657932 40233.9833735784 40264.5104721573 40278.2287065170 40216.2527258916 40247.1098654911 40235.5037585326 40282.6246246520 40257.3303491024 40329.2554331848 40243.0600669740 40296.6222313076 40256.5930787215
42229.3804503267 42147.2366935482 42149.4221126011 42182.6329569837 42173.3080824796 42257.7697056428 42236.7944423793 42208.2119858891 42253.5299273954 42182.1719324673 42235.8471222444 42204.8856856278 42233.5582383004 42173.9961281037 42267.3642554887 42251.3832515352 42364.7099581343 42406.6752394593 42367.3925574529 42370.7090014002 42341.6594529958 42362.8692600841 42317.6030476826 42339.4606583893 42333.7242012795 42345.6829558852 42294.4937199014 42301.9769077395 42259.7196340433 42354.0421310125 42371.2493221159 42366.7660276883
43737.2501660553 43822.7623613444 43758.0415515790 43857.3961580154 43758.5010720783 43796.4158092404 43841.3017502200 43807.8848085535 43766.4667826194 43832.4446048699 43827.7521500837 43800.4177126011 43818.0442357874 43779.0142607826 43826.5917452872 43782.6307165945 43665.4020590262 43755.1676390224 43683.7913675610 43781.0066572950 43757.5185757876 43738.5320201413 43796.3303177375 43751.9727169937 43701.6440750342 43678.3227310578 43728.0784977719 43765.2300454924 43663.5887260778 43704.8140176469 43744.9631676345 43705.3050718926
45370.6617051742 45397.9260702548 45367.9429749678 45377.4790028843 45385.1002392595 45418.3459962736 45408.2837397731 45408.4284981235 45459.1109943749 45430.4094918603 45466.2154724483 45391.8670931117 45460.1204135932 45419.0621518665 45447.5547514318 45407.8767401617 45359.3958729138 45379.2056421413 45346.8699136038 45353.8111933105 45341.6047117135 45394.3993230333 45364.4802597914 45371.0272548007 45359.3702761558 45298.8118004556 45364.2472540091 45428.7473601893 45335.7403305749 45293.2795221231 45342.8013850317 45311.9514055003
47128.5032855552 47224.8661171997 47278.0844580168 47137.2313595993 47113.8607057055 47213.5146248527 47169.5095180511 47144.7897700565 47066.7394919223 47190.6659654577 47124.4262436058 47123.1170568209 47043.7930432080 47153.9146779384 47066.8188073222 47141.2120325943 47285.6928298583 47286.8137758543 47332.6501549335 47257.4128581126 47251.0679498985 47226.2093654222 47186.2526126421 47194.8154743595 47314.5742307174 47292.2736769692 47317.1131374510 47277.1020642956 47267.5553506353 47379.9111261317 47278.0694047805 47331.2642096142
48671.4104027831 48687.8134744019 48714.8121755303 48749.3583631992 48718.4974498485 48684.4255221538 48705.4008662705 48670.1130866283 48734.0289063292 48757.7741673244 48736.6941517837 48772.9780582198 48698.6249967110 48786.8641564737 48698.5071817721 48742.9524072066 48666.7316448488 48612.0543330936 48663.7513769016 48625.5981008164 48676.6206297669 48718.7718531623 48671.5221020496 48620.2171565361 48680.4468308187 48714.0555006783 48676.5965795581 48608.0641693018 48680.6421988242 48660.5595249921 48622.7621732202 48610.9982471614
50478.4410424820 50408.4102598109 50378.2708600678 50396.3695169978 50414.1456947033 50431.3526159549 50383.9905964618 50510.2369527185 50465.5131322953 50433.6873142219 50390.5944495585 50418.5465732757 50450.8144765248 50419.1066931293 50499.0878857969 50432.6186687659 50428.1660828391 50399.9277164080 50473.7313763546 50427.5050964707 50461.3020293553 50473.5352645839 50429.0851412355 50449.5679222541 50424.8660083255 50407.9511555859 50393.1107892365 50388.0410408717 50420.9928711438 50408.2182343188 50379.2256206556 50345.5131861649
52130.4241664547 52125.7264137745 52116.7920048934 52115.3123130829 52192.4423787427 52124.8956048535 52109.5783525045 52128.7215481326 52177.5157055300 52194.8925514143 52136.1075876274 52183.1368772126 52212.6782418211 52149.7796114240 52108.5528850770 52175.3990256486 52247.1501365685 52204.4009698822 52231.3790631103 52216.5212729313 52268.2792566895 52151.7757379813 52228.8482414731 52277.6410215775 52212.5064590697 52256.5742328926 52187.4887589539 52155.9254003397 52216.8171516041 52177.1580491040 52218.5851511403 52289.1863436183
53818.8637625946 53763.0980263727 53755.0281512752 53788.0853130178 53814.2779495337 53739.8087962173 53808.7127709908 53760.0880317873 53750.8999640559 53731.4623132513 53802.2789882153 53730.7067703728 53741.8811475092 53782.8220119762 53786.0857247933 53717.9440394847 53667.0889938399 53699.2575619776 53612.0411295289 53696.6973959079 53630.9700692535 53669.7170368453 53724.6239951421 53700.6377261299 53655.4291425776 53653.5427242226 53678.4984728834 53739.6825711383 53720.9312966062 53661.9134524965 53689.7885334757 53674.4980486048
