0.9999938293570705
0.9999939241121578
0.9999939686110560
0.9999929214832605
0.9999928489148918
0.9999922213726756
0.9999895070280947
0.9999935703976442
0.9999955363540344
0.9999954787646058
0.9999955426195702
0.9999944025849975
0.9999948404611247
0.9999973392615821
0.9999942709366849
0.9999943338603734
0.9999745686382407
0.9999832986283681
0.9999755240789435
0.9999816190870400
0.9999821049910864
0.9999849047444282
0.9999879781891039
0.9999859367223913
0.9999817535758787
0.9999810501188684
0.9999780502978693
0.9999820589285641
0.9999764950790472
0.9999767318382516
0.9999764190889124
0.9999673781247488
