12.7088485290 13.0066776039 12.0255008708 12.9997040921 13.2449513982 12.5071208267 12.7401559605 12.3949268459 12.1747882303 12.7457208601 12.4215384893 12.1255823831 12.1897523920 12.6011781675 12.6959039401 12.0764492271 12.5562751699 12.6592889056 12.2140545897 12.7339344643 12.1950728669 11.7894097929 12.7699323412 12.6211864525 11.7601055610 12.0994567358 12.7615827902 12.7525181140 12.3119417288 12.3427875288 12.0332292485 12.8486917156
3.4351605113 3.8676400563 3.6312953327 3.5963628700 3.3507117644 3.1199493653 3.5517259187 3.7738668781 3.9470421635 3.1834422437 3.5655107152 3.3284730595 3.3913700004 3.8746831633 3.0622439301 3.9008390384 3.4382078078 3.7249637273 3.7694444812 3.4235248576 3.4611666847 3.6274117610 3.2776102904 3.6462954765 3.8917911667 3.9173916442 3.4351194494 4.0732928947 3.3867779644 4.0496423105 4.0612549129 3.5531669580
3.6608261984 3.6810202647 3.1357005111 3.3602954042 3.1362196711 4.3433672140 3.7303785152 3.7130325361 3.5886038731 3.9901812827 4.2137337960 4.1479520956 3.5889143967 3.5320809778 3.3238859869 3.5285209307 3.8991661920 3.2111653842 3.0583584153 2.9218020217 3.5704017102 3.4904351078 3.4106668427 3.2157737444 3.5068647241 3.5327780627 3.6646185007 3.5862244496 3.0404212106 3.3776447755 3.3019615016 3.3636052596
2.1505552308 2.9401114108 2.6257574346 2.1484655832 2.2217496068 2.4274046005 2.6670469035 2.4674257647 2.5869768714 2.5906894752 2.0621033473 2.7630498947 2.8058613302 1.9429625664 2.8065491521 2.3499959745 2.6725166492 3.1528574913 2.4867381773 2.9100638166 2.7986938905 2.6485585279 2.6533092797 2.4058512263 2.2814061790 2.3270704723 2.6982496406 2.5939914207 2.6063184580 2.3505210318 2.5688724019 2.5164042103
1.7896331979 1.9230426466 2.6740014647 2.1579431408 2.6459460933 2.2989138640 2.0204837628 1.1549487782 1.0972313522 2.1553526991 1.6791178617 1.8430923046 2.1521849765 2.2277835360 2.4310110460 1.6274496745 2.3608870842 1.5672429037 2.2718759068 2.2384379542 2.2773234834 1.9300454496 2.4545437130 2.2576674054 1.6817220491 1.7586304776 1.9314657658 1.4767617042 1.9958995356 2.1761533189 1.4607037415 2.2981582913
2.0411686069 1.1528277457 1.0718179042 1.6217913985 1.6840016753 1.3760709490 1.5956648607 1.1184198039 2.4096217648 2.2437101738 2.3482161006 1.8999575490 2.6462303236 2.4084653523 2.5750003388 2.2749666638 2.9965335183 2.8586796420 2.9649720136 3.1360783644 3.1779351668 2.8890621593 3.2080853546 2.8960476319 2.1342743194 1.8318481208 1.7702498533 1.6167476121 1.4864606554 1.2126314846 1.4240126067 1.7073259297
0.7519082439 0.1635243680 0.3008353891 1.0122875758 0.6316373650 0.4384142755 1.0597945318 0.8919550517 0.5717378606 0.6241336170 0.5271153199 0.4795183555 0.0325420392 0.2406065023 0.3109413557 0.2370465876 0.8725890671 0.0319526202 0.5525115449 0.0084019613 0.9245132415 0.7232730015 0.4714810034 0.0491557505 0.1594695017 0.0649170999 0.2059056990 0.1656505913 0.7334471977 0.4669012459 0.3743510718 0.1748640306
0.9884883113 0.3739269370 0.4795572759 1.6578494135 1.1049433195 0.2845281439 0.4251547328 1.2459965360 0.7340134909 0.9549486834 0.5816368957 0.8689552253 0.7929821546 1.1145994226 0.9416722207 0.6464545722 0.3525221269 0.6766647890 0.9105843011 1.1734137682 0.5479851837 0.4850635433 1.2340156714 1.1960313477 0.3533962459 0.5131494933 0.9392625720 0.7552008817 1.1190275030 0.6006724385 0.5522156151 0.8376868829
0.9960138860 0.7625952436 0.5534863266 0.7338085213 1.1970493745 0.8717965118 0.2841823475 0.8719787294 0.4189166213 1.0601756241 0.5218926266 0.1676677577 0.2876868921 0.3471543052 0.6710935720 0.3472902185 0.1756043471 0.0944882020 0.1245017457 0.5553568139 0.1711834326 0.4243549174 0.0560044925 0.3030730760 0.0340491929 0.2498126528 0.6105916457 0.5599342926 0.9929434631 0.2446106080 0.1171526506 0.8839971046
0.5036673692 0.1082578418 0.4152592458 0.0069005642 1.1867270964 0.2419050559 0.4416480579 0.3744658233 0.7383583951 0.3779293768 0.2571280345 1.1586991198 1.4407537174 0.8045460618 0.7052006881 1.0427495931 1.4265160568 0.6846406230 1.2606221136 1.0511809605 1.5594884799 1.0720811845 0.9740626806 1.1534055094 0.1827950423 0.2014511090 0.2245494301 0.1553911493 0.1123142786 0.2502365978 0.0911267445 0.1962391641
0.8236916408 0.5822864704 0.1749841755 0.5335800209 0.4355385675 0.1329010658 0.8983528669 0.4673532568 0.0438269803 0.0323161525 1.2245798094 0.6659077300 1.5978423397 0.1585324785 0.0658818909 0.1475595078 0.7592186543 0.4486078800 0.4310083128 0.6990676020 0.7802572500 0.4581532309 0.4860983501 0.4285911006 0.8347479889 1.1112141361 0.2415291924 0.4871050469 0.5019374870 0.9632907085 0.0168899128 0.8254915709
1.4184057127 1.4270496509 1.5949336724 1.1747446619 0.8715535187 1.6338822194 1.0962816148 0.8331207611 1.1520978607 0.1097840315 0.2482566559 0.2855445652 0.6176999113 0.2354817941 0.4728453748 0.8629627275 0.8892414113 0.3622668134 1.1295654905 1.6172545736 1.4889937933 0.3446399401 0.5049543005 1.2268218566 1.3673329973 1.3909902820 1.4008710364 2.0145762796 2.5171965424 1.9871962880 1.2334559618 2.5546285559
2.8504798958 0.6286876178 2.4164778626 1.1995671831 2.6990210606 2.0793073050 1.5804009256 1.0728110513 2.1454282099 3.4221147163 4.5415517269 2.9156939006 2.4108971023 1.9254205637 2.6838327853 2.8298591317 0.9964099861 1.3123209682 2.4743638341 1.7212714896 0.2861987712 1.6845425098 1.1365862738 1.7007147880 0.9179743832 0.4764192413 0.3721211091 0.7288970035 1.2847368633 0.0691607995 1.4930582852 1.0538297813
4.3459356430 1.9822361050 2.5041938539 1.7557136856 4.5769091546 2.5888638372 2.5382396259 0.6070469298 1.7258719394 3.0617697652 3.3252461634 1.5583405143 3.2200045195 1.9820129215 3.7564077624 2.7817223765 0.7120502739 0.7507226128 0.6336556467 0.8916882010 2.5742056785 0.4127212490 0.5895641593 0.8695046341 0.8039833805 1.1227251709 0.5754568756 1.1596424453 0.2361217115 0.7507801985 1.3814778845 0.1146097269
7.2483261301 2.4278567887 6.3870769219 5.9875622801 5.0433135058 5.5745047960 5.4118052173 4.2043025955 6.5607881764 5.0183916878 6.5570023588 3.5603160342 4.4167009539 5.0214773232 8.1560414804 6.9922063265 9.8009371545 8.0902005177 10.3540011758 8.9314164051 7.9157657519 8.0870261757 6.5764323145 9.1080330647 7.7775745356 7.6735837095 6.6945033640 5.8642612649 5.2294435252 8.9449298519 7.8687134412 8.7471297010
0.3975101486 2.6694403384 4.0050357501 1.8248564568 0.2284681292 2.4239762539 2.0515704737 0.6577043366 2.0550488750 2.4133429805 0.5098922749 3.9947524582 1.5405801022 2.2585168900 3.4717272623 0.9261471917 5.0949023479 4.4252110408 5.0160768492 4.5629227143 4.1746564742 3.5466869254 5.1708003783 3.7745937289 3.7687664796 0.9693312619 3.7147271669 0.6900067690 3.5391314687 1.7985448435 2.6303594723 6.2372782979
0.1575086478 0.2541896648 3.1096891352 2.0585089335 1.5467294738 1.8224242537 1.6803814939 3.3334954824 2.6452291462 2.6074103367 1.9371275784 1.0324091306 4.0146056413 4.2499355090 0.0710700029 0.0750804224 2.7523739652 1.9048974980 4.1495777858 1.4827628389 4.3061951414 1.4630600320 3.1035151310 1.8449974966 4.9434937103 2.8182803748 0.9645889248 0.6998041696 2.8692278488 2.1005779060 0.0541467380 0.4808125787
0.7200230902 1.5250445552 2.7144839076 3.3726725161 2.4066197967 0.2254254724 2.2240396285 3.1367538367 0.0487623197 0.4164362643 5.6906613654 2.4537666995 2.8688467272 0.4663287898 1.0283183066 0.9394053447 1.2344500407 1.3861599165 1.7584830816 0.8858880153 1.6039524552 2.4562469842 0.4014568546 1.8652938054 0.9333325106 3.0134923441 0.1673890069 1.1350867933 0.7068988088 1.0952826510 1.7035867614 0.3195452568
3.7813162060 3.1663555058 4.1315454611 7.1371766509 6.3116358320 4.9445158086 8.4815138809 3.8594863874 0.3112841462 5.8181430969 4.3469277402 4.7376207251 3.5411358107 0.2171713328 0.8869283401 0.2946784538 3.9900646073 0.8341482492 3.3263169115 0.9322912384 0.4310744174 2.2127477001 3.7087538890 0.1982434496 3.5409472515 1.4614310321 1.8172012024 1.9010365162 2.0000168430 3.6907224538 0.0472830530 3.0476135741
0.5486150883 0.7298502417 3.0318480037 3.1582764756 2.7141999706 5.8203416010 7.8259070240 5.0389852032 0.4692377543 0.5794488285 1.6445738975 5.8219675879 4.6597760551 1.3024845201 3.7356322218 1.3981003471 5.1312968524 0.3001764422 5.7858534865 0.7797102626 2.8314723212 2.0941888398 2.0953461252 1.2470736102 3.2256587855 4.6732785801 0.1062244933 4.5594108879 4.1355211635 5.1614439387 3.4290996363 3.2229989671
2.5775660409 0.6674275471 1.9583346817 0.1432522793 3.0721959255 3.3662045652 0.8728526397 3.3606480046 0.5154221770 3.2248602875 0.7438935546 0.4429571112 2.2732367312 1.7219994974 2.4937618263 0.4533791045 9.2976274867 10.3592953487 10.4447185581 6.3093704992 3.6073161072 6.3765409286 10.5573672199 6.1581022491 6.8079157805 8.5876760382 5.1431435008 3.8600797727 3.8210188648 8.0018479433 8.6012556021 11.6718242086
8.1995380913 1.7250544913 0.9389575064 1.9877905963 1.0535040843 0.3020764825 1.8765014580 4.1836104432 0.7908826379 2.4093937482 3.5565494275 0.1664559815 0.1886459144 2.9822517647 3.9071071225 3.0565094899 12.2165854329 6.6759074942 8.9768546907 6.2613185014 4.0878868907 7.6043936763 3.1053711081 7.3640686064 5.4193612402 6.4759428645 4.0704866604 5.5762164635 3.7039276915 9.2003909332 8.6133914267 10.5628451202
0.5529942496 4.8610272840 6.9536056195 5.1931861885 4.9477245351 7.9357515160 8.3179032829 8.6818887712 0.6672043155 3.0894116314 4.6695357907 0.0103885111 8.1250624308 9.0748911086 2.5208327941 1.7475907715 4.2414227995 4.1110407096 11.4082061430 6.5374364328 11.4222551057 4.3642932896 7.4798938203 4.8320105383 7.0238932351 7.9368753109 0.8105874491 6.6628188638 3.3839197718 7.2390711335 3.8990428037 13.8798371832
4.6322529185 6.2492545563 0.0150738365 7.0969081982 4.6129953395 9.8699297784 9.5885808648 7.4355934868 2.6550246506 2.7009656779 3.9303958662 5.0570453971 0.2730667741 1.1879435919 1.0483759722 4.7873813282 22.6060782991 9.5891354882 22.7526446785 13.1625840859 20.7972690668 15.0954079244 7.2833005176 11.6964180042 23.9298553171 20.8809648071 14.9819363419 15.8222037413 17.6380514183 20.0019369134 14.7256817997 22.4429569313
27.2141974611 27.2326407447 32.4377005167 33.4323849890 19.2003429300 32.4965654546 25.6925090472 30.9672471853 19.9097145159 11.1204707839 21.9774606824 27.0356326896 22.2302296079 12.6341801148 17.9998556859 16.5544410946 16.9275305523 21.8091701942 17.8023628697 23.3074712170 20.6897557397 28.6229336120 33.2738043006 19.3874908780 31.7513290873 28.8760748576 38.2528418742 24.5317935752 18.1499455870 20.9194751414 20.6476846230 9.0069900198
9.5988734243 19.1566759550 5.7178531567 2.5273636892 6.2489548099 17.4990800183 29.5341699832 2.3118945271 8.7169727330 19.6493152569 0.8202042728 7.3271811322 3.4771304460 5.7257562858 5.3891817403 9.2308378672 12.7447227230 11.5693961561 11.2498871929 11.4641425571 20.1416748479 9.8357544868 3.5235700258 2.6399611159 20.8727350809 4.0763767746 3.1618977389 8.7368551616 15.5866410924 0.7681701311 1.2492102053 0.0871478573
0.7667518497 13.1544883301 1.5308967231 10.1706764703 21.8293998582 0.4769483007 12.2486774694 20.8449584834 8.4532491856 4.8353851706 29.9502989578 17.0284696116 14.3455130583 0.3628751698 17.9948224876 0.4083741522 11.0856088284 10.1969375025 16.0189754502 16.4279050861 20.0004565680 9.6256672693 5.1035711478 2.9904649990 33.1703355690 9.9651506862 15.4829481094 19.8771149847 0.0087197081 22.2947388067 9.1763217131 10.8482803035
6.2010014785 25.6365451798 0.8864907691 17.0058211868 3.3977256951 22.5521037155 36.3223724391 9.2537482782 10.8561227377 11.6110702692 29.9872025170 5.7647010552 13.1772285916 9.1331473412 1.7277140742 26.6940244293 9.7907815408 29.2090624228 23.0775424499 21.4198392098 3.7474070420 11.6011199922 16.9696306541 19.9665530807 19.4017329584 24.9618871102 14.8897514269 22.7152014504 32.3179131828 32.4540839345 37.3101578808 56.1256004287
9.0308909207 13.8549177135 20.7693220158 1.9310527833 35.9658412750 20.9612336422 28.9588356719 54.1535755150 6.0055414690 28.9491502098 24.5641450152 16.7800183965 8.2937155177 13.9444773592 7.1790060729 4.8751947689 36.6837272862 20.5050647362 33.4417266807 2.6359292720 23.8347419279 16.2726836467 11.3569953681 8.8071671868 11.8337250002 17.7193543174 28.9761043512 31.7655766384 2.1107814134 29.6591434038 15.6883986893 13.9158008957
52.7305385250 22.1397621450 23.1870132820 43.5138498968 41.3162170741 12.0615969032 54.9542562538 54.1386388271 53.3179885188 39.1786968165 9.0519629801 38.3541106114 8.0654342751 67.2529170399 60.2484687161 46.7635996774 88.7735731158 94.0406472546 87.0547125999 69.1076516489 95.4303683377 90.1076616072 104.4177298903 77.3770017777 77.0100622382 106.6139804357 62.3579083258 62.5902441595 95.0886770419 91.5952693375 74.5664564337 99.2336797775
23.4888423861 25.5222271616 6.6788904199 38.2896751255 15.0758689786 1.6911847720 53.2270563716 18.0528382732 28.7210432601 0.2778043532 0.0311186607 3.0285509147 6.6227629319 37.4401527660 21.9496624341 17.6839766960 8.0807297986 26.6386461320 1.7555952767 8.3080313987 18.3551765285 22.6494755050 15.7585143852 3.8316475517 2.5133636097 48.4365939280 9.0748030683 15.1515806044 0.0935407170 33.9146904257 19.4333734843 11.1147820133
74.4311024104 25.9913810250 75.9793490204 78.3219022264 42.9852574013 64.9197941373 54.8213359549 15.9720965696 30.4208205898 28.2058624230 34.4964838669 11.8500655849 23.1461579043 31.5717847564 7.6379966401 13.9607737403 12.1322528184 6.3667674173 20.9645740114 1.2540492868 17.3266425686 41.4585305330 3.4140615288 10.4910533140 4.0940817050 2.0886295926 24.2909487928 9.8432055573 16.7106195599 6.0272191761 7.8502188803 26.9078635200
3.6888897423 8.4129035928 13.6882146682 5.8995793701 21.0696862482 19.4237691424 13.6531025041 14.9010894039 24.8511060817 0.5831326529 30.7692228987 8.2643238176 11.8044278861 13.2966360383 24.3105837858 36.7342392996 32.6245105739 36.3661069845 16.9656205394 22.2303795813 28.9857578908 16.5647291072 21.8226568564 26.6001464771 14.7093067928 11.4361817215 17.0935535548 24.5538917631 13.0601321704 51.6640464822 32.8375059076 45.5356672016
19.4078581135 31.7997398844 92.7736791320 27.0554269327 12.6638777323 23.7440673505 66.8041016417 45.1109698466 25.4069574222 76.2794592077 31.6517767101 57.3690105044 25.4610907429 9.0675425681 34.9459008530 31.3142436152 54.3895250457 20.3971873111 4.9927726892 20.7606156612 3.4893794136 17.8691322207 37.8889239273 4.1816478162 8.0593346623 16.5095398066 7.0978312355 0.0555111428 8.9500858876 35.6352512015 4.5438508797 34.2902287815
4.2247466651 36.3305348835 35.5346079615 41.9099560661 35.7416355347 51.7896724822 71.3480778599 1.4389753700 11.4911844724 21.3768610952 8.3195529654 19.1410650280 2.0898814114 55.2977371193 27.0487667293 6.0882317985 26.7466902775 38.8703703688 7.7898837408 44.3041064085 55.6289884206 9.1465574710 7.2812497275 32.3910673258 14.3109973151 7.2976144382 50.8787157879 11.2587579520 52.7745430441 28.6870519293 51.3127553726 68.7199267899
27.7650388033 13.8623301481 1.0023069306 30.9694680671 23.9756257462 12.1570358120 45.8522086653 61.3173379599 6.5876465354 29.0651076910 16.9582762284 44.8478857291 47.5800619493 8.7846025040 4.3607812951 14.8082501898 36.7905673304 55.5922969994 77.7884059110 86.8069786476 73.6140598223 62.6408738428 36.2369280840 43.1820648469 48.2855316546 71.3276667417 73.1221429485 71.7594895690 43.4029136030 59.8899318407 49.8820333720 75.1535170868
39.5701888057 29.8890400017 65.9663726683 58.6960650437 80.8963794720 128.0912173249 124.3574451145 54.3415058502 74.6913202705 96.7416929657 111.6354218718 94.4924657623 103.1066621025 74.4545641229 64.6573249754 79.7808947421 108.3892464422 97.6279252882 87.4818133254 89.1904799862 77.8397202967 66.7147278773 85.7648222875 60.0195580595 87.9752863352 79.2785601445 80.2105341316 61.1099919221 87.2975174603 72.0662920218 111.2774087647 92.5226877876
83.8462794725 12.0108562246 27.1558298676 53.2915420304 28.6539301176 2.4342152180 2.4146410198 81.3785359075 24.7324503225 22.1393889319 47.3990870294 33.6851735036 39.4708253032 39.7436571871 16.4068645391 80.9747755148 140.6414324990 130.1545913334 153.8643974170 111.4017938786 119.0181377171 49.8723156438 73.7922895613 85.6831878999 89.4878431113 124.4232548338 115.4641124196 128.0113379053 93.6373251322 165.3743988115 86.6959321469 150.2631808814
49.5810274080 73.5786738597 16.4611699788 61.8075818956 29.3172298520 15.7572770326 89.2524019692 78.3708101770 22.7354556138 2.1943344060 1.7904544960 5.1172426496 65.1977755095 34.1691464330 44.3505438464 2.2695024388 163.4115536641 159.7422788862 136.3792464897 137.1659383860 168.8764450640 111.5186468070 121.1834957071 130.1581086871 145.3554176942 125.5412025761 175.0669601066 165.7237550476 151.4486295844 155.7652348362 154.8847169214 188.9664087732
80.1621626470 50.2034393772 90.5650775247 87.2363593219 139.2739373543 88.4569157612 94.3214826212 87.8910836381 55.5854312045 9.8719439444 77.2502929688 57.9221009192 96.9563376611 47.3333747430 41.9708353338 37.0830623023 84.2494646440 134.6582053196 181.2540268251 123.5599770132 148.7893978815 120.7089236345 93.5742959111 114.9430674369 157.0941849185 124.6642880701 106.7404124752 127.9569065877 154.3541636824 183.5478141085 128.8874377539 184.8662663319
45.3654299628 80.2208886237 49.3823862051 46.6190417052 52.3607322229 57.2060783015 49.5926708575 47.0681063302 11.5988596420 1.0374803296 13.0663833914 26.3256665603 55.6567176705 30.8930979022 50.1093413579 20.1525841301 74.7182798696 50.3044440631 56.2728930931 86.1775329898 59.3283937151 54.1238566587 35.2745135168 38.0099334517 71.2074501611 71.4466091847 99.1074340722 124.8149535214 113.4109583800 99.3283498097 126.9674629701 126.5361155479
63.2997910326 10.7944860586 69.8639623137 16.2591689321 58.1625784109 36.1237675674 45.3343620159 65.4872489410 71.7141388386 1.8999784049 30.8116506152 88.3151941870 42.9795254663 57.7484258167 61.2198513159 100.7572821791 149.8704321521 143.5181354047 142.5998176037 145.7839766843 112.1825817201 122.5130763691 94.8922335007 131.8899659133 143.0072767284 159.9774723442 116.0978754965 134.9116063857 170.0436447641 199.2522550385 135.2331813708 239.7015970358
30.5842794906 8.4437251912 59.0678674105 86.3858554688 42.3633497998 49.0600489452 82.1109378214 2.3819953105 69.7960878396 0.2897926797 92.6972561164 94.6397959804 8.3722749625 75.7560145439 5.7918016392 6.3420460332 100.8257572763 63.9832237534 87.7958461770 64.0095596464 63.8428696077 72.2992817559 65.2656098163 74.0983461502 63.3129779067 84.6933826490 72.2841075822 68.8631059435 52.5282559313 73.5258959761 55.1566150111 91.5280897333
19.8025983337 42.2723866825 65.9689619201 53.1120693516 46.8521577563 0.4524058931 80.4075969962 15.0300183157 2.8689662993 93.8779813497 85.3723703918 33.9274192139 48.3962659940 13.9577296977 15.0134641177 26.7935907794 6.4413554754 23.0502401942 16.7859707812 16.7322433256 30.9248054588 10.6443196393 19.8384035262 53.2731389483 12.6155844749 0.6871484848 44.6401670896 53.8856101559 41.2539644089 12.3387112807 9.3147737040 34.9907063570
93.2917964912 59.5497081980 68.7661815687 81.3528158564 96.7881664580 49.0136267016 37.5457734085 93.1443290931 8.0099113719 147.8442369701 104.1698823778 44.4067915558 78.4580973483 76.3626435957 70.9302195162 92.0860509544 183.2876180655 157.7131553039 217.1515126322 184.2428223643 200.1863267832 157.4013319459 130.1329695164 131.4797736616 198.1668497447 168.0572910305 146.0529559555 197.9535816335 171.3740033127 205.7485443660 162.5228686046 241.0622684572
27.1799284509 6.6874202994 9.2413654809 4.0737692800 55.6999169554 18.1933265125 14.0521820828 39.3194762711 28.3514888147 61.7431952173 50.8236368024 45.6684200729 15.0410063419 94.5603209842 13.8210250905 51.1389185093 78.1291632705 84.6266363334 90.5881322781 74.5994112562 95.7024526255 97.1781551844 74.1075229159 65.1199992405 138.4864366050 108.6115579756 68.4396634727 52.4159367242 64.2547204734 114.2965378831 33.3229277372 119.3265746694
36.8808652949 24.8684653729 3.2623165370 36.9454887734 1.3087137445 4.6092326692 57.0129081631 46.0390388476 32.8118137111 37.7426414444 16.0976547298 72.6419396308 52.6879650366 3.2081874300 2.8511603538 0.0964699373 72.6963620175 67.1656579380 102.8166254624 82.3891279064 79.8117797108 82.7165243638 79.4759231866 71.8361803135 39.5134217582 88.4510026071 21.6141603545 73.4062748917 52.1308402147 102.1036350097 35.6716801691 95.8631284493
106.3507275010 54.4826675351 113.1180182389 106.7590756034 93.8178560422 88.0183905315 73.4817597540 80.8882160472 12.5886038826 74.8189992298 27.7429276247 3.6936651935 17.1927179545 134.2949946167 62.6071540379 57.0474843502 273.5353574149 214.9374970756 277.5260643313 212.9295608625 170.8184311144 190.2106223642 202.8628444297 154.8687526319 238.0703175972 229.0618791832 181.4726719553 191.1712174816 207.5780163445 268.4769745500 204.2157504747 271.7064356396
28.9509264840 33.7604372682 72.7583349212 47.6214570141 8.3267052049 53.3191792845 42.2695025649 79.8064922648 26.5943367954 44.9913463202 4.9504898127 23.6697688290 9.4151699146 33.1765030273 71.1555068638 32.5006205385 89.5098602825 40.4593855975 33.1917553639 44.9265975372 25.0309429354 14.4629732822 25.9722938379 13.5311268072 36.1248090662 7.3238287817 15.2073094280 38.8113002544 13.5602697744 0.0145891840 30.7609329227 24.3977953766
59.5528715518 17.0489377111 18.2611963996 33.0328191107 88.8862436195 27.8454449366 20.4081608782 41.6472045943 6.8082125532 55.0304514262 86.7743456469 18.0639287062 40.2454601822 30.6176357452 58.0240464247 48.3206396001 67.9407928850 22.1516421465 20.4202115916 14.2964365334 18.5463141439 58.0111157356 3.5981873583 16.3192241032 4.2211459336 31.4371189239 22.9091090519 5.8367266511 3.1101262768 79.7329373426 60.7939676572 46.9963014895
5.5518327437 20.6343818309 11.2021515048 62.6278161922 70.1302098905 45.6601402266 22.8093461698 8.2177554366 25.3430724118 93.5878569506 12.4103647252 19.6026739304 14.0678957530 28.2610230951 37.1973897882 9.2098607221 61.2916215669 58.5148110033 46.6197865483 25.1927539280 21.0091462213 2.1605463613 17.6238366381 46.7047954576 31.1534105128 39.5802379081 47.8713549946 36.4689121113 32.7251996225 78.4157713324 55.9112685354 56.7072451642
90.2619168435 73.4576760515 20.8453221358 42.7296790454 58.8484082203 46.2366551055 109.5686127369 10.7024713961 17.2494394052 5.9191139451 76.3298754551 12.9815549696 16.4200607943 12.4621256700 28.0012351550 3.8108702297 103.5996929256 26.7137682940 67.3021385890 2.6373967473 13.5195681816 20.4763553549 18.6883501112 20.8231512297 58.5655069210 64.0250003175 15.0807906849 30.0685572680 25.3475481703 46.4386454822 29.0567259050 34.5968824457
15.3326266659 52.5793426897 20.0527257660 12.4975666771 15.1172092376 61.9162229503 19.9358013572 17.0249293622 57.7907732996 29.8817442973 20.6705178212 19.5481146220 15.0928053777 5.7396414327 22.5614375122 49.3967240139 127.7058551721 151.2813938572 161.8263161311 126.1548192412 149.3289488544 141.3916917756 106.1377133285 112.9757558350 104.6437743048 94.8116587517 107.7146580607 67.7879379850 77.3589986190 71.8461032618 113.2599925332 106.8431131692
104.0173797945 82.8887087491 112.9784929700 43.1580358942 115.4931254847 36.2103782130 77.0048055081 112.9269589812 22.7210900038 6.5524314534 42.1608670517 15.1543945671 65.9093052455 30.4488897125 12.4160228578 90.1468741638 50.3115850870 105.4835486036 142.7337464616 57.2031610382 89.5392336754 91.9539485974 126.0093504169 62.4344049525 121.7410999180 92.5561239309 54.7633182026 67.9470896259 92.2385418378 83.0431700678 63.2441631066 39.4744856500
