0.9999954894808964
0.9999970234219971
0.9999959915307368
0.9999950007692799
0.9999951836544886
0.9999959019764640
0.9999943006478753
0.9999971938763864
0.9999981831588830
0.9999949020106995
0.9999964438502819
0.9999980612542232
0.9999962461348738
0.9999984225505085
0.9999926097652199
0.9999971084867325
0.9999856602876048
0.9999893888857707
0.9999867605334823
0.9999901144391576
0.9999906373036673
0.9999910941720943
0.9999922844481060
0.9999917746426005
0.9999905326671994
0.9999898151195935
0.9999900049924501
0.9999906490527528
0.9999917230571049
0.9999848523354761
0.9999903227365554
0.9999823392155107
