0.9999917306781142
0.9999945798448908
0.9999907463716549
0.9999905736310978
0.9999927003956656
0.9999933171348853
0.9999906006580328
0.9999915511514880
0.9999834405914539
0.9999874746463918
0.9999926495893687
0.9999891825862586
0.9999912409300935
0.9999926333895343
0.9999912548550290
0.9999921133322179
0.9999687656320450
0.9999779208142826
0.9999667538223485
0.9999746253474260
0.9999764429691695
0.9999754632655380
0.9999792173258485
0.9999756295313222
0.9999711312058445
0.9999784891873407
0.9999727020646352
0.9999820861352442
0.9999793844437036
0.9999698812919210
0.9999758029194221
0.9999629818306458
