0.9999947287738057
0.9999950732055949
0.9999930488855718
0.9999936080862014
0.9999943427415059
0.9999903569597055
0.9999922454852850
0.9999938474343570
0.9999933417887445
0.9999923352784746
0.9999925046449030
0.9999951716846714
0.9999941997839867
0.9999966705112563
0.9999913110352474
0.9999930043875246
0.9999744991602517
0.9999772683398253
0.9999699228110845
0.9999778746534513
0.9999763792739315
0.9999815940280968
0.9999844124529749
0.9999805982778809
0.9999761736757452
0.9999764255144418
0.9999808744669764
0.9999814048180136
0.9999833215586289
0.9999717743509737
0.9999766688538410
0.9999678368014989
