0.9999938974189864
0.9999965606114378
0.9999955750469477
0.9999927164128218
0.9999953808387492
0.9999936760903806
0.9999930307573661
0.9999952148308244
0.9999959100317820
0.9999940535522636
0.9999940686258356
0.9999961343791306
0.9999949674613111
0.9999977067600498
0.9999968964597536
0.9999959752435016
0.9999818343612948
0.9999853585117184
0.9999771173389371
0.9999841607708145
0.9999855684860420
0.9999866073806949
0.9999904400437331
0.9999881171110057
0.9999827362134471
0.9999845756051272
0.9999861499341403
0.9999842991787332
0.9999817206876217
0.9999777705007072
0.9999847156134375
0.9999767773191023
