0.9999948291542903
0.9999914844744595
0.9999920083431875
0.9999923625549256
0.9999937460354043
0.9999921660198227
0.9999879494238628
0.9999924906835949
0.9999960240919431
0.9999932528218799
0.9999956779035652
0.9999938360492929
0.9999952584356128
0.9999943902094895
0.9999937699802409
0.9999931591199246
0.9999659635081130
0.9999792932781368
0.9999710219014236
0.9999778300997768
0.9999777349247581
0.9999803056580086
0.9999841870639816
0.9999804414907867
0.9999743432154685
0.9999782064712451
0.9999822912070404
0.9999786163417749
0.9999792151909670
0.9999701370680634
0.9999742246666978
0.9999613269773804
