0.07419914498304
0.08310997094400002
0.09358900429824
0.10297732344064
0.11346549719295998
0.12428840007936001
0.1353062656
0.14388002095104002
0.154662865984
0.26568993958144
0.37059652976896007
0.46887653671936014
0.5590564863206399
0.63638527845376
0.7047642796057602
0.7704401471078403
0.8336654155878399
0.88376243946496
0.9794379998233599
1.06653703619584
1.1383012157440002
1.2118592736870404
1.2703634268160002
1.72677681113344
2.03846206710784
2.297116109376
2.5354982686950405
2.7338955797401603
2.924816875932161
3.1188859789542396
3.303175391296001
3.4706199616000006
3.634482970624
3.8042536421401603
3.966534291455999
4.1286273631257595
4.291559705664
4.453707121008641
4.606311797824001
4.77032426109184
4.938300839549441
5.0929656975999995
5.2588909908198405
5.412970773872641
5.57093678420224
5.730584850496001
5.895222848064001
6.0458233312153595
6.20945796038656
6.379099873344001
6.544092538677759
6.70836521862144
6.887508952360961
7.038723118704643
