0.20824763945248748
0.4615101547233529
0.3798718836307131
0.004675560741183915
0.341127946323148
0.7498334757638503
1.143054886731008
0.515912185655722
0.5357752826474922
0.669919667322489
2.6409510749043363
2.2836350517818573
0.38715395028299326
0.45451913730266824
2.933785814888779
0.6252790041771732
6.7067289750215195
1.330057505205673
0.4377472076820368
5.88014477794286
2.437472077986513
10.28940997456084
0.9054438394562112
2.660555985877636
28.532625872235258
27.91221435281477
60.549703478644005
10.870772891037632
44.2259990317707
32.58528566775021
85.10948606520469
24.23672467178767
36.63494279591396
9.019182721116522
33.34560933965622
41.08271638109727
25.43397616232687
6.829428541364905
80.99997995838203
29.85097686887093
65.98301458555943
21.245437053024943
93.96936642490618
38.15378855088056
18.619406748432084
10.617840404294839
47.23274432053586
70.44724315222993
61.985967275824805
2.4144639940277557
1.9133778934337897
20.376823537349992
98.06850488605414
107.87535537465956
