0.0692321344
0.07736764502016001
0.08666853378304001
0.09542860079104004
0.10440550041856002
0.11351293012224001
0.12324817891584001
0.13299850434816
0.14102368217344
0.22865918973500257
0.33471686262784006
0.42110962575616
0.5004600346239999
0.5715214848921601
0.544654097394074
0.6922612741017601
0.7457386369945601
0.8008588966118402
0.8850865767321598
0.9661411624550402
1.0377252413440001
1.1009448687846402
1.1608321325286401
1.58951174317056
1.8892216605081606
2.136765685824
2.35758090701056
2.55656051605504
2.7403597545702403
2.92758670276864
-0.8911264317330132
3.271010809960959
1.622561128624922
3.590994680064001
3.75436816420864
3.918170045194241
4.062449864704
3.5037327385724737
4.386511360000001
4.53002526228736
4.692914613544961
4.846817118781441
5.006116274199041
5.155835073832962
5.317333457103362
5.47415491135744
5.621982429184001
5.783370858496002
5.95202288845824
4.043605701439525
6.2758586916889625
6.43960864915456
6.59389265387776
6.760890269309438
