0.15281536179758604
0.35065834313025945
0.33143149456528676
0.25088592486713424
0.1856503013924069
0.08056803810434587
0.40226773733782295
0.6160625271304809
0.7693065254931213
1.6996686130063097
0.1481090001180405
0.6896460585916202
0.17596161766766727
0.435600995658433
5.226974802698805
2.679995168296614
3.505271463920394
5.613159758279949
4.2198205843398
0.04795391172388008
2.1783887558806327
0.40225733127044805
2.2807141393700476
4.640063490461671
6.7279636559314895
0.2066974259159906
22.972749802980616
12.698058648913502
29.79345001051297
37.14294862229508
129.36727142505333
45.825687050317356
114.58577242334286
32.20966929336646
2.1364024445429095
60.48104593191965
76.03294442353581
85.0663295552331
59.425981777570996
65.87402274455599
20.440747585806093
8.336654526348866
51.791757065926504
12.965879985742504
43.10377649698057
41.127175264584366
65.18331706560275
36.743942237255396
56.853695149489795
110.00294524457422
65.6644860691813
69.82418731312646
35.79613732016878
25.20805559300061
