16.317122742468225
24.550406256724052
33.44241718117144
41.9277427603344
50.46088242723037
58.2630308422776
67.35917130693814
76.54632588611612
84.16688098931631
167.40792607414662
252.40069777369135
335.4230093276911
420.3254981934751
504.62280919071327
587.3956666434375
673.2702988455192
761.8476455540792
842.3366408572755
1007.8791276951607
1178.465461519384
1347.0963308585406
1521.196284316549
1674.9596739190042
3350.2932677527792
5055.325759422147
6769.109270787456
8391.824681808439
10113.460268955576
11787.70380726936
13483.403896098627
15114.474366530705
16770.851163499
18476.3248732272
20159.667112989562
21911.16058908862
23491.10817754323
25181.43723362693
26963.428750410956
28633.464332900596
30266.42263062637
31987.589010109576
33663.20068837237
35276.134481646506
36967.320635270844
38725.07436958227
40431.39264784228
42066.97360124829
43701.519365092376
45394.91254648743
47063.872154006276
48792.77582320639
50482.363590148816
52157.017524319745
53782.4218687594
