0.5028772575317753
0.679593743275948
0.19758281882855755
0.12225723966560054
0.0008824272303726843
0.6069691577224035
0.0791713069381359
0.8563258861161245
0.06688098931631714
0.7920739258533729
0.10069777369136546
0.9769906723088866
0.17450180652491554
0.02280919071330345
1.304333356562438
0.47029884551920986
4.9476455540792585
1.3366408572754835
1.320872304839213
1.0654615193841437
1.4963308585406594
7.3962843165490995
7.040326080995783
13.70673224722077
9.325759422146803
41.1092707874559
18.17531819156102
21.460268955575884
13.703807269361278
27.40389609862723
23.525633469296736
49.148836501000915
25.67512677279956
24.332887010437844
45.16058908862033
56.89182245676784
48.56276637307019
51.42875041095613
39.464332900595764
9.577369373633701
29.58901010957925
23.200688372373406
45.865518353493826
36.67936472915608
39.074369582267536
63.392647842279985
16.973601248289924
30.480634907624335
19.087453512569482
32.12784599371662
14.775823206393397
22.363590148816
15.017524319737277
16.519276751711004
