0.06856688886784
0.07645977098496001
0.08465958375423999
0.09275094614016
0.10178345883904
0.11016982425856
0.12015374342399998
0.12903613465599997
0.13703382468864003
0.23452866809856002
0.33412654215424004
0.42241264451584
0.50768247033856
0.5821079616000001
0.6465060511360001
0.7060355231846401
0.764211652864
0.82207152377856
0.913660692736
0.98659244445696
1.052117929984
1.1184839170560001
1.1752884210918402
1.5967537005798405
1.9028414709990402
2.1406264957439998
2.35552754761984
2.549923535104
2.7313934911718403
2.9084055318630404
3.06744119148544
3.2445174135193606
3.396395407933439
3.554334974671361
3.718510582336001
3.860621375592961
4.0037064582169615
4.166693397504
4.321875103744001
4.465972645911041
4.6134915932160006
4.7667115584
4.908777011776
5.066547208560641
5.219894300797441
5.3782210994406405
5.520123935631361
5.674183164559362
5.832147720256002
5.9808263200998395
6.1446318810342415
6.306318301634559
6.462227669117439
6.6182295984640005
