0.348265419582372
0.12778049064910135
0.09509467155454843
0.0743641190405171
0.4410423952848248
0.09967500014808905
1.0650475470731493
0.8182362322634731
0.363178862533573
1.1652523503832128
0.8730654943215939
4.967389610907162
3.792533132786218
4.890552933204276
9.312455984390567
12.238857060466557
9.13821835651629
2.062601801042433
4.282930632909142
9.108400172647862
22.27277654234399
16.82127760012486
22.236270087473258
34.58912561756233
40.4899076302745
21.34058181866203
37.277079729576144
28.40932638291997
9.3918144656418
30.440796032113212
62.85321745929468
79.51110669199625
1.4111378698107728
18.850397179117863
130.7497492985931
19.041489378018014
69.7033478506346
73.4307124980296
135.09335432768057
74.11665153930517
50.776290990790585
88.0891999595624
4.8686574979365105
70.16925934504252
86.61493642926507
147.15646890056087
16.444751852592162
6.5971245255786926
25.463415397694916
68.77852995613648
16.599137157958467
2.6677386591545655
64.35624583693425
70.79187042062767
