0.06856688886784
0.07645977098496001
0.08465958375423999
0.09275094614016
0.10178345883904
0.11016982425856
0.12015374342399998
0.12903613465599997
0.13703382468864003
0.23452866809856002
0.33412654215424004
0.30304462067131566
0.50768247033856
0.5821079616000001
0.6465060511360001
0.7060355231846401
0.764211652864
-0.17645621669599032
-0.1874139845840057
0.98659244445696
1.052117929984
1.1184839170560001
1.1752884210918402
0.9459782569398881
1.9028414709990402
2.1406264957439998
2.35552754761984
2.549923535104
2.7313934911718403
2.9084055318630404
2.234537938691581
3.2445174135193606
3.396395407933439
3.554334974671361
3.2428670180828343
3.860621375592961
1.2060126703042653
4.166693397504
4.321875103744001
4.465972645911041
4.6134915932160006
4.7667115584
4.908777011776
5.066547208560641
5.219894300797441
5.154926729715061
5.520123935631361
5.674183164559362
5.832147720256002
5.9808263200998395
6.1446318810342415
6.306318301634559
6.462227669117439
6.6182295984640005
