1.366541378495409
0.5289635646756032
0.6264013040176621
1.2152192798906256
1.0085357355236724
1.4806590004821487
1.1592915731254152
1.5293489747585625
0.3468164476937403
5.366709310180681
8.929466026373063
6.536157096188504
2.65407844045842
1.277099815064446
0.4490267027712207
6.2691463644019905
8.503959907080912
13.436730718080412
10.904296947512307
7.3723278066761395
8.04507026512806
6.340725259766941
8.62821318851843
1.7426488823439286
12.641554589774387
7.759732678536238
31.497725711087696
10.412784605730849
19.968856365796455
51.86657936530173
28.097382215180914
78.81992108318082
19.57078280732094
25.534143746255722
30.69637942601912
33.218383498151525
86.09050696537815
30.43487814204127
20.217928969352215
24.358641282407916
3.1833689437153225
35.628858387543005
38.202186368864204
18.531978937571694
57.95200983322138
85.63239740187419
23.41673362428992
39.242741361224034
94.88012472752598
3.499871456748224
48.66163015917846
29.233851671611774
51.181886351485446
56.300074986633994
