-0.009270223436016162
0.09422542387456
0.10698027974655999
0.07164485183283092
0.09291753768067099
0.04995668553744609
0.08792735027344974
0.08801112669296687
0.17702685991935999
-0.3511613019283244
-1.1066956333068791
-0.5783828709753969
0.3753661684060279
0.6710466976153602
0.74513081353216
0.7172154040111381
0.37906594199098054
-0.16865400227679006
0.3958508843835721
1.086180570061445
1.20427622498304
1.27926595895296
1.3462496784
1.8345163820262405
2.1650556280038398
2.439294206976
2.68695565828096
2.9040849597337606
3.1123621220454405
3.309333339331337
3.5030243111142405
2.3688261096401586
3.8715567981798404
4.04876854888704
4.229583816663039
4.39580536062976
3.8022969344149664
4.7372462752665605
4.907451300618241
5.075742248304639
5.246386585200641
5.418868861992961
5.580329001984002
5.755385244674559
5.92937304892416
6.102994739776002
6.26836547183616
6.4427353991193606
6.622395794882562
6.787275457600002
6.958917376576
7.13872043571456
7.315579519395839
7.49527725270016
