0.11104783123456
0.13045619344384
0.15160494747904002
0.17083209977856004
0.1924401424
0.21310262620416004
0.23371113959424006
0.21365663065500545
0.10825555222379127
0.17524215647387192
0.5293760181694228
-1.1646783830345997
-0.526288799567188
0.9225648604057601
1.0097323651993604
1.0908114653286398
1.1657676377318402
1.23498591192064
1.2814170149551336
1.46520760139776
1.5604007056000004
0.6050240592039497
1.72608305250304
2.30304177202176
2.704119767472641
3.033382342256641
2.4889570989953897
3.58672691086336
3.83059426185216
4.05798140602624
3.622516328135863
4.514455475735041
3.9172312907347875
4.924387057216
5.133160859904001
5.330490946767359
5.53170831533056
5.735979016092161
5.929630190922239
6.137391845376
6.329587768035841
6.519982294735361
6.717211603970558
6.9208981776
7.115790991936002
1.2618913377436707
2.844259594699965
7.710742641141761
7.916182897469438
8.116299583744002
8.31881268891904
8.51282857269504
8.723318195496962
8.933011517647362
