0.029606803754308686
0.348283569769837
0.048306490803618374
0.5279528449377366
0.030645059621321025
0.284370469951412
0.6259625116244933
0.8402134611118868
1.613571938871857
2.4754969158533413
2.2330408372434647
8.374274883232431
7.081145288881373
2.5939284600127053
3.0809530361810857
1.5605050679395163
0.8018216929719983
3.262431191085966
6.964759172196295
7.0571747037301975
5.95263952430787
17.24201891967118
2.5101783211889597
20.880575914031397
28.97723889568624
18.79591866201281
54.16636245744485
10.49670296639124
0.8090990714154032
44.01681405639101
66.21657764943666
62.15206744625175
70.8948563487138
25.64630590239176
4.005794048993266
39.54434034779115
34.260334406917536
9.919634355945163
26.47368094977719
63.802953972852265
24.97044594666295
27.93989643966779
22.9522477901628
34.75059262091963
13.362518734415062
127.46210768651508
145.28960684590857
0.3258193396977731
38.7905555350153
23.74241958821949
18.40858500097238
67.42720726926927
29.403449566219933
32.34379452284193
