0.23666829787233468
0.33145098672266826
0.21622387041638547
0.8460305014417102
0.4381668099203111
0.3123900523542247
0.08394729661512201
0.03324888380616642
0.7176045130208877
1.24635047152384
3.364853763488469
9.32170523843314
7.884485152842785
3.393781548081108
4.042003372653653
2.8529271454669924
0.9820096353309964
0.8505393535001531
3.0014028140453775
1.3409024664263143
1.5693292400806058
7.856131834866119
8.31859528751761
33.144280254024125
30.20016523081904
15.107541431380923
54.19751505570457
3.343155039685371
13.433879165824692
62.69280062670623
46.59832532835571
45.377668359982636
82.28568715990332
28.640022874838905
10.995430057962949
22.20100387903949
6.118779640793946
48.64608600509746
21.443595997250668
120.23267272469093
87.73172338603035
39.42718416985008
47.29901420762326
105.88120166822046
83.3101722477004
60.38254478417366
206.30995416230144
54.07404231544933
83.89359146503557
58.01711101811816
40.06009860489576
59.33036979070312
37.50532146637124
41.25585361300837
