0.11104783123456
0.13045619344384
0.15160494747904002
0.17083209977856004
0.1924401424
0.21310262620416004
0.23371113959424006
0.25372577894400006
0.27469171138816006
0.45080803922176005
0.5894627881190401
0.7069527117030401
0.81952029085696
0.9225648604057601
1.0097323651993604
1.0908114653286398
1.1657676377318402
1.23498591192064
1.35848908619776
1.46520760139776
1.5604007056000004
1.6531540911001599
1.72608305250304
2.30304177202176
2.704119767472641
3.033382342256641
3.332026747456
3.58672691086336
3.83059426185216
4.05798140602624
4.297322366402559
4.514455475735041
4.710240287357442
4.924387057216
5.133160859904001
5.330490946767359
5.53170831533056
5.735979016092161
5.929630190922239
6.137391845376
6.329587768035841
6.519982294735361
6.717211603970558
6.9208981776
7.115790991936002
7.297216184895999
7.528271617884161
7.710742641141761
7.916182897469438
8.116299583744002
8.31881268891904
8.51282857269504
8.723318195496962
8.933011517647362
