0.3878850207170146
0.6592329324220572
0.09497064878673456
0.12917987463080038
0.9532924671559186
0.7170088984611311
0.33222157030809285
0.4412069746632028
0.19899889303648877
6.775881638896351
9.35457524669448
4.206637858358306
0.0002676108240962094
4.232561228662121
10.717621419165425
15.184171805409733
15.77671095326184
18.1072839231025
13.56279794977604
15.859481105728491
0.20493330650037933
11.895940794482385
13.625085362195932
61.35525824660772
38.41686925285467
9.206775410106275
17.530375555550563
52.42291390551327
57.425250388290806
54.395389681203596
36.70831989846556
20.529359089770878
44.81362213543616
45.13616517883929
79.83651736580941
79.65415569630204
99.97513551583688
72.56962834646765
45.1570377762182
30.41952260524704
75.3479647340755
63.077776808830095
35.46444238314143
90.86841321646352
94.38774198709143
102.53421016196808
84.17895147702075
14.35707784313854
92.92430968867848
17.36799297001562
38.92276575044525
12.642063528997824
32.58312000364822
35.84143200401304
