0.029035972554014716
0.07965305690091776
0.15475978338304006
0.16916308347136
0.18169281351936004
-0.045322597999301356
-0.03280731833565817
-0.046548170522345944
0.12219975945510485
-0.3515791361383534
-1.4533116391633938
-0.6177384044341014
0.0008585088336128255
0.7076087658556266
0.88300150937856
0.7913820064356918
0.8279885788070867
0.5558395381302749
1.1680975876700235
0.530072478974597
1.3834238570521602
1.4595036770406398
1.5338247841382397
2.04953353380864
2.4053826241561604
2.69399962174464
2.94864396051456
3.18424895447296
3.40223632303104
3.609361628224
3.807206415400961
3.99934082715904
4.18129210411264
4.36677587636224
4.54547175692544
4.725531651709441
4.651281978190243
3.7850053117094724
5.25961751028736
5.43608996299776
5.60596919517184
5.300408050830841
5.958980927285761
6.12797746581504
3.674906741518044
4.548009465752825
6.656226625128962
6.841028567296001
7.0111075042201625
7.198660713024002
7.377021034915843
7.56453293660416
7.7499878544
7.92767543952384
