0.12554493005824
0.1392185344
0.15475978338304006
0.16916308347136
0.18169281351936004
0.19893312676864
0.21263165440000006
0.22712163369983995
0.24027407954176
0.36619538782464006
0.4858268433638399
0.6023150672281601
0.704941593664
0.79724040884224
0.88300150937856
0.9595785437286404
1.02710279313664
1.0910688253977603
1.2007250421760003
1.3019394198553598
1.3834238570521602
1.4595036770406398
1.5338247841382397
2.04953353380864
2.4053826241561604
2.69399962174464
2.94864396051456
3.18424895447296
3.40223632303104
3.609361628224
3.807206415400961
3.99934082715904
4.18129210411264
4.36677587636224
4.54547175692544
4.725531651709441
4.90152678129664
5.096302638000641
5.25961751028736
5.43608996299776
5.60596919517184
5.794719683061761
5.958980927285761
6.12797746581504
6.322505068464641
6.4992364096
6.656226625128962
6.841028567296001
7.0111075042201625
7.198660713024002
7.377021034915843
7.56453293660416
7.7499878544
7.92767543952384
