1.3927921420644296
1.042388740343128
0.318030454376796
0.8298464109073009
0.10383383607351959
2.1836935015320833
2.0635153854467347
2.3989249666003616
1.920219536435937
4.769010427730564
9.342926035243664
7.050520455283845
5.553277295547105
3.5184496542703414
1.4245755656701249
5.134565808623279
5.685317582392031
8.612488660754593
6.719896820083818
13.409271069231409
2.6101265844647514
4.035138611376851
0.21297281912370636
17.082887562982705
14.513320813929568
14.189578875768348
5.407847068230694
23.7020022163706
31.326433091191575
35.384860913283774
26.538520756530488
19.41470152630791
37.79109734563826
30.76592428983713
59.53376507437861
54.59336500455174
71.42935005008258
103.71679371352002
12.750239139277255
2.5108724912497564
42.63550871634288
94.83062459868233
5.07548503576254
62.322547998024675
120.34091905519017
125.76104901821964
63.62573902629083
2.7897414376639063
79.12434180775745
7.4583458451670595
32.87781421699037
14.47737303255417
30.129992162554117
33.14299137880953
