0.11212317085224427
0.18631308960000004
0.20214879241216005
0.16852655350078694
0.19016581786615866
0.24810121912576003
0.26239801350400005
0.27685444796416003
0.29192668344576006
-0.201520321180771
0.21252343856888384
0.24415259743905965
0.5330891047376489
0.9266264830873602
1.0139458858214399
1.0898925700326398
0.9699857806700536
1.230999126016
1.3468623759360001
1.44851045726464
1.5319072309657602
1.6113316774297601
1.6907488829439998
2.20668885885184
2.56095240856576
2.85575930616064
3.10417039246336
3.3486247736550405
3.5640304824960007
-0.13933632594636514
3.9638006721561605
4.1528375133414395
2.8461875898376006
4.535421048547841
3.4875046067019335
4.8787974400000005
5.0598147561702405
5.240019098237441
5.41026855680256
5.574094346304001
4.898275195120439
5.923717335613442
6.09438884217856
4.053858054298827
6.4479185413350395
6.6205842440601606
6.791861454400001
0.5458372677472694
7.144176303024643
7.32796161163264
4.615978651668861
7.6891563133158405
1.1511029892385407
1.1810179927659226
