0.31342338666540925
0.37218926593613944
0.701914161755262
1.1432915053359096
0.8005819861307302
0.37614307606839503
0.3638058644636857
1.032658069322565
1.3752327217291338
5.011822831120611
2.5295537655356384
0.2444051014340971
10.37856758277809
9.3684225418545
10.978051736425186
9.255507335812808
19.700156857692946
16.293156074154695
16.771390280272158
17.69463365433944
4.674264224114495
0.724255666503268
9.62377039336593
60.235847846757224
117.13907404466954
118.55665975105694
174.43993876127388
94.28846998089466
110.52895846116735
2.8023700932535576
157.96915674096272
190.00969681698552
232.61471193407488
93.65068207895092
264.46725460982634
248.1504470816144
209.69195303740344
164.44227692361164
204.38960739177492
299.407233819722
132.84445790838436
263.6125155192567
283.7188642248366
101.93551753441716
209.96902257794864
218.3218911415679
245.30045812189928
45.29709091233235
225.38997184083564
155.0035560799879
68.05397655071283
104.44029567661346
157.15529083852016
172.8708199223722
