0.2863085957421241
0.057024813308022004
0.2848694517753074
0.22896016510817674
0.22177180919487682
0.9129752440268462
0.3612354056371885
0.011074674535663576
0.5848250238474009
1.278896618422408
1.1227302068168967
1.433636485649572
0.04010985758810648
0.31711874984455335
2.9515314818079332
1.6307490115584642
0.0013653281887400226
2.748090192782115
7.3663308659045015
0.2570246700192911
4.295512107013337
3.628354081998168
7.05414987868744
19.870930013559246
11.989846241882333
0.6009846701444985
3.095194334155167
14.36135280419694
35.912398487649625
42.66541129045072
50.06313938344829
13.371598806388647
17.63393011406879
50.1684419840858
8.349218166807987
26.78734027216342
12.023474129819078
73.05938973206139
80.38867936412134
36.91686090685107
32.35462406964143
22.659476165070373
19.408462002320448
36.37963268887688
93.54292863552837
48.69945079054742
9.694755570722918
24.36958394136309
25.125663227241603
30.87010058156011
34.337753479710955
70.32678891625255
42.97931201575557
47.277243217331126
