0.2880085012556073
0.05794958712595033
0.28465492659449865
0.22859712719103698
0.2227135026599001
0.9144372591170153
0.3630884771396552
0.008875282677053065
0.5823381610592975
1.2758454159059056
1.1219443369782027
1.4360034069470657
0.04556647068756092
0.30915674453558495
2.9416740523610088
1.6417650683017655
0.010352595859444591
2.736151573649977
7.355087655840521
0.2666562202314253
4.302867210249133
3.632936345330563
7.052808315941775
19.837837176332414
12.061379078101709
0.4970607194081822
3.213009658436931
14.461299539241736
35.86717619728006
42.60834893640458
50.248055750902495
13.01476023840587
17.08929190922572
49.42205404010383
9.286566645580024
27.91075723123504
13.31787053951848
71.61529680040621
81.93363217527803
38.539252022543224
30.696565474168892
24.309900004220253
17.810037963026843
34.87682028114068
92.18304110926692
49.89569413076242
10.668285506108077
25.08898517871421
24.708071255125105
30.781719221165986
34.08035048871534
70.99859159412154
41.91766550471948
46.109432055191434
