0.2860231546642389
0.05686866209565622
0.2849068653119815
0.22901954639868904
0.22161517286204457
0.912730842016785
0.3609247720677331
0.011444236725324686
0.5852437856910342
1.2794261749693874
1.1228960409357
1.433281622196489
0.03923522596664952
0.318423568806395
2.9531710607830064
1.6288955285218663
0.003360472961162486
2.750148283225599
7.368324982980198
0.25525453757177274
4.294081870835271
3.6273532191073627
7.054635804684494
19.876387081711073
11.977279412450116
0.6196458227768744
3.0738412401624373
14.343125021967353
35.92079094323162
42.675455698379665
50.03004903220062
13.435659854319965
17.731798715434707
50.302607241119404
8.18071423262154
26.58539000064411
11.790798668091156
73.3189602885941
80.1109901257878
36.625261195116764
32.652631166893116
22.362839575529506
19.695758820307674
36.64975441423303
93.78737314094178
48.48440944070171
9.519736101821763
24.24023840202426
25.20075697489665
30.886007563713065
34.38402271288214
70.20599343218782
43.170228836883325
47.48725172057166
