0.28673097854883167
0.0572540979939653
0.28481697727089283
0.2288689705739131
0.2220068168531384
0.9133394221845421
0.3616965400263723
0.010527801198264797
0.5842071114262097
1.278145696232201
1.1225497217028533
1.4342430397815633
0.04148304062607622
0.3151281933643304
2.949078356865016
1.6334804922123567
0.0015291277469486886
2.7451529981310614
7.363590156638793
0.2593451845020809
4.297250288058194
3.629390367906808
7.05392759456754
19.862704905137434
12.007362820812887
0.5756199572670084
3.1239495626359712
14.385777930181575
35.901305111425245
42.65153252978416
50.10827331712426
13.28440077918276
17.500755964094424
49.98585709925101
8.578583225469629
27.062294118128193
12.340323387386888
72.70585894916076
80.76692438029932
37.31407987064085
31.948667449301865
23.063560123933712
19.017120215052273
36.01171614105988
93.21002527811652
48.992269125454186
9.933024813159136
24.545615337403433
25.02354030493734
30.848589249020733
34.27460181806964
70.49139539723546
42.71926981330762
46.991196794638384
