0.2913957575203341
0.05979388316628231
0.2842250930560368
0.22787615874391065
0.22458812554510388
0.9173500034596245
0.3667820931543986
0.0044894646975564
0.5773770830087983
1.2697223912689424
1.120305044802734
1.4406439784019085
0.056389538282701324
0.2932958970237678
2.921978972882812
1.6638236585757795
0.033865330552657724
2.712150769762502
7.332410584043259
0.28613253168987285
4.317771614721778
3.6422340845108465
7.050095859355224
19.770202943348067
12.205802849466636
0.2898934619042848
3.445330936279788
14.65618934413942
35.78145328156097
42.492458854205324
50.61459348194148
12.312211674652644
16.020415362108906
47.960132143456576
11.120199012977537
30.106356589411007
15.845915993002563
68.79633279315021
84.94848671716682
41.70434478698735
27.46254080368817
27.528615252151212
14.693006075794983
31.946352462917275
89.5312490018041
52.228522622994205
12.567100936597853
26.492626641484094
23.892466324534325
30.607508302040515
33.58089740606374
72.30536958173616
39.85141285517602
43.83655414069363
