0.28894058278740076
0.058456623259594664
0.2845373771452131
0.22839793437348277
0.22323005730445544
0.9152392053497493
0.36410493325651316
0.007668837457117661
0.5809739923740551
1.2741709034680468
1.1215123642201945
1.4373024216571935
0.048563312037174455
0.3047819675937262
2.936255952295255
1.6478213752018291
0.01679565761185131
2.729587112132549
7.348908721322914
0.27194172671693195
4.3068894934265245
3.6354184969816288
7.052127461014834
19.819436020960893
12.10074358042948
0.44031578022531903
3.276956092899127
14.515225202650981
35.84314800639186
42.57683251616436
50.34882049709631
12.821010794326867
16.794058939554816
49.01785843777179
9.793861061396456
28.518484248259483
14.017866999336547
70.83453266266224
82.76880070799234
39.41617175213469
29.800447975499992
25.20184015036648
16.946232245274587
34.06469614775415
91.44814746394695
50.54217515936034
11.194451033537916
25.477871750554186
24.482214184929035
30.73368828740786
33.94160658263718
71.36116902748472
41.344521145612816
45.4789732601741
