0.29006488697258703
0.059069442647153636
0.2843936765006134
0.2281597574171812
0.22385129502139733
0.9162054110365148
0.3653308531835364
0.0062124606104418945
0.579325849495163
1.2721232834460636
1.1209388868143435
1.4388060899348716
0.05211995251880808
0.29954523600167704
2.9297329221178643
1.655144750077966
0.024620994106726357
2.721579012673601
7.341298385849996
0.2785254946261375
4.311987314156568
3.638681248799685
7.051030954898806
19.797022497515627
12.149149850746653
0.37062086988589726
3.355223768048745
14.580942199669153
35.81414747243616
42.53802168536822
50.471912003366015
12.584968539511465
16.434907408241997
48.52664752306737
10.409941464648
29.256144116985524
14.867177438802173
69.88752917042802
83.78157876626938
40.479387755338394
28.714101235545968
26.28302761730447
15.899212376854848
33.08034977915668
90.55741058559215
51.32577267081069
11.832265380544413
25.949358479054354
24.20824989749235
30.67517324646178
33.77382784308429
71.80014683541958
40.6504117664299
44.71545294307289
