0.0061550903
0.2547002823
0.1398513879
0.1351278729
0.1812229933
0.4939674469
0.1174896536
0.8234648937
0.0217364670
1.2948509416
0.4979051360
1.4545031307
0.4168569201
0.0496650851
1.0221718653
0.9830992528
5.6487735426
2.1607091016
0.3887988957
1.9200718965
2.1124712272
7.6267757632
7.2459005422
20.8010113670
2.9983634133
27.7591405207
29.1017613004
15.3738968335
13.2052818365
32.3104519298
14.4031880788
37.1517873663
12.3470799678
11.2312243176
56.6589270514
47.7365834005
42.5105179580
53.9191474386
38.6622213466
13.3168370826
23.2460702576
14.9375977476
55.3340449116
46.7048664192
29.2309943866
54.4333876992
9.4658535656
36.0056123817
22.0644448968
32.1707808051
18.1432171106
29.3619465210
25.8460613825
28.4306675207
