16.8261550903
24.9752997177
33.7798513879
42.1851278729
50.6412229933
58.3760325531
67.3974896536
76.5134648937
84.0782635330
166.9051490584
251.8020948640
334.9454968693
420.0831430799
504.6496650851
587.6778281347
673.7830992528
762.5487735426
843.1607091016
1008.8112011043
1179.3200718965
1347.7124712272
1521.4267757632
1674.7540994578
3343.1989886330
5043.0016365867
6755.7591405207
8380.8982386996
10107.3738968335
11787.2052818365
13488.3104519298
15123.5968119213
16782.8482126337
18489.6529200322
20172.7687756824
21922.6589270514
23500.2634165995
25187.4894820420
26965.9191474386
28632.6622213466
30262.6831629174
31981.2460702576
33654.9375977476
35266.6659550884
36957.2951335808
38715.2309943866
40422.4333876992
42059.4658535656
43695.9943876183
45391.9355551032
47063.8292191949
48796.1432171106
50489.3619465210
52167.8460613825
53797.1383249568
