0.0365804921
1.0198087116
0.4140082982
0.3203211172
0.3578566682
0.8461819438
0.1743234863
1.0762352677
0.0258526593
0.7758004765
0.1977366933
0.4342506898
0.0992320037
0.0098414977
0.1739340530
0.1459073779
0.7407753758
0.2562630206
0.0385403032
0.1628117711
0.1567449491
0.5012910174
0.4326545936
0.6221888508
0.0594559278
0.4108959473
0.3472391678
0.1521057496
0.1120306427
0.2395441004
0.0952365251
0.2213675944
0.0667783220
0.0556751750
0.2584491564
0.2031321205
0.1687763204
0.1999529374
0.1350283849
0.0440041519
0.0726865683
0.0443845653
0.1569018318
0.1263752292
0.0755025700
0.1346613332
0.0225058816
0.0824002586
0.0486087333
0.0683556382
0.0371816621
0.0581547189
0.0495440455
0.0544984500
