0.39574146770122454
0.10849909844761285
0.3439616046502394
0.4262305274387401
0.6953286819005484
0.21824324409390528
0.5475709145827494
0.5282171669394415
0.3855631526810299
3.5221948922663557
2.9818222295611747
1.0718321687695038
0.6201298965389697
2.393256434446471
2.901209457035293
2.3695841669594984
4.287041770780775
1.481409621458738
2.266034595628298
2.6021724259815073
7.076338280566006
8.70410721507892
0.8094172056344178
12.821111243822997
5.317476223164704
8.284951079313032
24.306843440805096
26.9112001144822
50.47922327371634
57.255794965134555
3.0059921552583546
14.558413710408786
24.29634887872453
54.05960503359529
85.58102901424718
32.687127232766215
50.20299848190916
40.17929652128805
12.118703322408692
30.137855531895184
14.153916223625856
35.203760158852674
72.03859984551673
16.969961954149767
7.5358963834587485
52.454352118104
52.590749497830984
68.32228628092707
117.18654689512914
67.12765822241636
61.437419131245406
48.34471756865969
52.73391752609314
58.00730927870246
