0.12471068473600003
0.13717719617536
0.14920234979584002
0.16302342963455999
0.17636102615296004
0.18875201593600002
0.20259217048576
0.21603755264255992
0.22940881232896002
-0.1508268959743887
0.17754504119915904
0.61445029561344
0.7210808575590401
0.8154465652326401
0.89831574114304
0.9720319365222397
1.0409190407193605
1.1005755605222403
1.21100692939776
1.3069647724953597
1.3874012944
1.4638870477440002
1.5375761920921598
2.0461082424217603
2.38946796073216
2.67283784601856
2.9201833603993603
3.1482966303359996
3.37178908954624
3.5756026502169607
3.7646057631846412
3.9552554345497604
4.135639588579841
4.3249491136614395
3.4797116641727244
4.66945769309184
4.841626376604161
5.015335167631362
5.192426293148161
5.359299080256
5.534689118464
5.707687956298241
5.882495308687359
6.048333560896
6.219373611235839
6.39671505225984
6.570322333696001
6.746528318464
4.403496367704108
7.084744840898559
7.27640698233856
7.444096713123841
7.624384485949443
7.815585117514241
