0.5130520868626078
0.3994584875051963
0.2758948979912219
0.041126074002335145
0.19271467670775877
0.4340012862683267
0.17195346475395468
0.03586240216631609
0.18470225970605725
1.097420753309592
1.063842352543361
0.5784281005310277
1.1201233625720306
0.11837486602706804
3.986370904625119
1.6817952432584207
0.6066263839255726
4.797041537184782
10.513919057693556
2.1600903856519835
2.144476745538668
10.694125254526853
4.435564193260461
23.750164800127095
10.767938190657333
20.138870117652004
2.7463326231245446
19.04828199919939
10.949625876817663
0.3709382393535634
2.7364058720340836
25.265711955133156
6.073341175459063
49.45938477373056
5.018274493493664
37.79067052767277
31.941374316011206
25.09823040854826
54.014344296214404
50.623446670357225
68.72690660691296
58.07333534405916
13.126963164242625
87.57194097230968
50.33445603660948
63.149791137439024
33.328638268496434
36.91192298090027
159.75595033867285
11.689241785170452
30.80474217259325
50.0495740893457
73.10806105034135
80.4188671553755
