0.14547371299580192
0.05166498989415658
0.17715324567909363
0.3667994405282613
0.04555475087619243
0.45632856080356277
0.7586264156218476
0.8709705894056867
1.1558423088176966
1.6751835904746883
2.9222648148495125
6.5672662353969145
9.00333775302488
0.1373903137388197
5.419425348069467
0.7343815581494937
3.1334455254834666
4.7946080903918755
5.349022987820831
7.0289054337611105
1.2203479639738362
17.32627181963312
2.7128948467589
10.187450792973777
34.12500068633108
2.9593391959433575
15.263584627073215
31.86635908171229
11.989210680911128
2.3293583801787463
87.48356667653388
38.595222916745115
44.16025766868188
42.91960112629749
35.72822819523208
63.16607575799571
2.4726804573110712
36.69378012886591
57.270333619668236
29.470919766052248
23.806925540568045
17.412228438115562
21.67845274262072
72.8573403995033
15.310352429405611
119.96629589668737
121.99999204283813
127.92347535682347
30.889539447445713
72.37384217510407
33.937970659695566
88.36706800304819
85.16371549817995
93.68008704799796
