0.09932784263423998
0.11921606861824004
0.13871989638144003
0.15805904240896
0.17868949300224
0.19910586288384002
0.16899089684806043
0.1584198914327597
0.1836097881484511
0.42734565460224
0.15148210715986848
-0.7138112332597025
-1.484119989853281
0.88674314223616
0.17400790882653394
1.0489790851302399
1.12150133289216
1.1879151431910402
1.30563713896704
1.282219489686808
1.5004407656550403
0.17150633180734642
1.6616736211046401
2.226971228416
1.78306559430029
2.9372310927590406
3.219900070464
3.47790273546496
3.7108443565670393
3.9394500941030395
1.6001942200775168
4.373840188579839
4.569367961664001
4.770939325504001
4.969796324416002
5.161991270402561
5.36288517673216
5.55026857944064
5.73876137426944
5.938719453821441
6.12789032939776
6.316930233180161
6.502467360040961
6.703534089218559
6.887970855631361
1.2378390316764412
4.644740061389956
4.730257925878849
7.6626300627993595
7.863582507263999
8.056541808663042
8.24092308312064
8.441600188426241
8.64334598586624
