0.9498080400481363
0.5465601356528218
0.39500865560143694
0.3306279454933332
0.33394104527972956
0.9781094344123176
1.4944509943270674
1.8018648264088313
2.272482376939351
4.070761272722535
0.05570583548526997
3.438988211931928
6.086647856150535
2.1686548945419304
3.8884426358713426
1.1393838216137055
2.265583389357289
2.518357908312737
0.012806144618934923
1.5778101956973387
10.511722334083515
2.2164179631452043
20.316182679996928
36.80094610376
51.20619986888323
13.079986511230345
5.536353775492898
18.870836456926554
28.957156737054902
22.613278326634827
65.4064477036427
16.599945321839186
64.52698054525172
60.110497406087234
48.4727271824122
70.57839605434128
1.4949935725162504
31.072596412199346
44.60259971146661
49.89720718783428
51.70978431858748
52.81401425558579
21.03063766253763
123.3561529592771
72.78848831036885
55.997048308687226
193.80729858959967
206.37565087033
115.37630089291633
163.19379412243143
130.57556686440512
13.593577786203241
22.336754176896648
24.570429594586315
