0.13960877661690674
0.39172168068744995
0.4463184090544914
0.07330445525403206
0.027885193272609854
0.09344940841464933
0.38516773594265885
0.32189785928433423
0.09228617625332447
0.7032263865636992
1.493300448374839
0.9641252663535624
0.5270791840752622
1.2302311027050905
5.293492301720562
1.7442394005556707
1.530837430659858
0.3479107671436168
4.172103915446428
3.2663303799081405
0.9238928834288345
6.434486994631925
3.7433914340842875
1.550686764990587
22.911688472086098
16.54059644552035
17.64372975096194
12.698818992159431
11.582486054407127
22.27989000596972
107.30366410230818
66.51176996450886
135.66333258086888
24.3429079805137
9.806251981815876
78.9916388560996
55.89109507786998
48.29329703135954
45.63831454483807
3.807832305737975
19.256724990271323
60.7703411800976
44.6039645784258
98.98304690726218
55.94072161267832
37.8512126506248
8.319804176542675
50.31995560084033
114.04053476921399
11.203847753611626
55.822626869150554
78.72744573668751
68.21827781419415
36.5931145413997
