0.16768959480064
0.18100327784704
0.19628869480704
0.21199910000896005
0.22688683933696002
0.24011881636864002
0.25616069357824
0.27040998409215994
0.28510132102144
0.43135891755263994
0.56700659040256
0.6921148459033601
0.8091966792729602
0.9055029738726399
0.9895315415040001
1.0690832076390402
1.14258654585856
1.19945252610304
1.31583290392576
1.4195940886758405
1.4941092083737604
1.57507720843264
1.6450176127897602
2.1677497395840004
2.5041518003814405
2.78165290610944
3.04842101833984
3.2660470199526395
3.4791501015040005
3.7003416045798403
3.8752284736000004
4.062166079938561
4.24233443037184
4.42485697198336
4.596948687260161
4.767095823424001
4.9466741885440015
5.12056796483584
5.286453074749441
5.46773293977856
5.628995400540161
5.791500229672961
5.981773283368961
6.128936007293441
6.31215376
6.473507269757443
6.662312608399361
6.809118662269442
6.986150998435839
7.18252006450176
7.3301533795353615
7.5140809500697605
7.6938421742617615
7.872468747264001
