0.5147541933102353
0.7864344745024425
0.03866542658949612
0.7935145670322257
1.0124954469158993
0.1862162505331142
0.884370442675575
0.5031812701009528
0.32627045979508296
1.7338526846210698
4.5451616280676035
4.620773000103611
1.1027396577960644
1.1793178316775652
0.4029612231935289
2.5844254038303234
7.674062642846707
1.085850012297783
4.095654787513922
14.774427126433011
9.234607440495665
4.521555992378353
8.802952293431417
31.264896798169048
27.900937117886315
70.9620501658028
51.37696011016851
15.033937414549655
8.15283935314801
158.22976246837788
3.51367820582891
11.4264840429787
38.83843248459016
9.846522264433588
51.8236025714541
91.28882944698489
21.49868067472198
6.613528392445005
34.76508818930961
83.04843051894568
5.578172529934818
58.466576676641125
152.76122565731202
67.46727728268161
65.59621261723078
23.726923250767868
149.5644001182518
96.9417828900987
57.01430878276733
158.39778969388863
106.34883985807392
34.29273747509433
14.830087380229088
16.313096118252
