0.36189114455315874
0.273089601939688
0.31451206855216896
0.4438366482038276
0.8066558557445376
0.32479517307444894
0.6804294355881808
0.03133133843651592
0.684719614024246
0.50714129689689
2.419252987199087
2.4881405360405324
1.8732068163134272
0.1242706782404639
1.8936793959879878
2.6125362969332855
10.027527571036785
2.0224853136539878
0.45655946328213304
12.043613357983077
11.026298825735694
6.051279031403283
4.950247597576208
18.535412489204646
6.9346680594126155
38.0299851323698
66.20930299285646
57.43001579697011
73.58002595229118
112.46699940756662
29.93584983029541
31.88059889300348
3.8280225737071305
3.5333050742883643
11.777142119150085
84.16605438981424
6.037659260651708
39.97606360594364
33.25816284317625
1.249690970951633
30.544988503115746
49.90466092245333
172.0872506275773
42.05966867425741
36.58607421499619
28.23151722187322
114.24183068893763
81.1346633811554
19.795652101129235
297.88319696907274
76.75794074156147
95.95495908339217
83.14248521216359
91.45673373337996
