0.09000576009216002
0.10035108894976003
0.11164686649599997
0.12265572946176004
0.13422082195456
0.14398685593600002
0.156816
0.16744464
0.17825824420095998
0.297967506496
0.3060310266169519
0.46483196265465243
0.6116391158169601
0.69255417696256
0.7656586003686402
0.8367858576000001
0.2718522090579155
0.9516985829401597
1.05381557864704
0.8396592264573555
0.9454664438102469
1.2896382353817604
1.3551269474406398
1.8275146447360004
2.142429399616
2.3996538034585604
1.7902049322130922
2.510257534495079
1.5916899399867914
0.630008114923442
3.42154694635776
3.59927070401536
3.769866478287361
3.94014877636864
4.106413681469441
3.531885953271403
4.43708273299456
4.596948687260161
4.759951029053439
4.9248557414425616
5.083596332362241
5.24324265904384
1.3425424856583748
5.567614001072641
5.737665213237761
5.894453680220161
5.265139377334725
6.217705824675839
6.389327954944001
-3.5898037613535605
6.718032698122242
6.523326818700199
7.05647796097024
7.233930946570243
