0.5551200716165745
0.34397435925705366
0.35061405697668846
0.561043217265123
0.9875383923450727
0.10539850721307431
0.9315184236435385
0.2313929797620773
0.422411166945011
0.8256405750804845
3.796341640692418
4.960275853215023
1.5338324542424289
4.139636451869819
6.276574918731399
1.9310999061325447
5.5250246708251325
6.37630924010989
4.179400004550189
9.237683361810468
13.031587385762123
7.118647603178715
5.180228488963849
18.744175481282127
16.957663620351923
61.929043907875894
27.363706109823397
107.85583148488149
134.47931201698702
42.10885912068625
46.805197860981934
50.107243850739906
82.05655685082093
85.23431406119562
102.50202212867225
176.07601649219941
98.60048694407669
132.6701877844862
125.72515719253715
93.22336252440073
121.88827361900621
140.5448265392115
82.24280388493935
131.35507802812208
52.18198293644673
116.68460515080369
25.905594913550885
169.58849302590534
108.65415250511433
208.18285685629235
167.23558751407109
187.68621999239258
176.45924988543993
194.10517487398394
