0.07864569619456002
0.087062764096
0.09682552422400004
0.106531737664
0.11748441759999999
0.12685792370944002
0.13670825918464002
0.147818718784
0.15888578658303998
0.10828742861711083
0.3049746393935373
0.50830968013056
0.61287854766336
0.70367133574144
0.6867058334949909
0.25337376813509593
0.8456334234202469
0.9864875575526402
1.0923928709760002
1.1828180755353601
1.26576540389376
1.3369131375001604
1.4029094842470402
1.8819230362240005
2.2088332427673603
2.477707698216961
2.70747805901056
2.9225297468646403
3.1165863166873597
1.03286105285139
3.4995334556160005
3.67135030349824
3.84611089142016
4.017805370472962
4.18129210411264
4.347084889128961
4.50645645869056
4.674174816256001
4.82931917906944
3.7906294015691775
5.15647450768384
5.322204705692161
5.478520709376
5.6318352269414405
3.270282602768576
5.95743434516736
6.12109559759104
6.282738761136641
6.4543556861977605
6.6126163644006395
6.775175867722241
6.943789955491841
7.108938121584642
7.27488784
