0.1905896701470695
0.5348834755968284
0.03819302294157012
0.22607934877123625
1.1835197971115434
0.5511057031340698
0.11096310680895272
0.47516482412808614
0.6106844523547323
1.3178736690318829
1.3559742573943367
1.75431240484005
0.6160701718815176
1.687046169857524
1.5034879208096754
4.082324831904202
1.2783761680315138
1.4156193935543797
3.106751085605879
7.17269903595502
4.859201521628847
10.184043603683222
12.587200238222067
4.461493424352284
2.28753383453477
8.827746357616888
31.686035000873744
35.58914911762258
100.2558526831308
43.80513894345677
31.428172632862697
86.42418122150775
68.52620046681477
42.99312365444348
70.45085219758403
51.48986475908896
81.22225495783277
10.884627635670768
63.35310371259038
94.07524226324313
21.796162140530214
87.55229330691509
51.106325083783304
21.528652701126703
156.15543675941444
10.68871470639715
21.947084489584086
1.8226921155801392
71.92606295123551
6.200700350047555
53.1038872415229
52.70203258145921
100.56862165436178
110.62548381979796
