0.013532022824925605
0.4353528323401896
0.02614740326119147
0.11230306786367095
0.9647822745220083
0.2500477629036695
0.26976045252888525
0.01237966321097872
0.07380696680255028
2.257069812708721
2.14297923472418
1.9571320868835187
0.03072263789721319
0.11868232842232374
4.0293116510504206
7.479831783224199
5.389183848989546
3.294185204591713
2.458694145053755
1.219859356846655
1.0841393301443532
4.569725356107483
7.559186207204675
8.996213704209822
8.042620928534234
12.931197494883236
12.026816489651537
1.0541994823215646
49.56134707298588
105.43211794817762
34.87598637662086
19.880067156918813
5.847746038107289
12.545727066848485
23.95484391797072
15.512861105336924
55.83868906564385
3.6054002725541068
58.13249731289761
96.98875498312918
11.8152054427228
72.73109137205029
33.691019556776155
39.580055139369506
139.7234355246037
2.526552450392046
14.188986679699156
1.294157374977658
80.92861899171112
13.146422598700156
21.71755633419525
7.460565804751241
40.547335974973976
44.60206957247138
