0.29536383526897936
0.21980137854797022
0.5012905101285767
0.6133959648176059
0.2031623496470658
0.8146876116720918
1.1634121491183294
0.656181909913343
0.29032108911899
0.14693833550967383
3.5467757949110137
2.896428464893347
6.3299910852428525
6.873956154766574
3.452977807960451
1.2489166905085085
2.4399602260020856
10.960190307925814
6.5402165008617885
1.1905143770907216
6.8314368408430255
9.04785674629079
0.5058762698452028
7.791085203059993
23.954341722623212
58.48986784425506
15.190122999470987
7.617039850774745
48.527389772943934
94.67993362269044
40.85527967858616
15.765800659657543
26.576120305518998
80.14276635079295
90.52432072045849
39.71608418463802
37.77756000277077
12.493748762211908
57.35362452193294
54.54933355269168
36.522853094116726
44.55569631828985
0.009707471093861386
90.57958242614404
32.74001365803997
20.961559416464297
39.902164758357685
8.023439380449418
130.29676449082035
119.35325204590481
58.21336176399927
1.2082995278469753
45.64859850346693
