0.054620551068159995
0.062477602007040015
0.07092804685823999
0.08001385283583999
0.08855433252864002
0.09795698116864003
0.10727983129599998
0.11791916452096002
0.12626935833600003
0.12716408711469068
0.1983560019579411
0.42985751547903994
0.5187779248537601
0.59713576231936
0.018997335104921853
0.732996247104
0.7926269676160002
-0.17343982823247006
0.9461094949785599
1.0278877671039996
1.1110138133529601
1.1722375576806399
1.23600318234624
1.69152706480384
1.9931340626560001
2.24107127563264
1.2858984418082047
1.7161439748981258
2.86028191367424
2.3669988094721504
1.0637966177839848
3.3860887216358404
0.43134863085092867
3.715049624872961
3.172366548612702
1.2474457979714124
1.4282391851052618
3.5784603952319043
4.52081489035264
4.668012599810559
4.82498829812736
2.000606999988439
1.5177606392526601
5.29535943675904
5.45251641189376
5.615891373283841
5.766706591050241
5.9302302106009614
0.26151563031617275
6.2473202872960005
6.4075809424
1.9483088909591881
1.951692314626154
2.0019392206465794
