0.16571130955032487
0.21660679184952158
0.034759006731356124
0.42398971259338225
0.06768305481078585
0.26554279518509816
0.1694580149656275
1.0271682160003763
0.24540236636636337
2.167649530475387
2.597540224777134
1.4734208799787893
0.49983409911749277
1.3977857373516827
8.728534676587628
2.3328442478918987
2.0586079771962886
13.920826071042484
0.08600885402961467
7.237687235319299
8.771725866496126
9.20756939207513
6.846369095690079
16.657426858696454
14.46132015292551
35.832881145442116
75.90704863568499
66.91886366432482
10.41636361773999
81.84692678512147
99.60668790095406
9.664079252601368
144.7184771913162
33.705983209922124
76.45437081104319
153.53553757707778
125.52081706279205
85.49485174980146
70.07729837772058
31.7041031896224
26.13857106391515
116.43503095518099
165.44859774810902
20.775637077604188
22.530569023983844
35.72166764673602
46.75412303140911
3.0004667933026212
211.29826756264083
49.19437794954865
70.03042623554211
200.22752546223637
152.576606209288
167.83426683021682
