0.015903256664795862
0.037676399250507586
0.15239539429932591
0.597668458125284
0.2108111795253862
0.3578560370399586
0.1959664164861863
0.9622954768828151
0.39268873371861446
3.798660283481013
6.151843987207656
6.848833573637137
7.331319801835207
9.271945251016234
0.07432163900398336
11.355080589222894
11.309671218848052
4.595949913963182
9.098689732720914
16.137507903919413
0.18738345926635702
17.62919403902265
15.238727312608262
0.9599889407336377
48.01492916540519
82.75115849390113
20.498228480575563
125.513391559929
49.38989401546132
21.067732867686573
162.47215624892488
77.5520211706098
68.17169595865562
119.93748705262988
175.56698355791377
37.07141912226507
255.7209004480428
232.97742504108464
95.48808350391482
211.825005368657
220.15576133007562
321.5089191477018
49.940444726569694
241.2250297395658
245.52008385857334
186.1990161763897
264.26230222154845
212.0091417313306
16.100551587122027
231.00781874429958
232.98609156000748
63.72594816054334
268.51369602867635
295.365065631544
