0.054620551068159995
0.062477602007040015
0.07092804685823999
0.08001385283583999
0.08855433252864002
0.09795698116864003
0.10727983129599998
0.11791916452096002
0.12626935833600003
0.22782674534400002
0.33150694736896
0.42985751547903994
0.5187779248537601
0.59713576231936
0.676855034944
0.732996247104
0.7926269676160002
0.857194519104
0.9461094949785599
1.0278877671039996
1.1110138133529601
1.1722375576806399
1.23600318234624
1.69152706480384
1.9931340626560001
2.24107127563264
2.4760457552793596
2.6611109791974403
2.86028191367424
3.04952736706816
3.2060821944729607
3.3860887216358404
3.568351224064
3.715049624872961
3.8729421316326413
4.055003799616
4.187484476623361
4.349140074864641
4.52081489035264
4.668012599810559
4.82498829812736
4.973014176655359
5.155835073832962
5.29535943675904
5.45251641189376
5.615891373283841
5.766706591050241
5.9302302106009614
6.110997582666239
6.2473202872960005
6.4075809424
6.59732786749696
6.727433237916159
6.900633031311361
