16.30118715238783
24.53787900953408
33.43380547562237
41.92309276273385
50.46043551069863
58.266616040469096
67.36768050781757
76.56004563589069
84.18509794502653
167.48383669016613
252.54468056605816
335.6336422481651
420.59914769052915
504.95184855786334
587.7718703867149
673.6883605503696
762.302142924974
842.819044271513
1008.4059501797964
1179.0235373360244
1347.6743356530096
1521.786190498229
1675.5544614362518
3350.80474554687
5055.745224272055
6769.5191117327295
8392.297028967638
10114.049376586418
11788.427462303485
13484.257541961664
15115.425814852024
16771.858834543636
18477.334826082682
20160.620092906025
21911.99400303449
23491.787346579964
25181.91293569725
26963.66120673427
28633.456916240957
30266.18353402608
31987.123018880706
33662.54373559341
35275.33210726256
36966.415503843884
38724.12459967088
40430.46636231986
42066.13561014791
43700.83631566154
45394.46152402674
47063.72107947141
48793.0091418161
50483.04327127626
52158.20630308297
53784.16569385498
