0.04903959347496567
0.38446450193236714
0.01392523730883255
0.009904476725509426
0.27872598207672894
0.22307719863027842
0.4280101180613656
0.28988654195508445
1.7732568453662196
2.6106478001267135
0.8960013932306765
7.240964244119766
11.694447838936583
0.4216167312194443
7.610108488817673
2.1655018962287613
1.1515257746004863
10.236468878555229
9.315845651956579
12.709388742774536
0.7200146678055717
21.71817867453251
11.164221645811494
29.15389328258243
16.36209611304548
25.755147943009433
5.642982893417866
4.795355872183791
10.920271375211087
37.54909771019811
87.93359787079316
74.0605962337213
43.422647994273575
45.4271298940439
9.135433000355988
50.89805732878085
15.680791346447222
24.99789715641964
59.68285276483948
100.74086000604802
3.9790494804146874
13.601500787561235
55.587247335548454
62.03616591834725
22.73389700518601
103.65207851907326
97.41229151823791
84.55777912653139
46.48257978555921
27.321331606523017
35.66892059109523
38.2667918627194
141.87427255410148
156.06169980951165
