0.09034400809984001
0.10859819339776002
0.12889708370176
0.14842834969600005
0.16715668710400003
0.18753057030400005
0.20698860160000002
0.22541376946176006
0.04299337932704536
0.1384265099491203
0.5496739600000001
-0.6928494387137631
-2.1675554757137965
0.8679829023360002
-0.2144941451303899
1.0247140376985597
1.09707022188544
0.2697551554223665
0.7057654571409244
0.547030671641051
1.4719901215360003
0.14177664008930035
1.62790651995136
1.7680021616463393
2.5797448058905608
2.9025255424000003
3.174896766976001
3.4250638399718403
3.659556756810241
3.8795951816934404
1.8661438729554356
3.505622862917079
4.5040656071065595
4.70222224113664
4.903631134927362
5.089312207260161
5.283944453962241
5.472096176701441
5.65642124365824
4.686774019303398
6.038295768271362
6.223500149391361
6.40615538227456
6.607005511772161
6.7858082657305605
3.720569739815606
6.40910141188455
7.367750209600001
7.5554352507110405
7.746460523112962
7.941953640867842
8.13817571590144
2.90619323760784
2.979700448376204
