0.5119038309244388
0.6868202512023132
0.20265047833473204
0.12505702915513695
0.000566862680365432
0.6048362287088764
0.08436953217731968
0.8648461540164618
0.07832531485559002
0.7400785807171815
0.20456213967389658
0.8201033317151314
0.033770264639088055
0.27686623294283663
1.0110803653636822
0.7982864718334213
5.305611275366459
1.7172107669363186
0.9056883233923827
1.5026704787633207
1.9447331958529048
7.847696073841917
6.591895841875612
13.42952618003119
9.434723960975134
41.160048281306445
18.082482686475487
21.669236752510187
14.060947116229727
27.913853396541526
22.890487074944758
48.425804798356694
24.91373423449477
23.589434671630443
45.828723720347625
56.33505971316845
48.16115106795769
51.63954013900002
39.484125707807834
9.74350286407207
29.239946580826654
22.697175445428
46.48703366117843
37.384819803039136
38.33133116567478
62.66632589670189
16.315470250345243
31.017943674065464
19.443362874088052
32.24917144050414
14.954947361547966
22.89123843865673
15.942191159338108
17.53641027527192
