2.104758855173495
1.832380529634861
0.12689923944627424
0.5220695072190509
1.0446906433117888
1.474357806111179
3.1015309409602168
3.538692907256788
3.3784454508996333
1.2795010328247542
6.843168916047631
12.246838288417791
11.004303876471681
4.81800655903794
2.939767750995884
8.014785271190362
2.5174892432038405
12.981723760468185
20.779704720711493
15.700855974194155
1.9236064197427822
1.1147534209696914
25.394277129463035
55.53124614892613
48.259075510517505
42.34535518821667
10.147267958765951
44.16329721863622
40.35863519153463
52.57020536064374
28.836093206808073
2.992001412450918
89.09810475654376
7.7641732078227506
42.0445861344233
28.908102521731053
125.05992502396839
52.5479559334708
138.36766569653992
21.17123111622277
11.233889677994739
99.25242264058033
72.33141686637828
81.9925813678492
1.268375519932306
15.959745399137319
187.7089309945586
213.70610119566845
162.0765654834322
99.39306727078656
13.764580751107133
197.31117958218238
144.28464289727708
158.7131071870048
