0.10115976685487398
0.05465184726122285
0.15220859537664003
0.16747344891904
0.18283491846399996
0.1921950393425247
-0.09090764298549062
-0.10340631995361085
0.05214453633150326
0.02987126420908831
-1.0550300792380862
-2.2454435988787846
-1.3713220466031832
0.8696890430694401
0.492059407838437
-0.17232840024228424
1.11937754244096
-0.4119266050116879
-0.5983951377431485
1.4163246809113605
0.7356590007348489
0.07209423666641013
1.6702150474239998
2.22077710761984
2.59089457217536
2.8935370816000003
2.7045730730611246
3.404574094141441
3.632335882813441
3.8508756082790403
4.056421571136
4.25459597795584
4.342891210741475
4.6435560838374395
4.82908711833856
5.01730611630336
4.5643321841553295
5.382466816207361
3.8205183374513427
5.748715931904001
5.9302302106009614
4.122926914556476
6.283974044367361
6.212889773228001
6.652776109365759
6.8355056704
2.99708783523256
3.2109148629093243
7.39940969844736
7.5771238628377615
0.5781287612928185
7.9606139599359995
8.142895987775999
8.33882515096576
