0.7660907184328742
1.0098543989673452
0.15962878680490178
0.3862618299001923
0.5437069890220059
0.6599789362555128
1.986315785559384
2.204190264302028
1.8759527877098634
2.9967411781796045
7.3573803575998795
11.234844586406041
8.62120590144957
1.6088887054889938
6.2602635757288
10.787901735036712
4.34338170149033
13.189496433429554
16.941657466312904
7.346823841364312
14.772483345293494
19.112119794803448
1.5949982210665894
2.2375672627822496
3.7467702978156012
0.3518123212043065
42.47942178724588
20.64933257514167
24.713958623271537
45.0397770898453
29.72481963061
6.631808000278397
71.02824353197138
19.116596728821605
7.929704554488126
11.17407095321687
81.09162098859088
6.491328098505619
92.61718864730574
21.577200683525007
26.0629684850137
127.99292663169035
52.98576747029438
75.3124148743882
7.90021779332892
10.724265975870367
139.4799811361736
143.5425224718856
69.23807272681006
17.530102747834462
155.4032150445637
24.178072952621733
57.295702796916885
63.02527307660858
