0.07336971047465775
0.08623384633600002
0.10035108894976003
0.11850728833490234
0.1327411185939959
0.14634725687296005
0.16402086498109683
0.18142595885139454
0.19703797698816009
0.38420281938904294
0.5704282815731866
0.7394131690706508
0.901238197641027
1.0546125919982732
1.190607587179528
1.3101943983751567
1.427396792833664
1.5329874850601206
1.7260772271155678
1.8849664403046402
2.0361860590901895
2.1741338534308827
2.297419458149009
3.190411777109522
3.8159423010525386
4.310905417984001
4.750132653610692
5.136601124807175
5.49740425543936
5.849135200639058
6.177133627456001
6.496544564224
6.811874497866242
7.110894773194738
7.416942419560962
7.708566691217343
8.005866527296002
8.286710109073098
8.573505412820143
8.852160955227209
9.130210757938537
9.424703521023998
9.701949137943041
9.965610663694802
10.241567512878856
10.514989317147533
10.818064841146533
11.096757345134124
11.368064207482341
11.635507171342509
11.895628353303415
12.123123406498271
12.332752047809764
12.483022039178818
