0.07281535258624
0.08623384633600002
0.10035108894976003
0.11683380265216002
0.13180733558784
0.14634725687296005
0.16346431197184003
0.18053933016063994
0.19703797698816009
0.37280695947264014
0.55430288303104
0.7331469376
0.8962484636159999
1.0489430337126402
1.18538440151296
1.3073269714559999
1.4236651488153604
1.5300779581542403
1.722939761664
1.8849664403046402
2.03595000643584
2.17340244791296
2.2973828669440004
3.1864477718937607
3.815865323776001
4.310905417984001
4.749819230464
5.13659071746304
5.49740425543936
5.848991336573442
6.177133627456001
6.496544564224
6.811874497866242
7.110815291965439
7.416942419560962
7.708494689589762
8.005866527296002
8.286559037954559
8.573427611330562
8.851767436864002
9.12944774680576
9.424703521023998
9.701949137943041
9.965204409149441
10.241331243264
10.514838687344643
10.816942143744003
11.094932116111359
11.365884848355842
11.63314189041664
11.893669638400002
12.12274183081984
12.33248077287424
12.482756039311363
