0.2588112490063068
0.1277100124511179
0.06052300786799947
0.9209371764682288
0.6726355871672567
0.08090989763316259
0.24747865811866632
0.3133437239206529
0.09296455758472177
4.402718755280517
7.185853603504739
5.911530574647429
4.680974118846109
0.6110850259152585
2.062282077827831
2.731447087916081
6.511588150037596
9.299461692419527
15.921372964019042
13.54016310015686
16.92802064485568
20.36785156470978
20.416027918967757
23.947626890243555
21.931930903118882
51.92535587072416
35.81292380274499
54.70902137150006
60.67987859509958
10.049869015339937
0.5897442403929745
20.48695394639435
63.88574713520211
49.48945081720376
99.94506406964865
85.51831743309958
117.45373340274455
62.20392438334602
49.533172535171616
7.372824190577376
63.07938064466725
9.55088883748249
54.233633021925925
172.18325091852603
200.24169873767823
225.6268050272265
49.09729407718987
14.368118035454245
75.89547818175924
165.27014673437952
271.1887536608483
221.54863735233084
92.5010503155936
92.5010503155936
