0.09302934019219578
0.13915595972328276
0.19909587441515697
0.6941780236331496
0.41070783431455027
0.34362551060903
0.018693473617929612
0.1496258268467301
0.1691409286905241
2.75140609991152
3.444795164272847
0.6790448987211448
1.0290872026390616
4.592064495726504
5.956399391489981
4.75834626562596
6.163275079683899
6.308647216020859
7.182171849577685
0.6926600252775188
2.6303988826923614
3.906493942360612
7.749636816060956
50.8280339844182
5.05192494475159
9.320545149621466
52.91154302524774
38.60532729702936
17.340244588403948
36.61526005472115
6.304159903447726
15.991359515075601
14.705196322152915
63.8819596642752
39.91428074104624
68.08089856008519
36.55935956043686
78.5839516487431
63.930490304275736
81.68794810514373
87.46699652912139
28.38106711391447
47.393341271388636
9.421167839333066
22.226823942219198
45.27477065507992
253.7877914162964
316.60952332672605
338.78629199031275
340.01093993220275
300.06348344696744
62.1338172850883
297.95219936565263
297.95219936565263
