-0.003711117694707333
0.1621165207286949
0.19137615118336002
0.040301178281424876
0.09631914224706106
0.17289932398532715
0.1898314009604457
0.27220678414336
0.287870879296
-0.0626855772525936
-0.8516433375681512
-0.758937831293153
0.8930189520102398
0.99985280541696
1.0997633004160001
1.1867261254041603
1.1976061998627547
1.34294352039936
1.469002176576
1.5779500047590402
1.6689870066918402
1.7554342051839997
1.4426540110589057
2.3884342479360003
2.4332460530276614
3.0742881218790408
3.34205783439616
3.58206194384896
3.80645094576384
-0.8681284463982335
4.2377680850560004
4.43107888816384
2.694960747203375
4.21976350305472
-0.7020285584162647
5.17879956664576
5.36182552339456
5.538747612879362
5.71946739806464
2.466836043953839
6.079538411583999
6.249872000655361
4.7690698140095
5.749241631111229
6.797550241405441
6.976943245212161
7.155188446658562
-6.306992577267836
7.526243560000001
7.706344781724162
4.983420089971909
8.076236464384003
0.2751297798668544
0.28163307606611454
