0.06889911018496
0.08154451360000002
0.09395549126656
0.10781083303936001
0.14332384981386087
0.13626611147776002
0.15105721745664002
0.16592131342336
0.18104820760576
0.8269620570882033
1.9177640031094931
1.0810508624201487
1.0022645624883773
0.9488587211820071
1.0612362186342401
1.17174216687616
1.3168648834200989
1.3688475845017598
1.578214354971338
1.6986305105510404
1.8563691208939628
1.95692344824064
2.07501028770816
2.9125480009983304
3.491823152071774
3.9698299052262396
4.376564416576001
4.750586413056001
5.09272738653184
5.418868861992961
5.738845698685441
6.039333774031361
6.338269478464
6.62176172390656
6.913491939904002
7.193656118640641
7.476593360896
7.74675443672064
8.03018666957056
8.29912848171264
8.561990983744
8.835332971069441
9.09735627006976
9.372904710400002
9.644254470400002
9.89831267789056
10.17621228830976
10.43861659087104
10.713461170677762
10.988143010634241
11.260631215144961
11.538788748943357
11.793004348111362
12.041988216586242
