0.33687003201087506
0.0463226803157788
0.1728018735594148
0.1625333385549581
0.9020118030366575
0.3328127682020465
0.3703802432832788
0.24993100782920408
0.10802996163572232
2.1089476675576577
4.500496284283344
3.090228182470753
2.484472700352967
0.8529835451902272
2.180028825823456
2.043942883450768
5.375321730021028
1.4320600542295097
6.27677687277253
5.649449684546198
7.386134099353512
1.3740517388334865
1.9334946234473591
20.115176765199067
25.18676296371723
9.875636349925117
4.701506216602866
20.35441719586379
3.6658464448755694
5.767429823108614
21.73979241634879
2.3541395410866244
7.926114764704835
35.41560479029795
1.8078340181236854
12.307017551655008
13.928791933187313
20.953360189949308
39.13085549054449
21.123701964450447
26.161869924530038
1.4270699244152638
42.461659665146726
4.75320871592703
27.670343231286097
57.442241377342725
6.728941673078225
28.099224531804794
12.401627323437424
48.08355618802307
65.4148790576146
88.41346223621076
5.261137059293105
5.261137059293105
