1.0591619255638314
0.615324786151838
0.41215661096796197
0.3047664882942982
1.5378809079620837
1.1759161809907113
0.7508474975180803
0.403543186709868
0.025195201773911435
2.4440295938047143
4.696583194514375
3.6089705393101212
2.343346405343823
2.6407681614127796
2.289906860414021
1.2564569827076184
6.093195721998654
1.883700232675892
0.45320507570909285
16.484678305951775
3.7117386969541712
3.0336580034281724
4.28218771312936
26.66794070121159
52.142720434142575
65.39103386654551
97.8100077842737
15.806368702798864
35.509123851885306
103.71485322696026
7.663459962133857
74.59789713794817
9.239310450837365
21.469253039602336
68.45641348554636
67.17601674573234
74.73217775631201
29.895606831167242
17.711646347004717
85.35856893924574
16.217788532649138
93.87709460850601
186.35035032876476
71.8758979609338
11.235414449874952
51.925522981066024
114.97496727384714
109.4788636170706
61.87427107869735
209.50457963855297
55.72380187093222
56.685253384806856
9.341198195208563
10.27531801472942
