0.15481517838336
0.16961218560000002
0.18584238171135997
0.20047468953600006
0.21784100014336
0.23260634493183993
0.24747043129599994
0.262668550144
0.27787404933376
0.43729758671104
0.5915455744
0.7366473048985601
0.8711668631142403
0.9749492809830401
1.0732363272294403
1.1639820544000001
1.2464739999360002
1.3137744400000002
1.4378120317439997
1.5551287143039998
1.63816244061184
1.7234942518886402
1.7999721302041598
2.3498044838118406
2.69769850307584
2.99268963569664
3.276997821504
3.50177267224576
3.716813833216001
3.9448315456000005
4.1354964224640005
4.32202146038784
4.522536442575361
4.70596314605824
4.884474823191041
5.0656756978713595
5.259698237770239
5.42600000338176
5.603469190359041
5.789552047741442
5.957176600995841
6.120311832616961
6.323921291184638
6.4718057478553614
6.65550012641536
6.824466567424
7.01819282064384
7.171581165168639
7.354475373864959
7.5623064012390415
7.713968535370242
7.8950030141030405
8.08253982916864
8.264889016384002
