0.25200515151541225
0.7086869675513761
0.16165413818509933
0.36234389823037816
0.2575305821011682
0.2977222536472084
0.1586750473785088
0.4793074624593743
1.5258874823800852
1.358485784629039
0.8038073339198775
7.309009298829949
9.024207486738135
3.4043129409747053
3.644342607162116
1.868562784786036
2.611114633617376
11.415675959186842
7.027337513072553
4.747852700415706
4.558275948435721
24.254262335699423
6.134863356148571
16.15305184033059
43.10618171868373
35.41677252415593
50.41803229732977
57.790567109193944
7.668101212215333
49.363075404085976
99.60530496071806
74.61996445108525
37.69766905753568
50.43541063738303
36.50865825345318
26.75354504891584
97.14973449988247
3.179639400834276
99.91862682782084
162.8810452908656
4.248133268971287
29.267071402151487
20.025902916371706
112.66542612018384
37.290875944599975
105.77330414454627
130.33344652048254
79.56129795125162
18.69973990343715
101.58104164919496
13.803639915138774
17.110025007998047
109.89049011566385
120.87953912723025
