0.06874212784384
0.08345535210496
0.10132354794496003
0.11916745860095998
0.13566905155584
0.15113931376896
0.16839664275455998
0.18514500911104
0.20298845419776002
0.34719246428416006
0.46865963440384
0.564650050624
0.65684930181376
0.7463162988160001
0.8217524028313598
0.8923537981670401
0.9593371901977601
1.0242508699878399
1.1278473984025597
1.22148825993216
1.30274282578176
1.3943339830886399
1.4534289231897604
1.9845461336166401
2.3507218650009603
2.6682935004774406
2.9369897897190405
3.16587148066816
3.4044441969049597
3.615650529384961
3.8445233079193595
4.045298727331841
4.231176593909759
4.42522720178176
4.61939076301824
4.816795878400001
4.991478054914561
5.189298579210241
5.3650863297433595
5.580162699274241
5.74846274306304
5.930658814671361
6.12231488729344
6.319319147215361
6.489996736227842
6.67049218671616
6.8862157056000015
7.052738240880643
7.25107705374976
7.457644402813441
7.641695055554562
7.83370238517504
8.01991588135936
8.235164315445761
