0.08808443017765814
0.21411127910656008
0.24011881636864002
0.26402332422399993
0.287493281856
0.07455277921148529
0.14839638435414232
0.19360784513568763
0.23195466370551182
0.5639625494553601
0.428993989992749
-1.3447921462530403
-1.3048434141012548
1.0651561000960001
1.1119910095254442
1.2331480627840004
1.3130079732633602
0.5479496069349207
1.2299327262462216
1.61468458936576
1.7120529168793606
-0.61629200123405
1.8822610708070397
2.47277889405184
0.1470279628198372
3.2262827096473607
2.922166920018183
3.7786196912358405
4.03447396
2.1515878458493907
0.5886498877356332
4.184353696764655
1.4748085674165452
5.1444917208678405
5.34651301110784
5.554664618088959
5.751163711490559
5.954771257600001
-0.18254396126007144
2.2987228462626126
6.551658639792639
6.74762550820864
6.949634798656001
7.15961451591936
7.350466627215359
7.553210054748159
0.6398665277825346
7.950884040253442
8.15666288656384
8.368736179978242
8.56477216359424
8.77141573963776
6.522568899785174
6.683317784781487
