0.18892027478016002
0.21411127910656008
0.24011881636864002
0.26402332422399993
0.287493281856
0.31294626105600004
0.33494091358463995
0.35652554392576
0.37867580624895997
0.5639625494553601
0.71574036500736
0.8392993072358399
0.9542070079590401
1.0651561000960001
1.1514457453593605
1.2331480627840004
1.3130079732633602
1.3874842183910399
1.5094658230502405
1.61468458936576
1.7120529168793606
1.8135513317785599
1.8822610708070397
2.47277889405184
2.876736213711361
3.2262827096473607
3.5243363898265607
3.7786196912358405
4.03447396
4.258009138831361
4.5102681896166406
4.72576121081856
4.918374255984641
5.1444917208678405
5.34651301110784
5.554664618088959
5.751163711490559
5.954771257600001
6.142014508157441
6.3730558188774395
6.551658639792639
6.74762550820864
6.949634798656001
7.15961451591936
7.350466627215359
7.553210054748159
7.774112773532162
7.950884040253442
8.15666288656384
8.368736179978242
8.56477216359424
8.77141573963776
8.96860662407424
9.189638174210563
