1.9701378603560702
0.9895566349632965
0.17203382723411664
0.5105037216899149
0.6894869756787614
1.6358751824026214
1.3757814840391944
1.0453760570198511
1.031366869854935
6.309036446242175
14.599149357956293
25.041757114413315
28.764934176779832
22.50749283640795
26.506301010618017
25.990629914590386
18.42949190252557
8.479161563653065
3.3700660993819156
1.399577611663517
6.139793611810546
40.86402428501742
21.937996612699635
49.87513832174545
1.3855434703746141
29.830449166110157
22.301726231822613
84.44657343009021
56.00412623341617
151.11088813666902
47.52105205738553
35.6021401803082
113.11967555274896
43.513324329389434
31.015924153271044
87.83509136124121
58.57464061067367
95.2063693668606
4.819962667614163
262.4669372942408
82.47890855611695
41.345922327142034
41.04083566436748
94.87236253382434
21.370751258880773
53.4251609933126
45.85400229519291
223.47417212382425
275.5414963006697
294.29890775117383
453.8203008491764
546.5072939119273
726.6720157333693
799.3392173067064
