0.2711469851390831
0.20980165724387945
0.3004681458231886
0.6298749310987404
0.20504628154950666
0.8748551374645928
0.31285284311030637
0.2811234645353409
0.47832730727904504
1.2657619001855664
1.551092911696287
1.1602298052260949
1.5746742532844564
0.6311752908303561
0.12884887908410292
1.703398345781693
0.6472155345777537
1.188993314893196
8.962863056482433
1.969152995735385
2.929627102076438
3.804057586931549
5.836071536525196
15.032867841362986
20.630480754820383
34.07599531940741
17.500699581882145
49.85817510331253
42.89110226046432
51.47896385090098
65.86551741089352
42.969941035447846
0.9010078722858452
33.60072766238591
10.273073091218976
11.255161196848348
59.60346321669931
38.78545107987884
55.276588466942485
37.88797520936714
61.53375652332397
45.30059052545403
28.885188840911724
3.0319739002516144
23.155780653309193
43.12193227163516
52.24445602296328
23.36741939323838
67.3648577390195
9.560775162775826
17.23263317738747
35.82212538195017
56.388030792099016
62.026833871308924
