0.25109523087520813
0.19945932393984833
0.2986471215952946
0.6233052340720278
0.1922698105909646
0.8560771583530666
0.28976936148588095
0.25431924145084395
0.5077634699975277
1.2835300984883133
1.505451467836565
1.0254166148420722
1.3430922226880853
0.3014833003369404
0.5520289306357427
1.19544608942806
0.058116194898957474
1.8532183194761274
9.761139972326987
1.0711292812125066
3.9185739210677184
4.865198045934903
4.720396373904805
13.904067226985262
20.189855316924877
33.39136877519195
19.373734779892402
46.7833204353592
46.86297856192141
46.808477875980316
70.85944555577044
37.931979038807185
3.905642244808405
29.26273299141394
6.554077882919955
8.274304656752065
61.82305945664848
37.41789542018887
55.91292689295733
37.805367934906826
62.27001878592273
44.090624825665145
30.492765096467338
4.879066550987773
25.106553161320335
45.02997888519167
50.507412812366965
21.953805454439134
68.29599607238197
9.923693240431021
17.566829819770646
36.970416817770456
54.2536950432841
59.67906454761251
