0.07496819233024002
0.08345535210496
0.09207680461055999
0.10206440341504001
0.11083679174655998
0.12104609972224002
0.130049669376
0.13982334575616
0.14887620968704
0.25147898093824006
0.35329614352384014
0.44804709351424005
0.5326617546342401
0.609823551744
0.6791157575910401
0.74006516111616
0.7977119208678402
0.8511435235353603
0.9485762650214402
1.0249634790630402
1.100132472384
1.1664518405760003
1.2235120731750402
1.6604033672089602
1.9627875504230403
2.2183647871897603
2.4298474636902396
2.6381347873689607
2.81616191467776
3.006284370496
3.1680012925439995
3.3481094866560013
3.5094177423360002
3.6751957264
3.8333504815513604
3.9920935109017597
4.142801053923841
4.308274767554559
4.455192952995841
4.611979592704
4.7760920464998415
4.9211849785753605
5.083120154421761
5.2361521336960015
5.39390591846656
5.552259022858239
5.700542076528639
5.86125649441024
6.028784872450561
6.183259131455998
6.341726099906559
6.502108325898239
6.674492918016003
6.828605185600001
