0.06888063238144
0.07730891080703998
0.08564566134783999
0.09442001510655999
0.10292085264384
0.11307455374336
0.12200322466816
0.12991007324415998
0.14040308761600004
0.24165640212736003
0.3439850652057601
0.4380660724633601
0.5232242276377601
0.6037364592230401
0.6720562999321601
0.7374027863065603
0.79174973473024
0.8515657459302403
0.94648615477504
1.0253555196825603
1.0913997615206403
1.16136314542336
1.2218384154239998
1.6575017536000003
1.9703400013440004
2.2128109527040007
2.427982253762561
2.632249252272641
2.8228408492134407
3.002928546816
3.16411805569024
3.356100890728961
3.510406937664
3.6687878064639996
3.83534936066304
3.9863987817702418
4.14882147246336
4.29834400072704
4.463592559106562
4.607293965936639
4.75803129919744
4.91673503858944
5.06417053778944
5.2267323875430405
5.374874696181761
5.5392446736
5.692644786216961
5.844905805376002
6.007801009858561
6.170311641725439
6.327639630400001
6.485334543424
6.649508024896002
6.811598889216001
