0.23549715765282997
0.12925405513885835
0.08599224583487342
0.20409145016441244
0.1708668090406391
0.7721012148579405
0.40233761306387805
1.0091862193122836
0.28074630077180984
0.5504166097647669
0.029456936635057218
0.6603221561929331
1.7053851543778364
1.4244797605213648
0.6053723058616924
1.837550942240341
3.5370541484508067
6.878753998124807
7.601127758885809
0.42359443477494096
19.106568604406675
12.249907565576905
14.31022179517754
27.81624582186305
49.61292083946137
39.42271635281304
32.974683540845945
78.84109303590958
107.04318766377583
111.94786309453775
11.696955609533688
212.07100922369864
94.78642086698892
44.516740331117035
102.25765280341511
15.589415757181996
64.42263664321581
12.810976123597356
88.59545272384275
36.29709053197803
80.72559123607061
35.96316854944598
113.10042624196649
26.602650666594855
99.36059670598479
0.01597558804496657
24.769169825631252
67.86895694373379
4.18837111540779
46.5299549186675
32.81570051340532
13.307234805302869
51.238856493982894
56.36274214338119
