0.3689942228062506
0.0717919422002602
0.08954484841967769
0.2588732229311361
0.07740631819082466
0.8995708304690524
0.5501786362160459
0.8498411473845522
0.11448590074240883
0.6186925812278048
0.4689942109309584
1.4616391551628567
2.572898353030382
0.7513880030791142
0.8821635158781191
2.154058883822131
2.5654118897318767
8.735123770876385
11.173060921753404
4.79297957450558
12.43372559098384
4.041949462301773
4.859232852736795
18.86517312345677
39.681368400461
4.783178104014041
26.206228463179286
1.4245715311353706
12.102594142275848
9.19810161814894
115.94200316617753
112.64255507788403
3.854683134049992
34.20964867746079
39.17623987441766
31.744644763919496
34.6961727329799
26.516888645041035
91.56199677350014
20.287819387493073
52.9603602886782
1.6516710419382434
68.92879925970192
21.697498994319176
50.23297847892536
46.7153628745873
16.605219600991404
34.72173495517927
17.06257989257574
52.87597012017068
22.00705647849827
17.213950381614268
2.292935583005601
2.5222291413061613
