0.8669473922711752
0.16205974679715496
0.1471300121818757
0.26070649721615524
0.8733356644891259
1.268310155388484
1.7263645175581814
1.478332924959389
1.0552060965704442
0.1341325929382151
0.7012477278402116
1.8511138387669348
3.377978075364865
1.3496971536662272
5.669354673822568
5.692064740760884
4.0812009727975465
7.201395367411237
0.887535534641529
1.711037877668332
2.826711027853662
4.714001913898073
0.19233798859409035
3.7416209314546904
2.6965430267455304
37.00937801705004
46.25427992543155
49.88365770060591
8.725795565253065
56.96320621062296
44.5863546822693
24.35989605170107
52.34236511193012
4.0713879261493275
8.87918263618485
25.858424044075946
91.71397310706743
0.27181448994087987
4.595679966125317
25.98805724482736
14.51049427385442
12.133194527159503
122.01369897319091
57.94852755762986
75.08581240596686
61.632207127790025
28.151589317458274
42.26798633870203
64.74804708765441
15.817631466408784
44.55165404436411
55.37343728623091
89.19439695280744
98.1138366480882
