0.06475029873664002
0.07365361766399998
0.08226984265984
0.09166071112704
0.10163752068095999
0.111705682176
0.12215080920064005
0.13201188622336
0.14187094763775998
0.02261414338661072
0.2665841619880341
0.47820212326656003
0.5780597394457601
0.66385732289536
0.633708550610685
0.8174185085440002
0.7783297468499536
0.765666413198576
1.0410267823718404
1.1317010776473602
1.2118592736870404
1.2836491187097603
1.3514825110758397
1.8211912750310397
2.1431507736601603
2.3985633739161605
2.63967868479744
2.7267281271636357
3.0409277232153595
3.236786717091841
3.41712083527936
3.59159503862016
3.7670648610918405
3.9308613696000005
4.09743098220544
4.265930034403839
2.4520889735781544
4.589480139171841
4.751660572764161
4.9099469056
5.07201566730496
5.235507778378239
4.421891035933324
5.5513466919961605
5.726119727933441
5.887448017960962
6.042102225533441
6.2132302402790405
6.38070024962304
6.539050899786239
6.7036252264959995
6.88233669387264
7.03769589166336
7.21103802597376
