17.606596673354918
25.074210085602935
33.58655288298917
41.19266944460472
49.97335664174418
58.74589985874256
66.40333292840612
74.80043505244586
83.92742951264557
173.0001936666632
259.23173288005916
339.47560703129335
418.11418727299844
499.67003566821694
580.1924358599073
664.9418518988733
758.6283496005951
845.8708861626169
1014.1964123610398
1187.78282117448
1346.7901397358569
1511.3388732913068
1679.0907268801786
3336.7045287168135
5047.363283480652
6751.322777856304
8430.08393190733
10097.714591821366
11787.02605819822
13420.465240285881
15121.422595163418
16813.42498581843
18404.291452484922
20219.451019110067
21957.97724557683
23584.105333449803
25322.41184743153
26853.073132933892
28490.75005120854
30284.859456305057
31917.154459557518
33689.80251709575
35385.35387791876
36928.86510236883
38565.87491196432
40359.74331657461
42194.32872886852
43863.03070445676
45460.4559857779
46998.69760307343
48610.121978845484
50507.28629395349
52181.85818330813
53822.64913230316
