0.08779131961600001
0.10225566689536
0.11917961017600004
0.13518975897856
0.15127619051776
0.16843997972736002
0.18705832600576
0.204832277056
0.22163606814976003
0.4117737564160001
0.6039279283840001
0.7894336716006399
0.9595440627942402
1.1182605664665604
1.2618873635737597
1.38976559924224
1.5092063532057602
1.62108713124864
1.8150685511270404
1.98806841612544
2.1411415336960005
2.2840107634713602
2.4084954157158402
3.32836530340864
3.9671652604953604
4.47497808372736
4.920794552424961
5.315872517429761
5.69667676114944
6.046169538815999
6.38052242012416
6.697429302896642
7.02285616451584
7.32738989999104
7.631967600322562
7.93025249775616
8.22971049750784
8.51632080445696
8.80271872229376
9.087909627455998
9.37430571430144
9.65781420696576
9.92801452597504
10.209589331927042
10.487576537827842
10.771608019363839
11.05252897678336
11.329363591744002
11.60326664890624
11.858491155456
12.085390333463039
12.29962134905856
12.462989847615999
12.576203971471362
