0.09257905887478157
0.10331359647153256
0.11917961017600004
0.13549902968934113
0.15127619051776
0.1699520782131366
0.19342362095771481
0.209048192315801
0.22339589176201116
0.4212434580031219
0.623463543818916
0.807872475432817
0.9796080731286804
1.134139295664789
1.273929881243842
1.3988728435864675
1.5165563246399634
1.627737584843814
1.8159939378542307
1.988783380851538
2.1420045245323145
2.285855758036517
2.4107184797767767
3.3330238363508213
3.967685989691532
4.475019887310878
4.921585764069237
5.316253129175017
5.69817295030552
6.046786932366994
6.380734875851333
6.69766726288839
7.022978107854463
7.327746952933777
7.632385498463359
7.9309373104970335
8.230082271526147
8.517163431101078
8.803816968251379
9.089082861916813
9.375159808757322
9.658314242800486
9.929337919959496
10.210307614121158
10.488314760929029
10.772867312744632
11.05538409530595
11.334131185154046
11.609596964989832
11.8643221131039
12.089003017016747
12.30040908341832
12.46412451872066
12.577313168351656
