0.11400421206351297
0.10641573722912057
0.5739546930969723
0.38320208250494403
0.06287968897008511
0.2375979519460003
0.03877165045510367
0.27265167566753234
1.167907907577046
4.615686395670565
6.904580491683305
6.047583629801522
4.33316625771505
0.21030752954135323
4.67549333882971
6.954383809019987
10.584246351324964
15.358887617757773
18.02403068173669
21.87034494251293
22.824841550263955
27.956216991829933
23.72493417392434
14.216711015507826
37.73105272290104
73.44632065055976
75.17958228955104
97.25410240979
42.98846395942928
28.755131350028023
9.66209255627291
20.293737341780798
62.71435847065368
67.94228296120491
99.87322936061173
115.47845790237625
151.171638460728
121.4762839604773
95.40092218665814
64.85663121111793
42.509488493749814
4.546064016474702
108.26360742864927
149.3794951095697
199.984071700841
193.5939772706406
169.1741250191917
111.96580942424043
14.403885249528685
134.61233458422066
190.27260653638223
308.76171185143903
134.7318963199359
134.7318963199359
