0.5376361754414489
0.6650825332574506
0.3188339398732012
0.6890499966791239
0.2646952391887112
0.7732822442703906
2.0116274681672195
1.7136118802285978
2.060858502116176
0.3895887094747934
0.6578205092839653
10.41498321222224
13.310139441273122
1.1951319444669934
5.175405187570163
6.021560785948964
4.282699070209787
22.521072095977615
10.115982633879185
4.224266633920706
5.848298357174599
40.490303818887014
14.75679126377986
38.84591103687853
26.524094153293845
53.83574769416464
77.97577447522781
87.93469523172462
89.37133084384732
51.63936916604871
188.96133818009366
157.55851720738065
85.80676519657936
30.210464342726482
39.82989435554555
20.306960384270496
35.18344978351888
145.18674202218972
135.146519545895
220.29582521397242
8.602521555658313
62.863854962415644
4.10546847643127
153.75835271554388
34.82309711765993
158.60031560975767
193.64523113512405
19.012940525812155
1.6306229296751553
57.030811205055215
28.933491734816926
32.27886492560356
170.47061822279647
187.51768004507613
