0.11149401821184
0.12785029779455998
0.14474920286464
0.16246961685504002
0.17616890773504001
0.19312016967936002
0.20997803216896002
0.22381225574400007
0.23841423341824
0.36048784516096
0.4658204461081601
0.54727563204864
0.62665082512384
0.7126466258560001
0.77405930148096
0.83475851526144
0.8927196021145601
0.9617866121318404
1.0497363080089601
1.1323002972160003
1.2055899456409602
1.2959618457702404
1.3400488729830402
1.8270388224
2.1783870760960005
2.4798136263577604
2.738204181504001
2.95015525632256
3.1713854069145606
3.386671700797439
3.617390979136001
3.8090610677785603
3.97235513069824
4.165903063759361
4.349213483338241
4.537820206656
4.712303174656001
4.87988599735296
5.05949804515584
5.27520939294976
5.42895219212544
5.60130297053184
5.78599534377216
5.9818593746560005
6.1414911004902395
6.308793621053439
6.528523745525759
6.69241998962944
6.87458194891776
7.066112302655999
7.243401424906242
7.4313289749529625
7.60554026484736
7.827890759434241
