2.7214079193076373
1.0292731754710047
0.10949798966042579
0.10531519744205298
1.4436212187026527
0.9485952415206498
0.06615170424151984
0.5367027201663461
0.26848588870359436
0.5333243787516153
3.214905254494056
3.1228606737128075
2.935553109428895
14.21739757033339
9.094581631596043
8.82451380566522
10.413039209354224
36.04070995095344
20.418316113987544
9.632276975096374
6.353589114679153
30.687775693620097
29.858558177971418
127.87289504319733
134.34095526795318
9.676481936187884
90.41580966536458
2.3893553651996626
68.55966588339834
163.05707555116896
443.3542624810925
426.8957116813617
183.91448585800754
226.94040040307664
194.6039435062885
223.0047857949321
132.90786162576114
13.154117913032678
42.95127855438477
265.44584906835735
4.893227766900964
81.91268486514309
53.61887382344139
77.83676452004147
127.27124797925353
263.22334598344605
81.36452711961465
92.69427406813338
103.11611511462979
33.291368376259925
99.54676873562858
75.52790594964608
182.61820800881833
200.88002880970018
