0.07060042093086465
0.10277839017290165
0.14474920286464
0.16246961685504002
0.17616890773504001
0.11795873210664069
-0.0785292180112174
-0.02904298303620731
0.040666816582452026
0.36048784516096
0.4658204461081601
-1.1860018065308786
-2.130769541997146
0.7126466258560001
0.28155267363576303
0.3141147667828099
0.5991128227700662
-1.2328915231203257
0.5336373598709626
1.1323002972160003
1.2055899456409602
-1.32922597111208
1.3400488729830402
1.0296506659920925
1.7454034175317377
2.4688254872453794
1.7942962617114124
-0.17717956748413322
0.6276965027212933
3.386671700797439
-5.028584523543438
-1.5882845954254785
3.432457495779997
4.165903063759361
4.349213483338241
4.537820206656
4.712303174656001
0.13062909966305725
-1.1608673665572322
-1.9965705213356886
5.42895219212544
5.60130297053184
5.78599534377216
2.917147200909528
6.1414911004902395
-3.357611680279282
0.2569821559646801
6.69241998962944
6.87458194891776
7.066112302655999
7.243401424906242
7.4313289749529625
-0.26456183519696364
-0.2722963882801599
