0.08577963161856002
0.09467978232064003
0.10434863932416001
0.11458279160064001
0.12400314302464002
0.13274188677375998
0.14280054978816004
0.15386100390144003
0.16302342963455999
0.26310169870336003
0.3601497755750401
0.44998122628096004
0.5284312957158399
0.60043157557504
0.4201395153350477
0.72302505535744
0.7776869364633601
-0.10822289262815976
0.9207400407040003
0.9984805776000001
1.0763016725401604
1.1297040683335664
1.1940230116249604
1.62822091550976
1.9236314120601599
2.1651592167039997
2.2473493149449753
2.570526088989172
2.7671710335385598
2.023699336989017
0.5460316866062738
3.2877754718617602
-0.5577544180039928
2.51657599009221
3.7667915883417606
2.4593535729302096
4.078499805276161
4.235232289023999
4.39728150332416
4.54442116251904
4.702298571266561
3.8514169247956516
3.499416594358575
5.16447077622784
5.318226352384001
5.480663057858561
5.631501092546559
5.7959060229734405
1.5478899763658802
4.831631315873336
6.2655456546918415
2.4347061009904696
1.8784761324154768
1.9273874985911048
