0.08577963161856002
0.09467978232064003
0.10434863932416001
0.11458279160064001
0.12400314302464002
0.13274188677375998
0.14280054978816004
0.15386100390144003
0.16302342963455999
0.26310169870336003
0.3601497755750401
0.44998122628096004
0.5284312957158399
0.60043157557504
0.67142160417024
0.72302505535744
0.7776869364633601
0.8389768594662399
0.9207400407040003
0.9984805776000001
1.0763016725401604
1.13274981597184
1.1940230116249604
1.62822091550976
1.9236314120601599
2.1651592167039997
2.39050189717504
2.57635371448576
2.7671710335385598
2.95626483339264
3.1083890262937603
3.2877754718617602
3.4681940665574413
3.6037463906329594
3.7667915883417606
3.9400090349593597
4.078499805276161
4.235232289023999
4.39728150332416
4.54442116251904
4.702298571266561
4.849064720304641
5.022984611842561
5.16447077622784
5.318226352384001
5.480663057858561
5.631501092546559
5.7959060229734405
5.96740472905984
6.098299861096959
6.2655456546918415
6.44845484740864
6.578084137461761
6.749362907752959
