0.006409984561621229
0.23450578349028461
0.03573837895935128
0.6360423147081278
0.39042144793564404
0.5353374241544913
0.41606605599923796
0.47033595843258524
0.2880070848702161
1.242126589135836
0.908824061033215
0.07943973331515508
2.255647869168854
3.7755068452657383
1.8791723975191417
11.04418098670726
13.640505577699741
1.9355167391515806
17.959538468870505
26.771018919852395
15.137280312686471
38.862544682242515
35.72603050847488
7.0129023104145745
47.99072412015266
65.13659428421852
154.81483508125893
42.365242885933185
56.082220404528925
126.33111391435159
100.71915110160444
21.416255689488025
111.77349094494639
181.18697076096214
167.52538565564828
22.60352080388475
228.16373014131386
225.46061527767597
153.42879732844813
234.75703611809877
193.4382213452409
270.1746290202718
48.506969329893764
182.5416116620254
184.72163291017932
96.38313819972245
139.77688603939896
42.93137929022487
121.46620603352494
158.31639911378443
58.30555210484454
195.43019815897424
123.45488137551001
135.800369513061
