0.21212137964631594
0.3331090279269624
0.04051219521849703
0.7242956310097455
0.535393269618595
0.35260955781637904
0.2051897325792993
0.6959352781195065
0.06120220155020206
1.3366255465123231
1.2728229585998463
0.020141403940783675
1.3591730606386818
1.3126962669616091
6.581731040862792
4.284758072853151
4.340277959232026
14.45688139429842
0.7393381824795142
5.003584452532323
10.796543738640139
10.449397280172207
5.4205786344700755
9.404543100323735
4.014887890095451
24.143047938789095
53.19995568462582
50.82304867275161
13.92166460181761
89.14553118998265
107.6679664737585
8.508830886952637
177.46555705050196
90.73465300818134
50.61562619918914
117.76554865519574
72.75774278939207
57.12602062685619
23.743337473497377
53.42951067596732
11.554886330995942
91.18931672669714
123.08744368015323
19.882994596009667
34.49669048326905
37.89507466801297
22.649993161569
53.189038098855235
193.37553785784985
106.29857623163844
33.288436824659584
189.11526358869014
152.98064014709234
168.27870416180158
