0.05856400000000001
0.06719127568384001
0.07728933769216001
0.08675145529600001
0.07861701951060768
0.10741822710784
0.11776207995903999
0.12707114607616002
0.13735977739264002
-0.14017724465799428
-0.3077832267830524
0.1352585158759695
0.49866638076496306
0.6300549376000001
0.70334657003776
0.76871090323456
0.1428884461554979
0.5353821692300078
0.9880614465638401
1.0759730335974402
1.1479733877990401
1.21771754680576
1.2873207907225597
1.510366516373243
2.06700659359744
1.054169724732041
2.5579114661478406
2.775902538816
2.97135405363456
3.1695677875839996
3.3486891873177607
3.51858962473216
3.698310533040641
1.8309287773189435
1.2331161450151082
4.199666557757442
4.368467847744001
4.52822738055424
4.684758956444161
4.84480247071744
5.018883154024962
5.17295358480384
5.33431128592384
5.503100426813441
5.661529131850242
5.826878449891841
5.990127022696959
-1.809266465907048
6.322859109276162
6.487575773184001
6.453896555601882
5.8535374161455405
-1.8913890072189439
-1.9451967703104156
