1.2988089546030448
0.9662896496390374
0.5080012420899038
1.5809521022970827
1.74355155979368
1.7697984951899173
2.3822485964016806
2.721693047754883
1.6804424886022815
1.3487445644723834
0.6036015888728343
1.0848175099648643
4.304179117208832
4.026325373502971
1.8805128506824076
10.954017110548875
11.466216451688751
5.028516714143848
15.356872455800271
25.968165714991073
12.696578882310632
30.525165516915195
22.6033754911482
37.056411119596305
1.8555112956264566
40.51502249305486
35.16350636169955
102.92868731557792
10.335530272996039
92.17780789027893
119.74748510557765
134.09540391392147
71.32031396782259
159.52912990116602
151.4564272808202
68.73250510932121
126.67871990809363
181.81677269379725
95.84233548194243
16.34949439070988
34.64345507988037
61.09425417073362
140.46663923558663
56.782295651464665
85.03816978566465
53.613784737586684
187.6927343432617
85.31017738065566
60.34570015066856
240.96905528572097
312.399488046467
25.552326583798276
349.1987225936391
384.11859485300306
