0.16410536184064
0.17708610585600001
0.19056088547584
0.20687651463424003
0.22046105027583998
0.23403457394944002
0.24875036550144
0.26319198290176
0.27546710262016005
0.41805431666944004
0.55354314242304
0.6792608042598399
0.7874645616639999
0.8873067273241602
0.9812503213286403
1.0479338455449603
1.1189306851430398
1.1884906881126398
1.295280714816
1.3877330052326402
1.4811435221017601
1.5503915496678402
1.624136141056
2.1356852835225606
2.4671361869440003
2.7410590414873606
2.99902594748416
3.2062712797209603
3.43132055582976
3.6401220944281603
3.8070690517094397
3.9904057600000007
4.191879518464
4.343416122664961
4.51707351614464
4.70978192929024
4.858913801871361
5.021091423152642
5.21555242957056
5.374221860874241
5.535682897930239
5.69978571602176
5.88702097817856
6.0351822862566396
6.200952605309438
6.373677868687362
6.5306824704
6.71292448313344
6.901095374440961
7.044327494871042
7.212645021514241
7.420298035701759
7.564823378421762
7.736960321136641
