0.6444611280746457
0.011164127422652825
0.011086912032759244
0.9569091435495594
0.5069261601350163
0.41565594546080575
0.11408574091757373
0.725457588645753
0.403978281024834
3.2933932257172103
3.1525578392198668
1.7446922861960843
1.0918108002158533
0.18378446232537726
6.117802078668319
0.6046300773859912
0.804731127295895
12.025048391536075
0.22507730904533219
0.04687905859782404
3.511173663366435
10.369058744902532
3.2924253095338827
5.693028900785521
4.516976333392449
32.511531240395925
46.26337471865554
40.783049028506866
5.764405306697881
80.3451437075546
60.01327123333067
15.03877233276944
121.87592990280973
50.22404847747748
60.45372593541833
116.53037798869991
109.40675536099661
89.14971078645976
8.6299458340618
40.98671061867208
16.004956352193403
156.46528998263238
208.89910819611396
3.2959665898160893
35.18972517357179
30.24388328944042
21.939178766027908
13.902727359803976
132.043057755036
23.9969320232849
44.65403347562824
97.41161278502113
88.30007879069308
97.13008666976239
