0.063875485696
0.07309106903296002
0.081997467904
0.09226916557056003
0.10127873434624
0.11093056229376003
0.12054450690304003
0.1314497536
0.14038989834496
-0.04361330942276259
0.11270734563585963
0.45026461950976
0.53912952391936
0.6194269245542402
0.3902164694661817
0.7547022376960001
0.8147156434560001
0.08859320695445971
0.9655530697753599
1.0502412750438401
1.1272867312537602
1.151224734557172
1.2551742634393601
1.70579481329664
2.01136385249536
2.25865310361856
2.49007895040256
2.6822840218239996
2.8767959165440002
2.3721611124918947
3.2278635465753607
3.40548344418304
1.5239534871147162
3.7281554629862406
3.8877807111193596
2.772138366681231
2.4685272812102776
3.594445913076694
4.521638200527361
4.67196812349696
4.828932414282239
-1.0589374364757491
-0.4782883608452302
5.294711448576002
5.453913802754561
5.60972024783104
5.76594585363456
5.9230319779839995
4.250641792816829
6.237997767682559
6.396893107264001
6.57266844230656
6.717941462960641
6.880212936255999
