0.15302791466206145
0.9621441597219587
0.153527469268532
0.048852249175695306
0.15384443630439648
0.719963772361119
0.1617547654238649
0.5170450780518223
1.9665616629035014
2.200292658606344
2.460718454396954
6.938934282648972
9.232299401874002
3.008011729456314
5.280697795499577
3.3860396856467787
0.3410652720657481
5.249435996404827
10.811380923165416
12.854564421813166
7.605507571278849
13.518351499748178
2.8290584631204183
23.385991721772825
14.522931483241337
42.76311178488686
40.607113013124035
9.808697400967503
25.408668129199214
42.40908628676152
65.74519701270037
39.64232095270199
24.18144670192123
60.77982579676609
5.427499598608847
13.285123073652358
13.066443269734009
9.23344900527809
24.787565425744106
10.258331223980349
19.0031291311534
20.82621209280478
111.71319792625582
30.11479104233149
33.698002450342756
15.925031520368066
128.87057001821086
52.69388687037281
69.18969835188909
24.76451297441963
61.36824700598663
53.58495100674918
35.92189603071165
39.51408563378282
