1.6806151351436327
0.0010126272120949409
0.4698454241200736
0.2132889097229267
0.45063942031886484
0.2819621174789759
1.1430188319447154
1.0824803599673487
0.08333369696673287
0.7967704378869485
5.500134651362657
9.758332275062742
11.829491034212026
5.494273647415582
7.825290451846172
6.155027398405082
3.4908883258407286
1.5722551022701055
5.828296579570065
6.3840555833842245
0.3408468911027285
4.054401615104325
7.88212989920271
35.28515534073267
13.800114158633733
31.322803039427527
55.98382385320838
22.870611189133342
32.80468638779348
41.210390041367646
60.96627088463538
31.09163957425335
34.473644301178865
70.92715659835449
13.627281233370013
8.344456600254489
12.194396883474838
5.711939032727969
16.885387637605163
1.700441267235874
34.31694996776059
3.2381403429608326
92.9854884221786
48.69130979044712
16.66790474751906
2.024242235929705
137.64098693242704
55.42690141299681
63.987077068282815
10.423361598637712
35.90172555910249
90.52572296097787
86.69149344840116
95.36064279324128
