0.12894763901184
-0.002339711194733085
0.17280183419136003
0.19403390685184002
0.21607027568896
0.23870650777600008
0.25819569039615997
0.27958375354624004
0.02140915744353228
0.2817753706485965
0.4878367006146962
-0.6365752795941927
-1.2534555955768523
0.9623390257254398
0.6305709270745548
1.1298669543040003
1.20562859532544
1.27739544004864
0.5168582639151433
0.5791944839839573
1.6027195394073601
1.1735643722721978
1.7683765507302402
2.316373218443
2.7604413565977604
2.419099712957525
3.3886153270886403
3.6463032932761603
3.89409917174784
4.118263045980161
3.8060509849223125
4.571625554495999
4.77624590181376
4.9804741778457595
5.192827350261761
5.398157820520959
5.599303754711041
5.79641449153536
5.99331503637504
6.193066252003841
6.39413353317376
6.58693456920576
3.096462346109733
6.98829104261376
7.179030027389439
7.37998510512384
3.7797360250303345
7.788252073536
7.991729980439042
8.188965175114241
8.39717065648384
8.588172535810559
8.79666246452224
8.997408186624
