0.06410699908096001
0.07519967969536001
0.08723941991424
0.09951652581376003
0.11098918902016
0.12302584310016002
0.13487931998464
0.14711581882624003
0.15726237159424
0.26568993958144
0.36948308134144003
0.4758439064473601
0.565708562496
0.6505880733721601
0.7310386800640002
0.7990958269465602
0.8649029760025599
0.9306291113574403
1.02517731010816
1.1160654736000002
1.1972946487321603
1.2666764182758403
1.33561105514496
1.8306566259097599
2.1585345357030397
2.4300120754201604
2.67231994061824
2.9115279424000002
3.1034262250393603
3.3110489697894416
3.5006529744102397
3.690732792384
3.8599297806361594
4.037514749706242
4.22415614773504
4.383415545456639
4.555007695912962
4.7426107423129595
4.89272457206016
5.06868668897536
5.2398579462169605
5.435269291048962
5.577502192936961
5.746184294400001
5.92500248803584
6.099951556864
6.26457648906496
6.434160984599042
6.615694294640642
6.791035860674561
6.95622479118336
7.1415421758489614
7.318150323263999
7.498457760893438
