1.0468821437420583
0.5814696257438854
0.30811589885711044
1.1199378380336924
1.1525171503502918
1.46692568121167
1.552012427033759
1.8419163851710465
0.610482340411707
6.316661751678794
11.6746415552945
6.649885110215621
6.96819082477333
3.502212509810988
4.020092563382718
4.759401753905536
9.749208385876614
22.20711870428636
7.5972369548967436
5.272791674398604
2.2498131954589553
10.906055349867984
11.20005227697402
5.288653563697608
16.727829961100724
25.31008048849526
22.721228713455275
106.48620396088154
30.98059543018462
37.83875026079113
17.887235449441505
54.285138784787705
60.48067153601005
65.4416211669377
44.31685184800517
89.79654190723159
88.86276775882652
82.3589563561145
109.9656069359553
41.34389393049787
18.663279674223304
244.2002996450392
24.81806824971136
35.61441637061216
47.00984516313474
83.01036336037942
8.906374027756101
26.49825403849536
42.32945237893
39.20423987132381
72.59432775392634
6.706481731169333
36.68210955703398
40.35032051273738
