0.02195711570165082
0.07519967969536001
0.08723941991424
0.05809164616806674
0.056017806381591574
0.02580185453998675
0.015040690949008811
0.032666206111238716
0.15726237159424
-0.5061954887533358
-1.7192700801810017
-0.55596919433499
-0.5909995546997825
0.21484911718493127
0.7310386800640002
0.7990958269465602
0.012450857710053165
-1.3651823500405609
0.8296501247828577
1.1160654736000002
1.1972946487321603
1.2666764182758403
1.33561105514496
1.8306566259097599
2.1585345357030397
2.1695046586662503
2.67231994061824
0.3228162946112021
3.1034262250393603
3.3110489697894416
3.5006529744102397
3.437502066113907
3.8599297806361594
4.037514749706242
4.22415614773504
3.8132479724503443
3.313803342740324
4.7426107423129595
2.1280081353408167
5.06868668897536
5.2398579462169605
-1.709853423491853
5.577502192936961
5.746184294400001
5.92500248803584
6.099951556864
6.26457648906496
6.434160984599042
6.615694294640642
6.791035860674561
6.95622479118336
7.1415421758489614
7.318150323263999
7.498457760893438
