0.13669524461823998
0.15337812987904
0.170047367424
0.18740864381184
0.20527858669824003
0.22156978694399998
0.23899896117504002
0.2568916512870401
0.27380688814336
0.45440757432575996
0.6285749690598401
0.7917810561126399
0.94125388926976
1.0810176783999998
1.2044693742822403
1.3189034085990399
1.424547279936
1.5233799743078398
1.7021648526361601
1.857856233024
1.9958184849433604
2.12499891045376
2.2443922983961606
3.10739614884864
3.716135241983999
4.199017361820159
4.629761249344
5.013995143703041
5.369163731599359
5.71088403271936
6.035701144168961
6.349174331146241
6.6504157456
6.958545954511359
7.2482337543193625
7.537546218864643
7.820407775600644
8.11369246887936
8.38942028534016
8.66488457502976
8.945535449917442
9.211098744432643
9.495400661936639
9.769715428239362
10.041354281052163
10.313100236482562
10.57954206859264
10.86515594576896
11.14152834429184
11.406031005698562
11.67423796397056
11.92975126038784
12.151805571136002
12.361299666496
