0.45268341406011103
0.019192965645991933
0.14684485923825719
0.4459869087951489
0.8082659861667381
0.2577272358345297
0.13812143335708527
0.13649394562227712
0.4005216394734106
1.9079657236976004
3.4538226395011407
3.6153898534350333
3.120282544318286
0.004324827011885191
0.4327754095580758
1.7025898140708478
2.955254056767444
4.835670302997073
8.54008509666346
8.763720186807177
5.6791603768363075
6.581508484563074
7.890458410099654
16.266749061264818
11.819767795293046
36.343672099939795
12.813552749683367
10.242921268187274
15.450498569434785
8.588814232509321
19.082791561770136
24.759098102764256
5.9262459270248655
59.368411560142704
34.71781176168952
28.331470582703332
0.9504263312810508
48.960359364704345
5.04833483614857
30.258569372705097
24.70013631247639
100.84423612838873
53.73526001418941
57.094814026073436
66.11661115021707
62.84683891751047
80.08553940836282
37.44743288448808
112.97033274114801
129.355757579302
187.2659635417731
180.74686104081047
30.005671112674463
30.005671112674463
