0.2694815881254158
0.02385207997759764
0.08457477336965269
0.30503548551185133
0.6143147654544308
0.036625521971856756
0.09277207381663288
0.08652399475458594
0.6016144233229426
1.361343201056883
1.9255692951052197
1.3685762781803419
0.5729801135572643
2.4285296726706065
2.415486630598025
2.9711909026124204
3.3205650620058123
4.160581194526458
5.581226219045448
3.5208768850113756
1.6837667197407882
2.7299426196641434
3.089438397225649
27.785326949979662
6.699448107468015
13.568722903462913
21.41934427158776
26.260243397231534
14.999187959609117
26.419764189527996
20.512078010495316
8.532637411270116
26.743840548067965
12.524004827835597
21.39379234984517
31.956402710740804
57.86361153892358
2.3226286779645307
33.83257384191529
52.23768765850764
25.841748293911223
80.1458319594094
9.012060751600075
9.594719819746388
19.150609205054934
35.7246617573328
24.246561601830763
137.43920124961733
195.8630490972937
181.64517460659408
192.00602899488877
122.65215584172256
158.11500335389428
158.11500335389428
