0.9999971776165857
0.9999952604011947
0.9999966650245422
0.9999953970010509
0.9999976537561394
0.9999973358843759
0.9999966712748650
0.9999969140542169
0.9999969427401740
0.9997972192811406
0.9999964716747133
0.9999972877082959
0.9999966224618838
0.9999976772493435
0.9999969199107679
0.9999972144486390
0.9999785146874279
0.9999870151890836
0.9999893541504353
0.9999919198758143
0.9999937980838403
0.9999929621840385
0.9999874240244949
0.9999917664481047
0.9999877633935850
0.9999870362644457
0.9999898635809366
0.9999834637197828
0.9999882947931100
0.9999891107417105
0.9999888234402016
0.9999794086149302
