0.9999961235856059
0.9999945039992773
0.9999959310803984
0.9999953106351216
0.9999951956544972
0.9999951186536935
0.9999949808687606
0.9999965812504976
0.9999961843277841
0.9999950237804459
0.9999969520350824
0.9999983443581351
0.9999973021537650
0.9999971196855502
0.9999968068540781
0.9999965515811631
0.9999817162920906
0.9999894202067658
0.9999900513924906
0.9999922261480393
0.9999945902681137
0.9999923654939235
0.9999861824713419
0.9999913682668310
0.9999869470571834
0.9999860743619619
0.9999883080869180
0.9999801895836320
0.9999903233261019
0.9999862812783251
0.9999858912901817
0.9999828108094944
