0.8410000000
1.6820000000
2.5230000000
3.3640000000
4.2050000000
5.0460000000
5.8870000000
6.7280000000
7.5690000000
8.4100000000
9.2510000000
10.0920000000
10.9330000000
11.7740000000
12.6150000000
13.4560000000
14.2970000000
15.1380000000
15.9790000000
16.8200000000
17.6610000000
18.5020000000
19.3430000000
20.1840000000
21.0250000000
21.8660000000
22.7070000000
23.5480000000
24.3890000000
25.2300000000
26.0710000000
26.9120000000
27.7530000000
28.5940000000
29.4350000000
30.2760000000
31.1170000000
31.9580000000
32.7990000000
33.6400000000
34.4810000000
35.3220000000
36.1630000000
37.0040000000
37.8450000000
38.6860000000
39.5270000000
40.3680000000
41.2090000000
42.0500000000
42.8910000000
43.7320000000
44.5730000000
45.4140000000
46.2550000000
47.0960000000
47.9370000000
48.7780000000
49.6190000000
50.4600000000
51.3010000000
52.1420000000
52.9830000000
53.8240000000
54.6650000000
55.5060000000
56.3470000000
57.1880000000
58.0290000000
58.8700000000
59.7110000000
60.5520000000
61.3930000000
62.2340000000
63.0750000000
63.9160000000
64.7570000000
65.5980000000
66.4390000000
67.2800000000
68.1210000000
68.9620000000
69.8030000000
70.6440000000
71.4850000000
72.3260000000
73.1670000000
74.0080000000
74.8490000000
75.6900000000
76.5310000000
77.3720000000
78.2130000000
79.0540000000
79.8950000000
80.7360000000
81.5770000000
82.4180000000
83.2590000000
84.1000000000
92.5100000000
100.9200000000
109.3300000000
117.7400000000
126.1500000000
134.5600000000
142.9700000000
151.3800000000
159.7900000000
168.2000000000
176.6100000000
185.0200000000
193.4300000000
201.8400000000
210.2500000000
218.6600000000
227.0700000000
235.4800000000
243.8900000000
252.3000000000
260.7100000000
269.1200000000
277.5300000000
285.9400000000
294.3500000000
302.7600000000
311.1700000000
319.5800000000
327.9900000000
336.4000000000
344.8100000000
353.2200000000
361.6300000000
370.0400000000
378.4500000000
386.8600000000
395.2700000000
403.6800000000
412.0900000000
420.5000000000
428.9100000000
437.3200000000
445.7300000000
454.1400000000
462.5500000000
470.9600000000
479.3700000000
487.7800000000
496.1900000000
504.6000000000
513.0100000000
521.4200000000
529.8300000000
538.2400000000
546.6500000000
555.0600000000
563.4700000000
571.8800000000
580.2900000000
588.7000000000
597.1100000000
605.5200000000
613.9300000000
622.3400000000
630.7500000000
639.1600000000
647.5700000000
655.9800000000
664.3900000000
672.8000000000
681.2100000000
689.6200000000
698.0300000000
706.4400000000
714.8500000000
723.2600000000
731.6700000000
740.0800000000
748.4900000000
756.9000000000
765.3100000000
773.7200000000
782.1300000000
790.5400000000
798.9500000000
807.3600000000
815.7700000000
824.1800000000
832.5900000000
841.0000000000
849.4100000000
857.8200000000
866.2300000000
874.6400000000
883.0500000000
891.4600000000
899.8700000000
908.2800000000
916.6900000000
925.1000000000
933.5100000000
941.9200000000
950.3300000000
958.7400000000
967.1500000000
975.5600000000
983.9700000000
992.3800000000
1000.7900000000
1009.2000000000
1017.6100000000
1026.0200000000
1034.4300000000
1042.8400000000
1051.2500000000
1059.6600000000
1068.0700000000
1076.4800000000
1084.8900000000
1093.3000000000
1101.7100000000
1110.1200000000
1118.5300000000
1126.9400000000
1135.3500000000
1143.7600000000
1152.1700000000
1160.5800000000
1168.9900000000
1177.4000000000
1185.8100000000
1194.2200000000
1202.6300000000
1211.0400000000
1219.4500000000
1227.8600000000
1236.2700000000
1244.6800000000
1253.0900000000
1261.5000000000
1345.6000000000
1429.7000000000
1513.8000000000
1597.9000000000
1682.0000000000
1766.1000000000
1850.2000000000
1934.3000000000
2018.4000000000
2102.5000000000
2186.6000000000
2270.7000000000
2354.8000000000
2438.9000000000
2523.0000000000
2607.1000000000
2691.2000000000
2775.3000000000
2859.4000000000
2943.5000000000
3027.6000000000
3111.7000000000
3195.8000000000
3279.9000000000
3364.0000000000
4205.0000000000
5046.0000000000
5887.0000000000
6728.0000000000
7569.0000000000
8410.0000000000
9251.0000000000
10092.0000000000
10933.0000000000
11774.0000000000
12615.0000000000
13456.0000000000
14297.0000000000
15138.0000000000
15979.0000000000
16820.0000000000
17661.0000000000
18502.0000000000
19343.0000000000
20184.0000000000
21025.0000000000
21866.0000000000
22707.0000000000
23548.0000000000
24389.0000000000
25230.0000000000
26071.0000000000
26912.0000000000
27753.0000000000
28594.0000000000
29435.0000000000
30276.0000000000
31117.0000000000
31958.0000000000
32799.0000000000
33640.0000000000
34481.0000000000
35322.0000000000
36163.0000000000
37004.0000000000
37845.0000000000
38686.0000000000
39527.0000000000
40368.0000000000
41209.0000000000
42050.0000000000
42891.0000000000
43732.0000000000
44573.0000000000
45414.0000000000
46255.0000000000
47096.0000000000
47937.0000000000
48778.0000000000
49619.0000000000
50460.0000000000
51301.0000000000
52142.0000000000
52983.0000000000
53824.0000000000
