0.9999967472733403
0.9999967416770134
0.9999953470951153
0.9999955234541487
0.9999972534682944
0.9999964829284821
0.9999971680568386
0.9999968283740670
0.9999957390699525
0.9999945488343578
0.9999969676653653
0.9999966058712362
0.9999982415740276
0.9999969582952072
0.9999971897330918
0.9999965672758637
0.9999792019079834
0.9999913550276637
0.9999879484990728
0.9999902751386700
0.9999938274935383
0.9999952633073310
0.9999913293017133
0.9999918188660107
0.9999868542592665
0.9999888900807284
0.9999906689230272
0.9999866299795311
0.9999885978957053
0.9999844280803356
0.9999899817306591
0.9999762048942304
