0.9999960299847958
0.9999953767797649
0.9999961113411792
0.9999951522666761
0.9999971625053338
0.9999964388989475
0.9999969083408833
0.9999952315531649
0.9999968789759536
0.9999953057565698
0.9999962834904716
0.9999972082028438
0.9999967903650622
0.9999961420636807
0.9999964238939077
0.9999968893865289
0.9999804992802127
0.9999910172621278
0.9999897455979484
0.9999909054041414
0.9999921341313474
0.9999918264943112
0.9999898823379543
0.9999900451955299
0.9999828826730475
0.9999882190013757
0.9999905332049792
0.9999887240155636
0.9999889402188348
0.9999845702201268
0.9999851926638283
0.9999833211711295
