0.9999968435187586
0.9999940281472689
0.9999949091797632
0.9999954899406386
0.9999958658415025
0.9999963331344648
0.9999959639143770
0.9999968098939258
0.9999954988168441
0.9999864830950752
0.9999978515570247
0.9999974819913658
0.9999970249746428
0.9999969379081567
0.9999965562329003
0.9999975298675259
0.9999795108409097
0.9999896044304777
0.9999921308423370
0.9999901892897367
0.9999928678015394
0.9999921632311519
0.9999929880610438
0.9999904585179246
0.9999834572790143
0.9999857798517722
0.9999888061907066
0.9999858163967665
0.9999904958404958
0.9999845557640841
0.9999901987098638
0.9999800940699083
