0.9999974438822721
0.9999961396637547
0.9999962674876202
0.9999959332991146
0.9999961803187015
0.9999945009384500
0.9999957445998375
0.9999962276236098
0.9999972235197097
0.9999962831805154
0.9999972099006618
0.9999966962296155
0.9999965008246151
0.9999961035153001
0.9999974454938682
0.9999969216671660
0.9999811127138861
0.9999911315296295
0.9999915012760368
0.9999899026917398
0.9999927592849804
0.9999923444584516
0.9999895133533154
0.9999914505759883
0.9999851867575912
0.9999902714726652
0.9999868678032348
0.9999869788359279
0.9999843415956152
0.9999882187675738
0.9999908044084411
0.9999796671447659
