0.9999967524201259
0.9999940889205224
0.9999969300066804
0.9999955496743594
0.9999965589082398
0.9999974432540575
0.9999951945373770
0.9999964596563202
0.9999973186587020
0.9999938736527283
0.9999970006390565
0.9999962692644478
0.9999961061263984
0.9999966464760597
0.9999959545658450
0.9999972457149906
0.9999811566145927
0.9999893694130388
0.9999903768794726
0.9999884570308059
0.9999919609234862
0.9999916303815261
0.9999904031361825
0.9999911522607925
0.9999844464288087
0.9999842792445589
0.9999880114104882
0.9999860365468820
0.9999857118830584
0.9999836978213741
0.9999877385507966
0.9999802653498376
