0.7911880446667574
1.0868706343211159
0.2687431266136997
0.3273547640170662
0.4851127476894703
0.8029556645217681
1.5832519331940063
1.6809411737787627
2.558374886396095
1.8682206567979733
0.7317259541148076
7.912724905674224
10.679450181288018
6.294814863572981
13.514349531410176
9.079834265830073
8.007011552983727
0.3778291849729385
6.825841500877004
10.765418797158645
18.632350405422358
5.07251043840688
24.403077088293458
6.285318549923431
37.79411852846715
116.78969991052782
94.52093764317397
76.80776900114688
59.64629496881389
66.62633683919012
35.089520878507756
9.016083243812318
191.105051322902
152.10734376337496
137.84694185394983
175.78116007573408
228.89303417006522
249.40930923570704
208.2009160153102
36.27063512125096
93.42562654165158
105.4085484420284
66.17133978215134
117.50879747654835
8.80735371443734
73.4866247204045
219.011847792739
115.01363130348909
141.38084384841204
242.40183014728973
209.86872407013288
233.82484836134245
297.411782297786
327.1529605275646
