0.074708195584
0.0739657105965277
0.10608413787136001
0.12234772734976003
0.13769917894656003
0.15317141618944002
0.13297973109686573
0.1459885422453046
0.10128056725146158
0.3295641722982401
0.43864870779136006
-0.6236501929063678
-0.8727599181348421
0.6979546467942401
-0.30620018794376525
0.8336332764390401
0.8954155576959999
0.08460686628624303
0.8602078679285858
1.1442426863718398
1.2225388769510404
-0.29829938286907853
1.36370452306176
1.869148340224
1.8879877472542799
2.5255871527321605
2.7814767861760004
-0.7241479913389091
3.2265356175360003
3.4410428080230404
-0.9582040985556484
0.22977534718472192
4.0274067856
4.221841402944001
4.409838721474562
4.589329321984001
4.6658933432640675
2.648224958265867
4.035050048186237
1.676703968742281
5.49278344409344
5.668482911477761
5.849587262464001
3.9482964460130248
6.212352863664641
1.1572197303354477
4.184208629333686
6.76079874359296
6.944532021503999
7.13749785481216
7.317198121024
7.50433865826304
7.697259847720959
7.895794274959359
