0.055717915497709214
0.5957993173344605
0.12757881010412575
0.1757362060743901
0.0940148593129635
0.2025776850259291
0.7962653393688015
0.7489620285774237
1.495625571448997
0.5729322953505402
1.2172704561649255
7.107872443961867
8.190745615899118
1.784404549652777
7.197008577203633
0.7206049975170572
2.2038403036211776
12.408131754729425
7.750862884155936
5.451885397585102
1.8184410901128558
21.304904170372765
9.416752042422786
22.996016642439827
25.56331100623447
52.9311897545349
51.44873109753098
92.41899485067006
41.42765116080409
16.07775679398037
116.37975265514797
114.22773611991943
68.70939652626112
14.946046460412617
8.426792737278447
25.687226456077042
79.67141647189783
105.6012524077887
74.53977247416697
153.50846337655457
6.963367268705042
26.475407274898316
12.691409819315595
139.88496236249193
2.346488929251791
111.51484563852136
139.16091353370575
0.33867495963932015
14.302406663387956
42.70238468237949
32.14570591090887
53.425084888745914
37.53723852555413
41.29096237810955
