0.40179653682065464
0.615745431966193
0.9412713754565232
0.33904333408284515
0.14886979246797694
0.5070835096340147
1.215313906604905
1.3813269285650165
1.7439229286375735
4.010487949349169
5.255544777940742
2.036799295194726
3.105661908963441
2.4440338292347406
0.14352468990705347
8.810060153447239
2.2140505721266663
1.3891780209787612
14.61502641107029
1.2715411436238355
1.5161666930682713
5.016691198515218
11.602264995782889
61.38322502021765
80.95804284246242
4.746032912044939
82.29550350041063
31.739336904478478
1.1311372457894322
113.15307118638157
83.34992377863637
65.76948275938412
111.7807379024598
214.12006951118747
38.71230570557964
88.90891850861954
24.211235376762488
144.0780017256766
113.1310775703787
75.4573715742772
76.47977593024552
18.73332208905049
124.36773888978496
208.80011018814548
35.883235981324106
216.33283960794506
176.480489341855
249.08159509079996
65.79360372070369
249.55518900800962
107.29089768161793
24.798956572500174
41.7063072090823
45.87693792999053
