0.5954373443219154
0.0036244868335408853
0.6984946918690227
0.4086361874796367
0.5292059250836871
0.1494082244019097
0.30074842643342947
0.2082675862786516
0.33601640301833413
1.1126652273208038
2.1480832362555873
0.47270872272673614
1.516473579000774
1.8792296661932824
0.5538431077999348
7.524990955691692
0.3758202265210002
0.8512977272331455
12.18610998145084
3.181047816944556
2.2294845181629626
4.021226482884913
15.028240918886468
28.076831615752326
24.27746684673457
56.56461984624457
33.329468219682894
8.547380435522427
7.983013346587541
68.87694628025747
9.70011128041915
31.50074010510798
1.5088201385588036
94.70914538359648
77.30228083723341
13.834736897544644
57.93066522560184
92.71062339017953
135.663859403252
59.72913276372128
21.73382619555923
75.74875757576228
3.569981058150006
51.2576835251748
220.98081004914275
18.054688787524356
27.883925078858738
49.96722370440693
112.5845629336618
100.10005198788713
8.674277549420367
7.665633147662447
8.309425565275887
9.140368121803476
