0.09162874296576003
0.10161507794944002
0.11205890150400001
0.12164693035264003
0.13197352089856
0.14191072546816
0.15194778210304
0.16285292534016
0.17363688984576
0.28677652943104
0.3981771537638399
0.50505241743616
0.5956406638617601
0.67810086457344
0.7533267871359999
0.8260977557606398
0.88128235376896
0.9359680160793603
1.0418170581913604
1.1196754968678402
1.19663996322816
1.26493389437184
1.3347975758233601
1.77592084071424
2.08846892759296
2.35358308497664
2.5641642520806407
2.7713299682534402
2.96292601775104
3.15379523709184
3.32361485254656
3.4906495155839994
3.661038331456001
3.834728963112961
3.9801462969241603
4.14638410979584
4.300971617986559
4.47274448490496
4.608351802531841
4.77186199646464
4.93157599951104
5.096779432983041
5.246386585200641
5.39791247294464
5.58049530717184
5.715848134656002
5.878654125160961
6.030600009984002
6.20638834565376
6.347311863523841
6.518544284736
6.683771953520641
6.847106329845761
7.008870779299841
