0.06989128540416002
0.07810370447616001
0.08667889680384001
0.09573331046400001
0.10446237700096
0.11469005374463999
0.12342124554496005
0.13301134173184
0.14241506059263997
0.2323594943625694
0.2667343347266123
0.4320296182681601
0.51296306676736
0.5867633536230401
0.6548823255040002
0.71484725258496
0.76747691851776
0.8222630260838403
0.44402126528232494
0.99135317315584
1.0640302095385603
1.1251574673433602
1.1911784074854401
1.2440934469541216
1.91047241696256
1.7929095958164312
2.3683486351360004
2.57014250608896
2.7503913916441602
2.140777874581789
2.7318417408878983
3.2638844961817606
3.4285173625753598
3.366092754744719
3.745370607615999
3.8972255809766403
3.2565709650711145
2.521758098882775
4.3552350864000005
3.7267765695315656
4.66900132368384
4.81818655335424
4.962422740380162
5.115232609344
0.39648805308227875
5.425426059919362
5.58057846069504
5.73218597856256
5.194502008622773
6.040631406684161
6.21024741255424
6.36879115223296
6.5239376400000015
6.680132347863039
