0.2268392599383553
0.19525725300621133
0.09369461141554325
0.2075887515110324
0.026027260485896875
0.9157484313877262
0.3275092587870603
0.3669789504320988
0.12272044899903278
1.677051738389622
2.3876252747174362
0.40055767039132206
1.5089258351909507
1.4232132305377263
0.7412410979533206
0.3566123914532682
3.586363266750709
3.026146881999921
11.854518475648774
0.20058609099055502
3.651071569466694
5.434280538532676
14.366975511869668
31.997806393264455
19.420144843378694
51.03099091027889
25.601563070906195
16.87177598406015
26.13191350593661
84.39660504274434
69.14205471479545
23.099180098430224
1.3800840364965552
80.45320248114876
3.1335672923814855
36.82101333453102
83.46127801453258
126.74841787500554
59.68994342168662
90.43714241143971
48.02917463325139
18.11743059863511
68.18119646568084
62.98221052802546
197.31697099771554
18.791148877658998
7.103392618853832
42.60254717593489
117.59280512459372
85.99279455507349
39.82616196485469
35.19501875976857
17.411744976030604
19.152919473633666
