0.2772586382307374
0.11884186510618022
0.5002559375632671
0.7177493684369267
0.5101004785300418
0.0951396316435833
0.03537793031885883
0.28373402020648086
0.20387145707924503
1.3066019552805699
1.621716049593033
0.3404009709372531
0.13235183651545412
0.49395433628035335
4.9738622983417144
0.33255818932832426
1.6401185682072992
0.44031779173644736
2.743085961217048
2.674034067724051
2.189351625767358
10.773398485733424
7.410410927999237
12.359964441451211
13.125356595491212
23.76940425252451
11.448057821842667
12.792580343995724
35.166790523964664
55.78034606952315
57.3753601425924
1.4415515342152503
3.363117110206076
47.56224758767712
19.843787830912333
77.97826416547105
37.62087721962962
0.9818876254248607
50.18202607864441
66.61449010302385
49.05861808411646
27.980151922143705
32.041566049803805
49.63086686201859
45.389744916734344
5.397348132013576
63.259187222756736
14.146029218762123
126.43695546198433
78.70381182654819
88.11939392914792
24.522145195762278
6.3013818784747855
6.931520066322265
