0.23769794572477565
0.14459698571442559
0.5124855899294616
0.71697138836997
0.5214955174434621
0.11930464079510017
0.07150118419257012
0.3310940349010991
0.2626120638140037
1.4588234598496967
1.8358382072244979
0.5901802360685338
0.13385494337609316
0.7649269242706964
4.704778976849752
0.06798307677945559
1.3811286978028647
0.18611169656605853
2.493502016663001
2.9279822420398887
2.4574560131964063
10.479935290678668
7.7317935690607555
13.15111447181107
14.170753680546113
22.906083207251868
11.803771339287778
12.454043504912988
34.1168805641737
57.4895705149429
59.53260869029873
0.9416004777049238
5.750349389381881
49.71253049443112
18.122278731083497
76.87044789714855
37.339410061958915
0.28384255912169465
51.92734542304606
69.52774578240496
44.79460083446247
22.401938487324514
25.07836513807706
57.94558887171297
35.54209647489188
5.889395161662833
75.97548713220021
0.14191878183191875
110.53681941908144
95.93562193622347
106.86254080550134
44.84457501515135
15.571392921498045
17.12853221364785
