0.08451625780224
0.09402023977983999
0.10303380972544002
0.11257796509696
0.12301349699584002
0.132664949824
0.14369315513344
0.15311631608064005
0.16407684409600004
0.27852386231296006
0.39693427273984017
0.50964064543744
0.61274077106176
0.70630174238976
0.7819454590182401
0.8605872138265602
0.925644106816
0.9877465683993601
1.0931656016793596
1.18021628978176
1.2588445059097602
1.33353717260544
1.39940950352896
1.8732893221785596
2.20397065042176
2.4610029175705606
2.695270825984
2.9102667672601603
3.11143070005504
3.3033033420006404
3.4884138587161604
3.6671698482073607
3.831421023682561
3.998284983869439
4.169064848509441
4.3290494935142405
4.491598644656641
4.652131334400001
4.81818655335424
4.968462398423041
5.133400115120639
5.30297626788864
5.446928638863361
5.60588585269504
5.766199427197439
5.935031460864001
6.086917940224001
6.2519841574502415
6.413195627069443
6.577632744348162
6.7421404515942385
6.9098828366233604
7.075097800911361
7.237434301504
