0.006244528224904428
0.10807682550016001
0.12056895068416
0.07791763464013339
0.1353735372098486
0.11971365122385438
0.12355578662595423
0.12032657230243138
0.18815606588416003
-0.1907802398656901
-0.8929855551551792
0.3076234457899406
0.12368780014254538
0.4563559004267494
0.7204532915430399
0.7814786305638399
0.5106969229541298
-0.6689390598194734
0.9808708297289312
1.0781649077478401
1.1523902268313604
1.2205936461030402
1.28313071831296
1.75538756802816
2.0745539656934406
2.3423102603366406
2.5774838304793604
0.8366323779196094
3.00097692995584
2.0571499448167154
3.3870603814502407
2.7401593846771375
3.7422376317849606
3.919354629695999
4.096148542351361
3.689438748111392
2.9263194177992853
4.610619004119039
4.424363838614742
3.395160417544949
5.10337738510336
-0.4711827029314639
5.441590063106561
5.604885791296002
5.785148670568959
5.953998214658561
6.111954795274241
6.28503295521024
6.469209119296001
6.639436485468161
6.806271551242241
6.983918258268159
7.15368201191424
7.33272674264064
