0.014099059403548608
0.29956625970136486
0.9976317236994845
1.5679635165149008
0.8616420295114651
0.8441339987866172
0.6464525988998702
0.8849379394833363
0.37736927549204324
5.646326655589746
8.352894338217425
1.717524789671188
2.0114630389204535
0.37489036390621777
8.703873825292362
7.240752639757602
12.834843723943663
23.868864638132436
12.643461652369297
10.34273519735325
2.0618874854865226
5.508388293406142
14.06546823432268
39.13916298644381
87.09889858768474
79.90806937908019
71.02994721061805
50.50299443257063
16.8575090119175
87.55449556008716
25.213154789757027
69.27731127283187
46.90412740008833
46.675866498491814
28.51741432012568
154.2183307113046
182.50868308844656
39.040336501566344
214.44539632526357
246.27428455871268
186.21928782756368
20.19497677540494
169.2208484327566
217.70072738520685
97.54020122503425
93.75138132721622
201.67477291420073
163.1512073897611
20.201304445261485
21.73011065996252
63.28685974238033
6.314463280228665
34.562813339296554
38.01909467322621
