1.5425760541140416
0.6848447798557267
0.49448674972356343
1.4626154693896538
1.0435485827510789
1.2882687032072155
1.301225549347123
1.7175555133700158
0.5715736432266709
4.6709660763228555
8.562832651891199
3.6135330366159906
5.3819079329840065
4.256595223394129
3.0878287495171435
1.073942617593616
6.409858278158936
17.529125913711596
7.1595150077254175
6.576173977596909
0.5813495427000817
4.208752516902678
9.6387046617333
1.9703203059261796
24.52735005157956
14.950619671854838
16.53391367894801
88.60155589778151
7.605663829446712
72.55439868373287
36.28256861530099
83.49076414422234
24.44629958565565
10.629479590304982
24.958980300718395
82.7281524300488
90.94367275507466
74.41469189805503
84.10305013583275
99.51864263434254
25.296525431509508
192.0088217301818
7.470921438609366
39.77026607713924
76.51701069676346
71.53825921488897
49.13491123722633
29.603334863320924
87.47500166617829
56.99628069503524
17.449059199061594
0.1866808397389832
70.66802035519504
77.73482239071456
