0.09621312126976002
0.10807682550016001
0.12056895068416
0.13294716100863999
0.14358642918400003
0.15517548749824003
0.16649533587456003
0.17837715734784002
0.18815606588416003
0.29207885242624
0.39002323193856003
0.48813585635584006
0.5696868101760002
0.64610987305216
0.7204532915430399
0.7814786305638399
0.8427533762560001
0.9028922026009601
0.9930010892313602
1.0781649077478401
1.1523902268313604
1.2205936461030402
1.28313071831296
1.75538756802816
2.0745539656934406
2.3423102603366406
2.5774838304793604
2.8071903382758405
3.00097692995584
3.18669911363584
3.3870603814502407
3.5749370751001597
3.7422376317849606
3.919354629695999
4.096148542351361
4.256411318691841
4.42537529803776
4.610619004119039
4.762716120279041
4.928684164096001
5.10337738510336
5.29236282378496
5.441590063106561
5.604885791296002
5.785148670568959
5.953998214658561
6.111954795274241
6.28503295521024
6.469209119296001
6.639436485468161
6.806271551242241
6.983918258268159
7.15368201191424
7.33272674264064
