0.4601550178920668
0.5552306823507323
0.3007858460757902
0.28554392517937544
0.7111721545505745
0.20527799957922355
1.1806990997713314
0.6246524957624757
0.1049220972872007
1.0207499116886538
1.914633457109744
4.432220560800943
5.920814290819919
1.3093774620406862
7.399357978500575
8.598099650384484
8.500258240952917
1.4553046843900574
6.046163363373466
5.742564747318966
15.13857860888038
3.9650930299580978
16.666307176144528
15.487336601222069
69.63834273846714
34.599034035064506
7.63021497245245
14.40999619253671
56.83036417293624
118.71360955555065
156.00030605746724
35.162964056835335
116.20741379011815
76.13517021320513
35.886377508682926
84.51166694445783
132.6047039835903
91.85559820922936
59.80166620418095
56.774062440254056
53.753831778692984
48.12380241273058
51.71840759330371
8.69213376067637
3.26348038767901
158.43035343600786
42.85729269569856
44.97180828166893
52.88515062806255
10.648086808978405
50.915834501662175
77.73419836676476
31.714404673715762
34.885845141087344
