0.25364141054958367
0.44224161040421706
0.3165873387058724
0.21995283701643586
0.5670010381917336
0.0028363024754725075
0.904673529538556
0.29864769234836785
0.47364001147018087
1.4457901918117102
1.6831622717233756
3.0252525028449213
3.0070317487731018
3.3510999803486925
1.2352961477297413
0.9675685601495161
0.4186402181978792
11.530405671278118
5.2661350905851805
5.891839193696342
4.022025191154626
5.755216913067443
8.72483754492714
37.386208177139906
33.29498079926179
8.69488603847185
9.061970962962732
13.778027994554577
1.864543852983843
42.98103257795265
66.33047848789101
132.02413102048013
19.503940218466596
15.187071834963717
45.95774226044159
14.170417057979648
75.13347564714786
48.429372105489165
88.70567877399662
39.30339944750449
47.11450911824795
45.360209614242194
60.803352309601905
22.3380934619272
12.400996660282544
143.37247883912642
55.31961756415694
38.03003565692052
53.59774725417083
20.92363472321449
29.21965293476387
42.455841204558965
19.69021175949456
21.659232935444017
