16.321541781493963
24.553861757353605
33.44477891581985
41.929009711753004
50.460998790607164
58.26205234009214
67.35686580375213
76.54262637215322
84.16198552385268
167.38803444043978
252.36346937138424
335.36891206241586
420.25545498776626
504.5387140895266
587.2995597831192
673.1634813166611
761.7314536620306
842.2132269385414
1007.7441090750729
1178.3221420824477
1346.9475883563357
1521.0441592890695
1674.8060093071176
3350.158497042093
5055.212366084471
6768.995588430844
8391.692144566894
10113.295227572482
11787.502780048984
13483.169383709137
15114.215961711394
16770.58071377225
18476.05717177531
20159.417781754673
21910.945876034297
23490.93628774308
25181.320426227237
26963.37651931875
28633.4747800662
30266.49279457019
31987.716864295217
33663.37635720346
35276.345856068314
36967.55637862162
38725.319359557245
40431.6295413717
42067.186091065145
43701.69072771511
45395.02348211883
47063.90588482343
48792.711434158795
50482.18598802464
52156.71144819514
53781.97630160608
