0.09584225305600003
0.10553453937664005
0.11644910551296
0.12555740254464
0.1359544384
0.14572848153600002
0.145770388114461
0.16686898201600003
0.17658283134976002
0.28118669711616
0.32102508734145885
0.28415471968535333
0.5408884675814402
0.6075716101734401
0.66894339778816
0.6256969145152298
0.3469075997188017
0.8299734744294399
0.9160174397439999
-0.3456253955312991
1.0300507672498203
1.1256429117542404
1.1858443356390402
1.6201909088358404
1.9085754061440003
0.9973657737366783
-1.5642473097540157
2.2430946050309175
1.9736926446010168
-0.17651265640297664
2.7188794882040215
3.28535055287296
3.4511057643110408
3.6183952752639996
3.77759339905024
3.7288814571398317
4.09451016130816
4.241029509375999
4.39565775998976
4.56101971623936
4.70367261954304
0.5071469634584007
-0.748783805847463
5.163030990684161
5.32789064786176
4.4695921635368325
0.6147408433570787
3.128108508804487
0.048116017447981996
-1.4532899408367106
6.265193222154242
6.430589996976641
6.59434460455936
6.760981795645441
