0.25226421341878336
0.26281951987474983
0.6068772789415746
0.17338558243177005
0.02738860955575717
0.3614621572517791
1.513040574990086
0.007265627620824944
0.5470732435910151
1.0247014044506386
2.5410761988238733
3.478913584163024
2.7767485223121184
0.40950334803920896
2.597585220060978
4.743609415619858
9.612904155972501
0.1266167710261925
3.9558420316200227
25.77719959211663
9.966046439454203
9.68690055611546
5.099217818074749
24.90035601100044
33.61297802726676
56.51661006043014
140.46843051965334
57.94324944256914
63.81411615517936
139.85809873418293
68.97261677067581
28.538913871780096
20.918065557394584
34.28092534139432
29.997871307863534
73.7506777520939
59.27827590035304
36.80588698669817
37.596185555899865
83.68211048994272
40.5872546371902
133.22567395343503
227.01424203762872
78.07374259325297
28.262801474134903
89.45129207790887
214.65808612855471
133.30001561547397
146.75307784380857
256.29032668750733
76.54905288372538
35.88031665937888
25.470630699404865
28.017693769345353
