0.05437925901916074
0.14472129684872925
0.6503007869062216
0.1816907027996848
0.029810029754465006
0.4560341587686949
1.3807549614738548
0.14465729862001808
0.7164874167612396
0.8395607910366323
2.763686663003
3.9858568398469743
1.6329009509198613
2.373523561592208
5.568905887910773
8.837179816509433
4.100338419052036
6.465227212848731
12.789650369685091
14.702212373304974
22.17276735354517
22.87253832051738
18.763394243689618
21.885471591437636
32.147459997412625
69.53071512610859
95.60302137916915
131.85956661504315
168.7333152614483
6.652583215805862
217.96085725877674
188.60139836102098
184.5160063201365
126.235647978825
122.0596388186168
213.8126903987977
63.157094167516334
141.2616337746549
121.06734774509823
24.24852627177097
78.44385182462065
148.64342333090462
240.62405547624803
44.978537118586246
86.36265414101217
9.886143280258693
320.79105822469865
9.808115125233599
2.1416341275689774
426.3314332251175
109.36834639588051
169.649813524411
198.61928630081093
218.48121493089204
