0.4861050134637068
0.7947742634851593
0.07088058771802253
0.3231266586520931
0.46436254461009696
0.31884229288420585
0.014316131799802179
0.0071842369154069274
0.8327352965174128
1.3941787976223452
1.5631512360399995
0.44548695678685135
1.3211439082126049
1.9760790974313522
3.3261674713085085
2.403557823780716
5.5996276052566145
0.32983715583497997
5.94503611145376
1.4666165156936586
0.12456058877228315
2.923141919595537
6.3425545999280075
6.056649334457234
1.6828326282284252
25.11233037304919
28.5543808978764
57.526965426424795
95.11147710928708
54.45488347033461
1.4108191092727793
1.6215756071505893
60.075000945951615
95.8245505226405
34.52774272630995
42.17564456668333
93.27512399784246
6.174118946419185
20.23317279906405
2.4554582053388003
89.23928272000558
28.824005077185575
116.95332805837825
3.3960000299703097
51.254078521938936
45.769684462298756
32.049279094113444
46.027242799216765
57.472605698429106
52.71454252280819
29.354316860662948
88.25613244402484
10.152150449895998
11.1673654948856
