0.41486081076371306
0.8350481997261454
0.06521487051208652
0.34420529381280573
0.4239985039972325
0.3774475854942949
0.05604203794224816
0.0858210126395278
0.916095017868841
1.4074513425401847
1.761649102479197
0.7613713770380173
1.6372468722298095
2.1929935739186135
3.288389738339447
2.565213045960377
5.974834761707257
0.22214451417676173
6.789842009064159
0.5142620935102968
0.7618414448193107
2.265505180928585
6.050580820865207
11.520641111446366
3.2326035646710807
28.990650196764363
12.431306603237317
29.018164893528592
56.82011805335969
99.27704913724301
45.181027577511486
46.49508147677625
19.579987155055278
61.746238789615745
8.583306117256143
24.626566621740494
83.89377923955908
5.145254645460227
26.237446585790167
9.630877268686163
72.210122273249
8.586234840018733
94.708316443699
26.110595275058586
29.42506362451968
26.155608865105023
48.349990516653634
57.712008588983736
51.96716275523795
54.09680812552688
38.500366516425856
70.98731793410843
17.107076123473234
18.81778373582056
