0.11791916452096002
0.12699587067903997
0.13912661281024002
0.15075638845696004
0.16120931647744
0.17406251526400002
0.18555417760000004
0.197726072896
0.21123804292095996
0.33506315479296
0.4594996024960001
0.5753598722150401
0.6765075660006401
0.76679864943616
0.8528980562150401
0.9247299489894402
0.8762942977164266
1.0489430337126402
1.1596567503769601
1.248243093504
1.3311399855001602
1.40391028163584
1.470068951296
1.9537240719462403
2.2873634393702402
2.5626989509862406
2.794407035904
3.0098863375257605
2.8387560841328816
1.3280167964992575
3.6023432642560014
3.78306856812544
3.9523857444966404
4.120906496002561
4.29637381468416
4.46270019010816
4.028059045579693
4.79603692820736
4.958267707402241
5.12367490007296
5.295197435996162
5.4525986064000005
5.504484357163934
5.777277576970241
5.947558141634562
6.1128250536038395
6.271891135375361
6.438358161664
6.617867382466562
6.787825695439361
6.9572460553446405
7.118326451568641
7.301115273717762
7.467933493504001
