# ASIC configuration for the measurements:
# ------------------------------------------------------------------------------
# Mode = 000 
# Bias = 0110 
# CSArefs = 0011 
# Shaper = 000 
# Leakage mask = 00000000000000000000000000000000 
# Discr. enable mask = 11111111111111111111111111111111 
# Calibration mask = 00000000000000000000000000000000 
# Threshold = 255 
# FineTHR[0] = 000 
# FineTHR[1] = 000 
# FineTHR[2] = 000 
# FineTHR[3] = 000 
# FineTHR[4] = 000 
# FineTHR[5] = 000 
# FineTHR[6] = 000 
# FineTHR[7] = 000 
# FineTHR[8] = 000 
# FineTHR[9] = 000 
# FineTHR[10] = 000 
# FineTHR[11] = 000 
# FineTHR[12] = 000 
# FineTHR[13] = 000 
# FineTHR[14] = 000 
# FineTHR[15] = 000 
# FineTHR[16] = 000 
# FineTHR[17] = 000 
# FineTHR[18] = 000 
# FineTHR[19] = 000 
# FineTHR[20] = 000 
# FineTHR[21] = 000 
# FineTHR[22] = 000 
# FineTHR[23] = 000 
# FineTHR[24] = 000 
# FineTHR[25] = 000 
# FineTHR[26] = 000 
# FineTHR[27] = 000 
# FineTHR[28] = 000 
# FineTHR[29] = 000 
# FineTHR[30] = 000 
# FineTHR[31] = 000 
# ------------------------------------------------------------------------------
# Event data block #1
# Threshold	DAC	Events	Triggered	CH#
200	0	1000	0	0
200	0	1000	0	1
200	0	1000	1	2
200	0	1000	0	3
200	0	1000	0	4
200	0	1000	0	5
200	0	1000	0	6
200	0	1000	0	7
200	0	1000	0	8
200	0	1000	0	9
200	0	1000	0	10
200	0	1000	1	11
200	0	1000	0	12
200	0	1000	0	13
200	0	1000	0	14
200	0	1000	2	15
200	0	1000	8	16
200	0	1000	10	17
200	0	1000	5	18
200	0	1000	2	19
200	0	1000	0	20
200	0	1000	0	21
200	0	1000	13	22
200	0	1000	0	23
200	0	1000	0	24
200	0	1000	0	25
200	0	1000	0	26
200	0	1000	0	27
200	0	1000	0	28
200	0	1000	0	29
200	0	1000	0	30
200	0	1000	0	31
# Event data block #2
# Threshold	DAC	Events	Triggered	CH#
201	0	1000	0	0
201	0	1000	0	1
201	0	1000	4	2
201	0	1000	1	3
201	0	1000	2	4
201	0	1000	3	5
201	0	1000	2	6
201	0	1000	1	7
201	0	1000	3	8
201	0	1000	1	9
201	0	1000	0	10
201	0	1000	6	11
201	0	1000	0	12
201	0	1000	0	13
201	0	1000	2	14
201	0	1000	4	15
201	0	1000	10	16
201	0	1000	16	17
201	0	1000	10	18
201	0	1000	8	19
201	0	1000	6	20
201	0	1000	0	21
201	0	1000	18	22
201	0	1000	7	23
201	0	1000	2	24
201	0	1000	1	25
201	0	1000	7	26
201	0	1000	5	27
201	0	1000	3	28
201	0	1000	2	29
201	0	1000	3	30
201	0	1000	0	31
# Event data block #3
# Threshold	DAC	Events	Triggered	CH#
202	0	1000	0	0
202	0	1000	1	1
202	0	1000	11	2
202	0	1000	2	3
202	0	1000	6	4
202	0	1000	7	5
202	0	1000	7	6
202	0	1000	2	7
202	0	1000	9	8
202	0	1000	3	9
202	0	1000	0	10
202	0	1000	20	11
202	0	1000	1	12
202	0	1000	0	13
202	0	1000	5	14
202	0	1000	10	15
202	0	1000	15	16
202	0	1000	25	17
202	0	1000	21	18
202	0	1000	21	19
202	0	1000	11	20
202	0	1000	1	21
202	0	1000	32	22
202	0	1000	10	23
202	0	1000	2	24
202	0	1000	2	25
202	0	1000	11	26
202	0	1000	12	27
202	0	1000	8	28
202	0	1000	6	29
202	0	1000	7	30
202	0	1000	3	31
# Event data block #4
# Threshold	DAC	Events	Triggered	CH#
203	0	1000	0	0
203	0	1000	0	1
203	0	1000	4	2
203	0	1000	1	3
203	0	1000	3	4
203	0	1000	2	5
203	0	1000	0	6
203	0	1000	0	7
203	0	1000	1	8
203	0	1000	0	9
203	0	1000	0	10
203	0	1000	6	11
203	0	1000	0	12
203	0	1000	0	13
203	0	1000	3	14
203	0	1000	5	15
203	0	1000	12	16
203	0	1000	21	17
203	0	1000	13	18
203	0	1000	12	19
203	0	1000	6	20
203	0	1000	0	21
203	0	1000	32	22
203	0	1000	8	23
203	0	1000	0	24
203	0	1000	0	25
203	0	1000	5	26
203	0	1000	6	27
203	0	1000	4	28
203	0	1000	1	29
203	0	1000	0	30
203	0	1000	0	31
# Event data block #5
# Threshold	DAC	Events	Triggered	CH#
204	0	1000	2	0
204	0	1000	0	1
204	0	1000	20	2
204	0	1000	6	3
204	0	1000	11	4
204	0	1000	12	5
204	0	1000	8	6
204	0	1000	6	7
204	0	1000	15	8
204	0	1000	6	9
204	0	1000	1	10
204	0	1000	23	11
204	0	1000	2	12
204	0	1000	0	13
204	0	1000	11	14
204	0	1000	15	15
204	0	1000	27	16
204	0	1000	39	17
204	0	1000	28	18
204	0	1000	26	19
204	0	1000	19	20
204	0	1000	2	21
204	0	1000	44	22
204	0	1000	16	23
204	0	1000	5	24
204	0	1000	3	25
204	0	1000	20	26
204	0	1000	21	27
204	0	1000	13	28
204	0	1000	8	29
204	0	1000	16	30
204	0	1000	6	31
# Event data block #6
# Threshold	DAC	Events	Triggered	CH#
205	0	1000	1	0
205	0	1000	1	1
205	0	1000	16	2
205	0	1000	8	3
205	0	1000	11	4
205	0	1000	14	5
205	0	1000	10	6
205	0	1000	4	7
205	0	1000	13	8
205	0	1000	5	9
205	0	1000	1	10
205	0	1000	21	11
205	0	1000	2	12
205	0	1000	0	13
205	0	1000	11	14
205	0	1000	13	15
205	0	1000	28	16
205	0	1000	39	17
205	0	1000	30	18
205	0	1000	27	19
205	0	1000	21	20
205	0	1000	2	21
205	0	1000	52	22
205	0	1000	16	23
205	0	1000	6	24
205	0	1000	3	25
205	0	1000	17	26
205	0	1000	19	27
205	0	1000	15	28
205	0	1000	11	29
205	0	1000	12	30
205	0	1000	4	31
# Event data block #7
# Threshold	DAC	Events	Triggered	CH#
206	0	1000	1	0
206	0	1000	0	1
206	0	1000	17	2
206	0	1000	2	3
206	0	1000	8	4
206	0	1000	13	5
206	0	1000	6	6
206	0	1000	2	7
206	0	1000	12	8
206	0	1000	1	9
206	0	1000	1	10
206	0	1000	21	11
206	0	1000	1	12
206	0	1000	0	13
206	0	1000	9	14
206	0	1000	11	15
206	0	1000	23	16
206	0	1000	44	17
206	0	1000	26	18
206	0	1000	33	19
206	0	1000	17	20
206	0	1000	0	21
206	0	1000	62	22
206	0	1000	16	23
206	0	1000	1	24
206	0	1000	0	25
206	0	1000	17	26
206	0	1000	18	27
206	0	1000	12	28
206	0	1000	9	29
206	0	1000	15	30
206	0	1000	2	31
# Event data block #8
# Threshold	DAC	Events	Triggered	CH#
207	0	1000	2	0
207	0	1000	1	1
207	0	1000	18	2
207	0	1000	3	3
207	0	1000	9	4
207	0	1000	14	5
207	0	1000	4	6
207	0	1000	3	7
207	0	1000	14	8
207	0	1000	3	9
207	0	1000	2	10
207	0	1000	22	11
207	0	1000	2	12
207	0	1000	1	13
207	0	1000	8	14
207	0	1000	18	15
207	0	1000	33	16
207	0	1000	53	17
207	0	1000	38	18
207	0	1000	31	19
207	0	1000	24	20
207	0	1000	1	21
207	0	1000	79	22
207	0	1000	15	23
207	0	1000	2	24
207	0	1000	1	25
207	0	1000	18	26
207	0	1000	21	27
207	0	1000	14	28
207	0	1000	7	29
207	0	1000	15	30
207	0	1000	4	31
# Event data block #9
# Threshold	DAC	Events	Triggered	CH#
208	0	1000	4	0
208	0	1000	2	1
208	0	1000	28	2
208	0	1000	5	3
208	0	1000	16	4
208	0	1000	19	5
208	0	1000	9	6
208	0	1000	5	7
208	0	1000	23	8
208	0	1000	5	9
208	0	1000	2	10
208	0	1000	38	11
208	0	1000	2	12
208	0	1000	2	13
208	0	1000	16	14
208	0	1000	23	15
208	0	1000	47	16
208	0	1000	82	17
208	0	1000	59	18
208	0	1000	57	19
208	0	1000	31	20
208	0	1000	3	21
208	0	1000	131	22
208	0	1000	25	23
208	0	1000	5	24
208	0	1000	3	25
208	0	1000	31	26
208	0	1000	28	27
208	0	1000	24	28
208	0	1000	13	29
208	0	1000	25	30
208	0	1000	7	31
# Event data block #10
# Threshold	DAC	Events	Triggered	CH#
209	0	1000	6	0
209	0	1000	6	1
209	0	1000	34	2
209	0	1000	11	3
209	0	1000	18	4
209	0	1000	25	5
209	0	1000	14	6
209	0	1000	8	7
209	0	1000	32	8
209	0	1000	8	9
209	0	1000	7	10
209	0	1000	45	11
209	0	1000	7	12
209	0	1000	3	13
209	0	1000	22	14
209	0	1000	29	15
209	0	1000	49	16
209	0	1000	91	17
209	0	1000	69	18
209	0	1000	58	19
209	0	1000	38	20
209	0	1000	5	21
209	0	1000	134	22
209	0	1000	27	23
209	0	1000	7	24
209	0	1000	7	25
209	0	1000	34	26
209	0	1000	36	27
209	0	1000	25	28
209	0	1000	16	29
209	0	1000	33	30
209	0	1000	10	31
# Event data block #11
# Threshold	DAC	Events	Triggered	CH#
210	0	1000	11	0
210	0	1000	9	1
210	0	1000	38	2
210	0	1000	11	3
210	0	1000	20	4
210	0	1000	23	5
210	0	1000	16	6
210	0	1000	11	7
210	0	1000	31	8
210	0	1000	12	9
210	0	1000	6	10
210	0	1000	61	11
210	0	1000	8	12
210	0	1000	6	13
210	0	1000	26	14
210	0	1000	37	15
210	0	1000	71	16
210	0	1000	137	17
210	0	1000	89	18
210	0	1000	75	19
210	0	1000	45	20
210	0	1000	7	21
210	0	1000	181	22
210	0	1000	26	23
210	0	1000	12	24
210	0	1000	10	25
210	0	1000	36	26
210	0	1000	39	27
210	0	1000	31	28
210	0	1000	21	29
210	0	1000	41	30
210	0	1000	12	31
# Event data block #12
# Threshold	DAC	Events	Triggered	CH#
211	0	1000	9	0
211	0	1000	6	1
211	0	1000	43	2
211	0	1000	9	3
211	0	1000	25	4
211	0	1000	28	5
211	0	1000	16	6
211	0	1000	9	7
211	0	1000	34	8
211	0	1000	9	9
211	0	1000	6	10
211	0	1000	69	11
211	0	1000	8	12
211	0	1000	4	13
211	0	1000	22	14
211	0	1000	36	15
211	0	1000	75	16
211	0	1000	171	17
211	0	1000	108	18
211	0	1000	89	19
211	0	1000	61	20
211	0	1000	7	21
211	0	1000	259	22
211	0	1000	32	23
211	0	1000	9	24
211	0	1000	8	25
211	0	1000	38	26
211	0	1000	44	27
211	0	1000	36	28
211	0	1000	24	29
211	0	1000	45	30
211	0	1000	12	31
# Event data block #13
# Threshold	DAC	Events	Triggered	CH#
212	0	1000	8	0
212	0	1000	5	1
212	0	1000	61	2
212	0	1000	17	3
212	0	1000	37	4
212	0	1000	47	5
212	0	1000	24	6
212	0	1000	12	7
212	0	1000	56	8
212	0	1000	12	9
212	0	1000	5	10
212	0	1000	91	11
212	0	1000	6	12
212	0	1000	5	13
212	0	1000	39	14
212	0	1000	55	15
212	0	1000	115	16
212	0	1000	279	17
212	0	1000	150	18
212	0	1000	125	19
212	0	1000	84	20
212	0	1000	6	21
212	0	1000	360	22
212	0	1000	51	23
212	0	1000	13	24
212	0	1000	9	25
212	0	1000	66	26
212	0	1000	74	27
212	0	1000	60	28
212	0	1000	36	29
212	0	1000	68	30
212	0	1000	19	31
# Event data block #14
# Threshold	DAC	Events	Triggered	CH#
213	0	1000	21	0
213	0	1000	16	1
213	0	1000	63	2
213	0	1000	25	3
213	0	1000	40	4
213	0	1000	42	5
213	0	1000	31	6
213	0	1000	24	7
213	0	1000	52	8
213	0	1000	26	9
213	0	1000	12	10
213	0	1000	120	11
213	0	1000	21	12
213	0	1000	9	13
213	0	1000	40	14
213	0	1000	54	15
213	0	1000	149	16
213	0	1000	344	17
213	0	1000	218	18
213	0	1000	171	19
213	0	1000	100	20
213	0	1000	11	21
213	0	1000	418	22
213	0	1000	57	23
213	0	1000	24	24
213	0	1000	17	25
213	0	1000	66	26
213	0	1000	80	27
213	0	1000	65	28
213	0	1000	38	29
213	0	1000	86	30
213	0	1000	26	31
# Event data block #15
# Threshold	DAC	Events	Triggered	CH#
214	0	1000	22	0
214	0	1000	13	1
214	0	1000	85	2
214	0	1000	25	3
214	0	1000	48	4
214	0	1000	58	5
214	0	1000	32	6
214	0	1000	20	7
214	0	1000	63	8
214	0	1000	22	9
214	0	1000	13	10
214	0	1000	135	11
214	0	1000	16	12
214	0	1000	11	13
214	0	1000	53	14
214	0	1000	65	15
214	0	1000	175	16
214	0	1000	434	17
214	0	1000	257	18
214	0	1000	213	19
214	0	1000	124	20
214	0	1000	12	21
214	0	1000	534	22
214	0	1000	63	23
214	0	1000	19	24
214	0	1000	14	25
214	0	1000	82	26
214	0	1000	113	27
214	0	1000	83	28
214	0	1000	53	29
214	0	1000	107	30
214	0	1000	27	31
# Event data block #16
# Threshold	DAC	Events	Triggered	CH#
215	0	1000	37	0
215	0	1000	24	1
215	0	1000	129	2
215	0	1000	48	3
215	0	1000	74	4
215	0	1000	81	5
215	0	1000	56	6
215	0	1000	39	7
215	0	1000	93	8
215	0	1000	39	9
215	0	1000	23	10
215	0	1000	197	11
215	0	1000	30	12
215	0	1000	22	13
215	0	1000	76	14
215	0	1000	87	15
215	0	1000	238	16
215	0	1000	502	17
215	0	1000	346	18
215	0	1000	287	19
215	0	1000	186	20
215	0	1000	23	21
215	0	1000	594	22
215	0	1000	93	23
215	0	1000	41	24
215	0	1000	26	25
215	0	1000	120	26
215	0	1000	146	27
215	0	1000	128	28
215	0	1000	79	29
215	0	1000	160	30
215	0	1000	50	31
# Event data block #17
# Threshold	DAC	Events	Triggered	CH#
216	0	1000	42	0
216	0	1000	26	1
216	0	1000	168	2
216	0	1000	44	3
216	0	1000	82	4
216	0	1000	97	5
216	0	1000	57	6
216	0	1000	33	7
216	0	1000	116	8
216	0	1000	37	9
216	0	1000	24	10
216	0	1000	278	11
216	0	1000	28	12
216	0	1000	21	13
216	0	1000	89	14
216	0	1000	102	15
216	0	1000	324	16
216	0	1000	613	17
216	0	1000	454	18
216	0	1000	384	19
216	0	1000	260	20
216	0	1000	17	21
216	0	1000	679	22
216	0	1000	121	23
216	0	1000	40	24
216	0	1000	22	25
216	0	1000	154	26
216	0	1000	205	27
216	0	1000	169	28
216	0	1000	96	29
216	0	1000	237	30
216	0	1000	63	31
# Event data block #18
# Threshold	DAC	Events	Triggered	CH#
217	0	1000	53	0
217	0	1000	27	1
217	0	1000	218	2
217	0	1000	55	3
217	0	1000	105	4
217	0	1000	123	5
217	0	1000	70	6
217	0	1000	45	7
217	0	1000	147	8
217	0	1000	53	9
217	0	1000	29	10
217	0	1000	365	11
217	0	1000	33	12
217	0	1000	22	13
217	0	1000	113	14
217	0	1000	128	15
217	0	1000	405	16
217	0	1000	670	17
217	0	1000	530	18
217	0	1000	455	19
217	0	1000	319	20
217	0	1000	32	21
217	0	1000	725	22
217	0	1000	130	23
217	0	1000	48	24
217	0	1000	31	25
217	0	1000	201	26
217	0	1000	273	27
217	0	1000	236	28
217	0	1000	128	29
217	0	1000	326	30
217	0	1000	72	31
# Event data block #19
# Threshold	DAC	Events	Triggered	CH#
218	0	1000	52	0
218	0	1000	35	1
218	0	1000	297	2
218	0	1000	56	3
218	0	1000	146	4
218	0	1000	158	5
218	0	1000	76	6
218	0	1000	45	7
218	0	1000	206	8
218	0	1000	55	9
218	0	1000	31	10
218	0	1000	442	11
218	0	1000	39	12
218	0	1000	21	13
218	0	1000	149	14
218	0	1000	171	15
218	0	1000	484	16
218	0	1000	742	17
218	0	1000	610	18
218	0	1000	543	19
218	0	1000	415	20
218	0	1000	33	21
218	0	1000	798	22
218	0	1000	174	23
218	0	1000	47	24
218	0	1000	33	25
218	0	1000	266	26
218	0	1000	356	27
218	0	1000	330	28
218	0	1000	167	29
218	0	1000	440	30
218	0	1000	89	31
# Event data block #20
# Threshold	DAC	Events	Triggered	CH#
219	0	1000	75	0
219	0	1000	44	1
219	0	1000	359	2
219	0	1000	76	3
219	0	1000	181	4
219	0	1000	217	5
219	0	1000	98	6
219	0	1000	57	7
219	0	1000	286	8
219	0	1000	71	9
219	0	1000	46	10
219	0	1000	504	11
219	0	1000	49	12
219	0	1000	33	13
219	0	1000	193	14
219	0	1000	207	15
219	0	1000	541	16
219	0	1000	778	17
219	0	1000	657	18
219	0	1000	574	19
219	0	1000	478	20
219	0	1000	40	21
219	0	1000	812	22
219	0	1000	236	23
219	0	1000	70	24
219	0	1000	42	25
219	0	1000	344	26
219	0	1000	438	27
219	0	1000	399	28
219	0	1000	243	29
219	0	1000	491	30
219	0	1000	127	31
# Event data block #21
# Threshold	DAC	Events	Triggered	CH#
220	0	1000	113	0
220	0	1000	72	1
220	0	1000	465	2
220	0	1000	119	3
220	0	1000	244	4
220	0	1000	287	5
220	0	1000	151	6
220	0	1000	90	7
220	0	1000	372	8
220	0	1000	113	9
220	0	1000	67	10
220	0	1000	605	11
220	0	1000	77	12
220	0	1000	46	13
220	0	1000	268	14
220	0	1000	280	15
220	0	1000	637	16
220	0	1000	836	17
220	0	1000	746	18
220	0	1000	694	19
220	0	1000	586	20
220	0	1000	56	21
220	0	1000	865	22
220	0	1000	302	23
220	0	1000	105	24
220	0	1000	59	25
220	0	1000	433	26
220	0	1000	542	27
220	0	1000	518	28
220	0	1000	323	29
220	0	1000	625	30
220	0	1000	190	31
# Event data block #22
# Threshold	DAC	Events	Triggered	CH#
221	0	1000	141	0
221	0	1000	77	1
221	0	1000	533	2
221	0	1000	124	3
221	0	1000	271	4
221	0	1000	337	5
221	0	1000	158	6
221	0	1000	84	7
221	0	1000	440	8
221	0	1000	122	9
221	0	1000	74	10
221	0	1000	670	11
221	0	1000	75	12
221	0	1000	53	13
221	0	1000	324	14
221	0	1000	313	15
221	0	1000	694	16
221	0	1000	846	17
221	0	1000	767	18
221	0	1000	717	19
221	0	1000	659	20
221	0	1000	68	21
221	0	1000	871	22
221	0	1000	346	23
221	0	1000	116	24
221	0	1000	67	25
221	0	1000	521	26
221	0	1000	617	27
221	0	1000	587	28
221	0	1000	398	29
221	0	1000	682	30
221	0	1000	234	31
# Event data block #23
# Threshold	DAC	Events	Triggered	CH#
222	0	1000	188	0
222	0	1000	95	1
222	0	1000	584	2
222	0	1000	165	3
222	0	1000	349	4
222	0	1000	389	5
222	0	1000	223	6
222	0	1000	111	7
222	0	1000	488	8
222	0	1000	149	9
222	0	1000	77	10
222	0	1000	712	11
222	0	1000	87	12
222	0	1000	57	13
222	0	1000	388	14
222	0	1000	370	15
222	0	1000	737	16
222	0	1000	876	17
222	0	1000	814	18
222	0	1000	769	19
222	0	1000	703	20
222	0	1000	81	21
222	0	1000	895	22
222	0	1000	416	23
222	0	1000	155	24
222	0	1000	79	25
222	0	1000	583	26
222	0	1000	660	27
222	0	1000	657	28
222	0	1000	484	29
222	0	1000	750	30
222	0	1000	314	31
# Event data block #24
# Threshold	DAC	Events	Triggered	CH#
223	0	1000	253	0
223	0	1000	123	1
223	0	1000	693	2
223	0	1000	214	3
223	0	1000	462	4
223	0	1000	522	5
223	0	1000	280	6
223	0	1000	147	7
223	0	1000	620	8
223	0	1000	204	9
223	0	1000	115	10
223	0	1000	793	11
223	0	1000	124	12
223	0	1000	68	13
223	0	1000	516	14
223	0	1000	487	15
223	0	1000	794	16
223	0	1000	909	17
223	0	1000	858	18
223	0	1000	826	19
223	0	1000	777	20
223	0	1000	88	21
223	0	1000	918	22
223	0	1000	532	23
223	0	1000	207	24
223	0	1000	83	25
223	0	1000	682	26
223	0	1000	763	27
223	0	1000	752	28
223	0	1000	605	29
223	0	1000	817	30
223	0	1000	428	31
# Event data block #25
# Threshold	DAC	Events	Triggered	CH#
224	0	1000	345	0
224	0	1000	174	1
224	0	1000	746	2
224	0	1000	289	3
224	0	1000	531	4
224	0	1000	598	5
224	0	1000	368	6
224	0	1000	180	7
224	0	1000	687	8
224	0	1000	267	9
224	0	1000	146	10
224	0	1000	820	11
224	0	1000	146	12
224	0	1000	87	13
224	0	1000	584	14
224	0	1000	553	15
224	0	1000	834	16
224	0	1000	919	17
224	0	1000	885	18
224	0	1000	860	19
224	0	1000	825	20
224	0	1000	107	21
224	0	1000	930	22
224	0	1000	601	23
224	0	1000	268	24
224	0	1000	110	25
224	0	1000	754	26
224	0	1000	809	27
224	0	1000	804	28
224	0	1000	678	29
224	0	1000	851	30
224	0	1000	528	31
# Event data block #26
# Threshold	DAC	Events	Triggered	CH#
225	0	1000	423	0
225	0	1000	219	1
225	0	1000	799	2
225	0	1000	322	3
225	0	1000	589	4
225	0	1000	634	5
225	0	1000	421	6
225	0	1000	223	7
225	0	1000	737	8
225	0	1000	323	9
225	0	1000	193	10
225	0	1000	863	11
225	0	1000	199	12
225	0	1000	118	13
225	0	1000	627	14
225	0	1000	592	15
225	0	1000	872	16
225	0	1000	944	17
225	0	1000	914	18
225	0	1000	891	19
225	0	1000	868	20
225	0	1000	146	21
225	0	1000	948	22
225	0	1000	641	23
225	0	1000	325	24
225	0	1000	144	25
225	0	1000	786	26
225	0	1000	845	27
225	0	1000	850	28
225	0	1000	740	29
225	0	1000	890	30
225	0	1000	601	31
# Event data block #27
# Threshold	DAC	Events	Triggered	CH#
226	0	1000	526	0
226	0	1000	306	1
226	0	1000	844	2
226	0	1000	427	3
226	0	1000	681	4
226	0	1000	725	5
226	0	1000	519	6
226	0	1000	286	7
226	0	1000	795	8
226	0	1000	422	9
226	0	1000	244	10
226	0	1000	893	11
226	0	1000	264	12
226	0	1000	157	13
226	0	1000	726	14
226	0	1000	677	15
226	0	1000	897	16
226	0	1000	952	17
226	0	1000	930	18
226	0	1000	916	19
226	0	1000	898	20
226	0	1000	204	21
226	0	1000	958	22
226	0	1000	728	23
226	0	1000	431	24
226	0	1000	185	25
226	0	1000	838	26
226	0	1000	878	27
226	0	1000	889	28
226	0	1000	816	29
226	0	1000	922	30
226	0	1000	712	31
# Event data block #28
# Threshold	DAC	Events	Triggered	CH#
227	0	1000	601	0
227	0	1000	349	1
227	0	1000	877	2
227	0	1000	472	3
227	0	1000	729	4
227	0	1000	773	5
227	0	1000	556	6
227	0	1000	307	7
227	0	1000	842	8
227	0	1000	465	9
227	0	1000	281	10
227	0	1000	909	11
227	0	1000	289	12
227	0	1000	176	13
227	0	1000	772	14
227	0	1000	728	15
227	0	1000	917	16
227	0	1000	966	17
227	0	1000	938	18
227	0	1000	929	19
227	0	1000	915	20
227	0	1000	222	21
227	0	1000	965	22
227	0	1000	772	23
227	0	1000	487	24
227	0	1000	202	25
227	0	1000	881	26
227	0	1000	910	27
227	0	1000	911	28
227	0	1000	858	29
227	0	1000	938	30
227	0	1000	755	31
# Event data block #29
# Threshold	DAC	Events	Triggered	CH#
228	0	1000	699	0
228	0	1000	420	1
228	0	1000	898	2
228	0	1000	560	3
228	0	1000	788	4
228	0	1000	807	5
228	0	1000	639	6
228	0	1000	378	7
228	0	1000	869	8
228	0	1000	539	9
228	0	1000	352	10
228	0	1000	926	11
228	0	1000	350	12
228	0	1000	210	13
228	0	1000	823	14
228	0	1000	782	15
228	0	1000	930	16
228	0	1000	963	17
228	0	1000	945	18
228	0	1000	939	19
228	0	1000	931	20
228	0	1000	301	21
228	0	1000	967	22
228	0	1000	812	23
228	0	1000	566	24
228	0	1000	267	25
228	0	1000	899	26
228	0	1000	923	27
228	0	1000	927	28
228	0	1000	884	29
228	0	1000	948	30
228	0	1000	818	31
# Event data block #30
# Threshold	DAC	Events	Triggered	CH#
229	0	1000	772	0
229	0	1000	553	1
229	0	1000	924	2
229	0	1000	645	3
229	0	1000	833	4
229	0	1000	868	5
229	0	1000	726	6
229	0	1000	471	7
229	0	1000	901	8
229	0	1000	648	9
229	0	1000	462	10
229	0	1000	941	11
229	0	1000	448	12
229	0	1000	272	13
229	0	1000	871	14
229	0	1000	823	15
229	0	1000	947	16
229	0	1000	977	17
229	0	1000	961	18
229	0	1000	954	19
229	0	1000	951	20
229	0	1000	405	21
229	0	1000	977	22
229	0	1000	862	23
229	0	1000	674	24
229	0	1000	342	25
229	0	1000	923	26
229	0	1000	944	27
229	0	1000	947	28
229	0	1000	921	29
229	0	1000	959	30
229	0	1000	878	31
# Event data block #31
# Threshold	DAC	Events	Triggered	CH#
230	0	1000	821	0
230	0	1000	662	1
230	0	1000	927	2
230	0	1000	743	3
230	0	1000	865	4
230	0	1000	886	5
230	0	1000	795	6
230	0	1000	582	7
230	0	1000	913	8
230	0	1000	747	9
230	0	1000	571	10
230	0	1000	947	11
230	0	1000	564	12
230	0	1000	353	13
230	0	1000	888	14
230	0	1000	859	15
230	0	1000	950	16
230	0	1000	978	17
230	0	1000	963	18
230	0	1000	957	19
230	0	1000	955	20
230	0	1000	502	21
230	0	1000	976	22
230	0	1000	883	23
230	0	1000	764	24
230	0	1000	453	25
230	0	1000	930	26
230	0	1000	946	27
230	0	1000	951	28
230	0	1000	929	29
230	0	1000	967	30
230	0	1000	897	31
# Event data block #32
# Threshold	DAC	Events	Triggered	CH#
231	0	1000	882	0
231	0	1000	763	1
231	0	1000	952	2
231	0	1000	818	3
231	0	1000	900	4
231	0	1000	912	5
231	0	1000	851	6
231	0	1000	691	7
231	0	1000	934	8
231	0	1000	815	9
231	0	1000	686	10
231	0	1000	964	11
231	0	1000	682	12
231	0	1000	488	13
231	0	1000	916	14
231	0	1000	894	15
231	0	1000	963	16
231	0	1000	982	17
231	0	1000	972	18
231	0	1000	967	19
231	0	1000	968	20
231	0	1000	630	21
231	0	1000	989	22
231	0	1000	919	23
231	0	1000	826	24
231	0	1000	563	25
231	0	1000	954	26
231	0	1000	961	27
231	0	1000	961	28
231	0	1000	952	29
231	0	1000	979	30
231	0	1000	933	31
# Event data block #33
# Threshold	DAC	Events	Triggered	CH#
232	0	1000	910	0
232	0	1000	794	1
232	0	1000	960	2
232	0	1000	844	3
232	0	1000	901	4
232	0	1000	927	5
232	0	1000	877	6
232	0	1000	721	7
232	0	1000	950	8
232	0	1000	841	9
232	0	1000	721	10
232	0	1000	972	11
232	0	1000	714	12
232	0	1000	540	13
232	0	1000	925	14
232	0	1000	897	15
232	0	1000	969	16
232	0	1000	989	17
232	0	1000	982	18
232	0	1000	980	19
232	0	1000	975	20
232	0	1000	683	21
232	0	1000	989	22
232	0	1000	931	23
232	0	1000	858	24
232	0	1000	611	25
232	0	1000	960	26
232	0	1000	974	27
232	0	1000	976	28
232	0	1000	961	29
232	0	1000	986	30
232	0	1000	949	31
# Event data block #34
# Threshold	DAC	Events	Triggered	CH#
233	0	1000	933	0
233	0	1000	872	1
233	0	1000	969	2
233	0	1000	894	3
233	0	1000	934	4
233	0	1000	945	5
233	0	1000	912	6
233	0	1000	809	7
233	0	1000	955	8
233	0	1000	895	9
233	0	1000	814	10
233	0	1000	975	11
233	0	1000	805	12
233	0	1000	682	13
233	0	1000	942	14
233	0	1000	925	15
233	0	1000	979	16
233	0	1000	993	17
233	0	1000	987	18
233	0	1000	982	19
233	0	1000	985	20
233	0	1000	797	21
233	0	1000	994	22
233	0	1000	942	23
233	0	1000	908	24
233	0	1000	734	25
233	0	1000	971	26
233	0	1000	976	27
233	0	1000	982	28
233	0	1000	972	29
233	0	1000	990	30
233	0	1000	959	31
# Event data block #35
# Threshold	DAC	Events	Triggered	CH#
234	0	1000	947	0
234	0	1000	897	1
234	0	1000	980	2
234	0	1000	913	3
234	0	1000	952	4
234	0	1000	958	5
234	0	1000	932	6
234	0	1000	849	7
234	0	1000	975	8
234	0	1000	912	9
234	0	1000	859	10
234	0	1000	985	11
234	0	1000	849	12
234	0	1000	752	13
234	0	1000	957	14
234	0	1000	946	15
234	0	1000	986	16
234	0	1000	997	17
234	0	1000	994	18
234	0	1000	989	19
234	0	1000	992	20
234	0	1000	832	21
234	0	1000	999	22
234	0	1000	953	23
234	0	1000	925	24
234	0	1000	788	25
234	0	1000	982	26
234	0	1000	989	27
234	0	1000	990	28
234	0	1000	980	29
234	0	1000	996	30
234	0	1000	972	31
# Event data block #36
# Threshold	DAC	Events	Triggered	CH#
235	0	1000	968	0
235	0	1000	931	1
235	0	1000	986	2
235	0	1000	939	3
235	0	1000	962	4
235	0	1000	970	5
235	0	1000	950	6
235	0	1000	882	7
235	0	1000	985	8
235	0	1000	939	9
235	0	1000	888	10
235	0	1000	990	11
235	0	1000	884	12
235	0	1000	824	13
235	0	1000	968	14
235	0	1000	948	15
235	0	1000	987	16
235	0	1000	997	17
235	0	1000	992	18
235	0	1000	992	19
235	0	1000	992	20
235	0	1000	883	21
235	0	1000	998	22
235	0	1000	967	23
235	0	1000	951	24
235	0	1000	855	25
235	0	1000	987	26
235	0	1000	990	27
235	0	1000	994	28
235	0	1000	990	29
235	0	1000	997	30
235	0	1000	983	31
# Event data block #37
# Threshold	DAC	Events	Triggered	CH#
236	0	1000	973	0
236	0	1000	948	1
236	0	1000	991	2
236	0	1000	951	3
236	0	1000	979	4
236	0	1000	976	5
236	0	1000	956	6
236	0	1000	912	7
236	0	1000	985	8
236	0	1000	947	9
236	0	1000	922	10
236	0	1000	996	11
236	0	1000	912	12
236	0	1000	866	13
236	0	1000	980	14
236	0	1000	970	15
236	0	1000	993	16
236	0	1000	999	17
236	0	1000	999	18
236	0	1000	998	19
236	0	1000	997	20
236	0	1000	915	21
236	0	1000	1000	22
236	0	1000	974	23
236	0	1000	958	24
236	0	1000	878	25
236	0	1000	990	26
236	0	1000	995	27
236	0	1000	997	28
236	0	1000	994	29
236	0	1000	1000	30
236	0	1000	986	31
# Event data block #38
# Threshold	DAC	Events	Triggered	CH#
237	0	1000	981	0
237	0	1000	965	1
237	0	1000	993	2
237	0	1000	966	3
237	0	1000	980	4
237	0	1000	979	5
237	0	1000	969	6
237	0	1000	944	7
237	0	1000	989	8
237	0	1000	964	9
237	0	1000	951	10
237	0	1000	997	11
237	0	1000	943	12
237	0	1000	907	13
237	0	1000	982	14
237	0	1000	976	15
237	0	1000	997	16
237	0	1000	1000	17
237	0	1000	998	18
237	0	1000	997	19
237	0	1000	996	20
237	0	1000	937	21
237	0	1000	999	22
237	0	1000	981	23
237	0	1000	968	24
237	0	1000	925	25
237	0	1000	993	26
237	0	1000	996	27
237	0	1000	999	28
237	0	1000	997	29
237	0	1000	999	30
237	0	1000	992	31
# Event data block #39
# Threshold	DAC	Events	Triggered	CH#
238	0	1000	993	0
238	0	1000	972	1
238	0	1000	994	2
238	0	1000	969	3
238	0	1000	980	4
238	0	1000	986	5
238	0	1000	976	6
238	0	1000	942	7
238	0	1000	991	8
238	0	1000	974	9
238	0	1000	952	10
238	0	1000	996	11
238	0	1000	948	12
238	0	1000	916	13
238	0	1000	981	14
238	0	1000	974	15
238	0	1000	996	16
238	0	1000	999	17
238	0	1000	998	18
238	0	1000	997	19
238	0	1000	997	20
238	0	1000	945	21
238	0	1000	1000	22
238	0	1000	987	23
238	0	1000	978	24
238	0	1000	930	25
238	0	1000	995	26
238	0	1000	998	27
238	0	1000	999	28
238	0	1000	996	29
238	0	1000	1000	30
238	0	1000	995	31
# Event data block #40
# Threshold	DAC	Events	Triggered	CH#
239	0	1000	992	0
239	0	1000	981	1
239	0	1000	998	2
239	0	1000	979	3
239	0	1000	989	4
239	0	1000	993	5
239	0	1000	981	6
239	0	1000	967	7
239	0	1000	996	8
239	0	1000	979	9
239	0	1000	970	10
239	0	1000	1000	11
239	0	1000	971	12
239	0	1000	944	13
239	0	1000	990	14
239	0	1000	982	15
239	0	1000	999	16
239	0	1000	999	17
239	0	1000	1000	18
239	0	1000	1000	19
239	0	1000	1000	20
239	0	1000	963	21
239	0	1000	1000	22
239	0	1000	990	23
239	0	1000	984	24
239	0	1000	954	25
239	0	1000	999	26
239	0	1000	1000	27
239	0	1000	1000	28
239	0	1000	999	29
239	0	1000	1000	30
239	0	1000	1000	31
# Event data block #41
# Threshold	DAC	Events	Triggered	CH#
240	0	1000	994	0
240	0	1000	988	1
240	0	1000	998	2
240	0	1000	983	3
240	0	1000	995	4
240	0	1000	995	5
240	0	1000	989	6
240	0	1000	970	7
240	0	1000	998	8
240	0	1000	986	9
240	0	1000	979	10
240	0	1000	998	11
240	0	1000	975	12
240	0	1000	954	13
240	0	1000	996	14
240	0	1000	986	15
240	0	1000	998	16
240	0	1000	1000	17
240	0	1000	998	18
240	0	1000	998	19
240	0	1000	998	20
240	0	1000	968	21
240	0	1000	1000	22
240	0	1000	992	23
240	0	1000	987	24
240	0	1000	952	25
240	0	1000	998	26
240	0	1000	999	27
240	0	1000	999	28
240	0	1000	998	29
240	0	1000	1000	30
240	0	1000	997	31
# Event data block #42
# Threshold	DAC	Events	Triggered	CH#
241	0	1000	997	0
241	0	1000	983	1
241	0	1000	1000	2
241	0	1000	978	3
241	0	1000	996	4
241	0	1000	992	5
241	0	1000	984	6
241	0	1000	969	7
241	0	1000	1000	8
241	0	1000	984	9
241	0	1000	978	10
241	0	1000	1000	11
241	0	1000	972	12
241	0	1000	959	13
241	0	1000	995	14
241	0	1000	982	15
241	0	1000	998	16
241	0	1000	1000	17
241	0	1000	1000	18
241	0	1000	1000	19
241	0	1000	1000	20
241	0	1000	968	21
241	0	1000	1000	22
241	0	1000	994	23
241	0	1000	988	24
241	0	1000	960	25
241	0	1000	1000	26
241	0	1000	1000	27
241	0	1000	1000	28
241	0	1000	1000	29
241	0	1000	1000	30
241	0	1000	1000	31
# Event data block #43
# Threshold	DAC	Events	Triggered	CH#
242	0	1000	995	0
242	0	1000	992	1
242	0	1000	998	2
242	0	1000	991	3
242	0	1000	994	4
242	0	1000	995	5
242	0	1000	993	6
242	0	1000	977	7
242	0	1000	997	8
242	0	1000	991	9
242	0	1000	990	10
242	0	1000	998	11
242	0	1000	983	12
242	0	1000	963	13
242	0	1000	995	14
242	0	1000	987	15
242	0	1000	998	16
242	0	1000	1000	17
242	0	1000	1000	18
242	0	1000	1000	19
242	0	1000	1000	20
242	0	1000	975	21
242	0	1000	1000	22
242	0	1000	994	23
242	0	1000	992	24
242	0	1000	967	25
242	0	1000	997	26
242	0	1000	998	27
242	0	1000	1000	28
242	0	1000	998	29
242	0	1000	1000	30
242	0	1000	999	31
# Event data block #44
# Threshold	DAC	Events	Triggered	CH#
243	0	1000	998	0
243	0	1000	998	1
243	0	1000	999	2
243	0	1000	996	3
243	0	1000	997	4
243	0	1000	998	5
243	0	1000	998	6
243	0	1000	988	7
243	0	1000	1000	8
243	0	1000	996	9
243	0	1000	993	10
243	0	1000	1000	11
243	0	1000	994	12
243	0	1000	973	13
243	0	1000	998	14
243	0	1000	994	15
243	0	1000	999	16
243	0	1000	1000	17
243	0	1000	1000	18
243	0	1000	1000	19
243	0	1000	1000	20
243	0	1000	986	21
243	0	1000	1000	22
243	0	1000	997	23
243	0	1000	998	24
243	0	1000	974	25
243	0	1000	1000	26
243	0	1000	1000	27
243	0	1000	1000	28
243	0	1000	1000	29
243	0	1000	1000	30
243	0	1000	1000	31
# Event data block #45
# Threshold	DAC	Events	Triggered	CH#
244	0	1000	997	0
244	0	1000	995	1
244	0	1000	1000	2
244	0	1000	989	3
244	0	1000	998	4
244	0	1000	999	5
244	0	1000	993	6
244	0	1000	985	7
244	0	1000	1000	8
244	0	1000	990	9
244	0	1000	991	10
244	0	1000	1000	11
244	0	1000	987	12
244	0	1000	975	13
244	0	1000	997	14
244	0	1000	992	15
244	0	1000	1000	16
244	0	1000	1000	17
244	0	1000	1000	18
244	0	1000	1000	19
244	0	1000	1000	20
244	0	1000	984	21
244	0	1000	1000	22
244	0	1000	994	23
244	0	1000	994	24
244	0	1000	976	25
244	0	1000	1000	26
244	0	1000	1000	27
244	0	1000	1000	28
244	0	1000	1000	29
244	0	1000	1000	30
244	0	1000	998	31
# Event data block #46
# Threshold	DAC	Events	Triggered	CH#
245	0	1000	1000	0
245	0	1000	1000	1
245	0	1000	1000	2
245	0	1000	998	3
245	0	1000	1000	4
245	0	1000	1000	5
245	0	1000	1000	6
245	0	1000	998	7
245	0	1000	1000	8
245	0	1000	998	9
245	0	1000	1000	10
245	0	1000	1000	11
245	0	1000	996	12
245	0	1000	987	13
245	0	1000	1000	14
245	0	1000	995	15
245	0	1000	1000	16
245	0	1000	1000	17
245	0	1000	1000	18
245	0	1000	1000	19
245	0	1000	1000	20
245	0	1000	992	21
245	0	1000	1000	22
245	0	1000	1000	23
245	0	1000	1000	24
245	0	1000	989	25
245	0	1000	1000	26
245	0	1000	1000	27
245	0	1000	1000	28
245	0	1000	1000	29
245	0	1000	1000	30
245	0	1000	1000	31
# Event data block #47
# Threshold	DAC	Events	Triggered	CH#
246	0	1000	1000	0
246	0	1000	1000	1
246	0	1000	1000	2
246	0	1000	997	3
246	0	1000	1000	4
246	0	1000	1000	5
246	0	1000	1000	6
246	0	1000	994	7
246	0	1000	1000	8
246	0	1000	998	9
246	0	1000	1000	10
246	0	1000	1000	11
246	0	1000	995	12
246	0	1000	987	13
246	0	1000	1000	14
246	0	1000	997	15
246	0	1000	1000	16
246	0	1000	1000	17
246	0	1000	1000	18
246	0	1000	1000	19
246	0	1000	1000	20
246	0	1000	995	21
246	0	1000	1000	22
246	0	1000	1000	23
246	0	1000	1000	24
246	0	1000	991	25
246	0	1000	1000	26
246	0	1000	1000	27
246	0	1000	1000	28
246	0	1000	1000	29
246	0	1000	1000	30
246	0	1000	1000	31
# Event data block #48
# Threshold	DAC	Events	Triggered	CH#
247	0	1000	1000	0
247	0	1000	1000	1
247	0	1000	1000	2
247	0	1000	1000	3
247	0	1000	1000	4
247	0	1000	1000	5
247	0	1000	1000	6
247	0	1000	997	7
247	0	1000	1000	8
247	0	1000	999	9
247	0	1000	1000	10
247	0	1000	1000	11
247	0	1000	999	12
247	0	1000	993	13
247	0	1000	1000	14
247	0	1000	999	15
247	0	1000	1000	16
247	0	1000	1000	17
247	0	1000	1000	18
247	0	1000	1000	19
247	0	1000	1000	20
247	0	1000	998	21
247	0	1000	1000	22
247	0	1000	1000	23
247	0	1000	1000	24
247	0	1000	996	25
247	0	1000	1000	26
247	0	1000	1000	27
247	0	1000	1000	28
247	0	1000	1000	29
247	0	1000	1000	30
247	0	1000	1000	31
# Event data block #49
# Threshold	DAC	Events	Triggered	CH#
248	0	1000	1000	0
248	0	1000	1000	1
248	0	1000	1000	2
248	0	1000	1000	3
248	0	1000	1000	4
248	0	1000	1000	5
248	0	1000	1000	6
248	0	1000	1000	7
248	0	1000	1000	8
248	0	1000	1000	9
248	0	1000	1000	10
248	0	1000	1000	11
248	0	1000	999	12
248	0	1000	991	13
248	0	1000	1000	14
248	0	1000	999	15
248	0	1000	1000	16
248	0	1000	1000	17
248	0	1000	1000	18
248	0	1000	1000	19
248	0	1000	1000	20
248	0	1000	998	21
248	0	1000	1000	22
248	0	1000	1000	23
248	0	1000	1000	24
248	0	1000	997	25
248	0	1000	1000	26
248	0	1000	1000	27
248	0	1000	1000	28
248	0	1000	1000	29
248	0	1000	1000	30
248	0	1000	1000	31
# Event data block #50
# Threshold	DAC	Events	Triggered	CH#
249	0	1000	1000	0
249	0	1000	1000	1
249	0	1000	1000	2
249	0	1000	1000	3
249	0	1000	1000	4
249	0	1000	1000	5
249	0	1000	1000	6
249	0	1000	1000	7
249	0	1000	1000	8
249	0	1000	1000	9
249	0	1000	1000	10
249	0	1000	1000	11
249	0	1000	1000	12
249	0	1000	995	13
249	0	1000	1000	14
249	0	1000	1000	15
249	0	1000	1000	16
249	0	1000	1000	17
249	0	1000	1000	18
249	0	1000	1000	19
249	0	1000	1000	20
249	0	1000	1000	21
249	0	1000	1000	22
249	0	1000	1000	23
249	0	1000	1000	24
249	0	1000	997	25
249	0	1000	1000	26
249	0	1000	1000	27
249	0	1000	1000	28
249	0	1000	1000	29
249	0	1000	1000	30
249	0	1000	1000	31
# Event data block #51
# Threshold	DAC	Events	Triggered	CH#
250	0	1000	1000	0
250	0	1000	1000	1
250	0	1000	1000	2
250	0	1000	1000	3
250	0	1000	1000	4
250	0	1000	1000	5
250	0	1000	1000	6
250	0	1000	1000	7
250	0	1000	1000	8
250	0	1000	1000	9
250	0	1000	1000	10
250	0	1000	1000	11
250	0	1000	1000	12
250	0	1000	996	13
250	0	1000	1000	14
250	0	1000	1000	15
250	0	1000	1000	16
250	0	1000	1000	17
250	0	1000	1000	18
250	0	1000	1000	19
250	0	1000	1000	20
250	0	1000	999	21
250	0	1000	1000	22
250	0	1000	1000	23
250	0	1000	1000	24
250	0	1000	1000	25
250	0	1000	1000	26
250	0	1000	1000	27
250	0	1000	1000	28
250	0	1000	1000	29
250	0	1000	1000	30
250	0	1000	1000	31
# Event data block #52
# Threshold	DAC	Events	Triggered	CH#
251	0	1000	1000	0
251	0	1000	1000	1
251	0	1000	1000	2
251	0	1000	1000	3
251	0	1000	1000	4
251	0	1000	1000	5
251	0	1000	1000	6
251	0	1000	1000	7
251	0	1000	1000	8
251	0	1000	1000	9
251	0	1000	1000	10
251	0	1000	1000	11
251	0	1000	1000	12
251	0	1000	999	13
251	0	1000	1000	14
251	0	1000	1000	15
251	0	1000	1000	16
251	0	1000	1000	17
251	0	1000	1000	18
251	0	1000	1000	19
251	0	1000	1000	20
251	0	1000	1000	21
251	0	1000	1000	22
251	0	1000	1000	23
251	0	1000	1000	24
251	0	1000	1000	25
251	0	1000	1000	26
251	0	1000	1000	27
251	0	1000	1000	28
251	0	1000	1000	29
251	0	1000	1000	30
251	0	1000	1000	31
# Event data block #53
# Threshold	DAC	Events	Triggered	CH#
252	0	1000	1000	0
252	0	1000	1000	1
252	0	1000	1000	2
252	0	1000	1000	3
252	0	1000	1000	4
252	0	1000	1000	5
252	0	1000	1000	6
252	0	1000	1000	7
252	0	1000	1000	8
252	0	1000	1000	9
252	0	1000	1000	10
252	0	1000	1000	11
252	0	1000	1000	12
252	0	1000	1000	13
252	0	1000	1000	14
252	0	1000	1000	15
252	0	1000	1000	16
252	0	1000	1000	17
252	0	1000	1000	18
252	0	1000	1000	19
252	0	1000	1000	20
252	0	1000	1000	21
252	0	1000	1000	22
252	0	1000	1000	23
252	0	1000	1000	24
252	0	1000	1000	25
252	0	1000	1000	26
252	0	1000	1000	27
252	0	1000	1000	28
252	0	1000	1000	29
252	0	1000	1000	30
252	0	1000	1000	31
# Event data block #54
# Threshold	DAC	Events	Triggered	CH#
253	0	1000	1000	0
253	0	1000	1000	1
253	0	1000	1000	2
253	0	1000	1000	3
253	0	1000	1000	4
253	0	1000	1000	5
253	0	1000	1000	6
253	0	1000	1000	7
253	0	1000	1000	8
253	0	1000	1000	9
253	0	1000	1000	10
253	0	1000	1000	11
253	0	1000	1000	12
253	0	1000	999	13
253	0	1000	1000	14
253	0	1000	1000	15
253	0	1000	1000	16
253	0	1000	1000	17
253	0	1000	1000	18
253	0	1000	1000	19
253	0	1000	1000	20
253	0	1000	1000	21
253	0	1000	1000	22
253	0	1000	1000	23
253	0	1000	1000	24
253	0	1000	1000	25
253	0	1000	1000	26
253	0	1000	1000	27
253	0	1000	1000	28
253	0	1000	1000	29
253	0	1000	1000	30
253	0	1000	1000	31
# Event data block #55
# Threshold	DAC	Events	Triggered	CH#
254	0	1000	1000	0
254	0	1000	1000	1
254	0	1000	1000	2
254	0	1000	1000	3
254	0	1000	1000	4
254	0	1000	1000	5
254	0	1000	1000	6
254	0	1000	1000	7
254	0	1000	1000	8
254	0	1000	1000	9
254	0	1000	1000	10
254	0	1000	1000	11
254	0	1000	1000	12
254	0	1000	1000	13
254	0	1000	1000	14
254	0	1000	1000	15
254	0	1000	1000	16
254	0	1000	1000	17
254	0	1000	1000	18
254	0	1000	1000	19
254	0	1000	1000	20
254	0	1000	1000	21
254	0	1000	1000	22
254	0	1000	1000	23
254	0	1000	1000	24
254	0	1000	1000	25
254	0	1000	1000	26
254	0	1000	1000	27
254	0	1000	1000	28
254	0	1000	1000	29
254	0	1000	1000	30
254	0	1000	1000	31
# Event data block #56
# Threshold	DAC	Events	Triggered	CH#
255	0	1000	1000	0
255	0	1000	1000	1
255	0	1000	1000	2
255	0	1000	1000	3
255	0	1000	1000	4
255	0	1000	1000	5
255	0	1000	1000	6
255	0	1000	1000	7
255	0	1000	1000	8
255	0	1000	1000	9
255	0	1000	1000	10
255	0	1000	1000	11
255	0	1000	1000	12
255	0	1000	1000	13
255	0	1000	1000	14
255	0	1000	1000	15
255	0	1000	1000	16
255	0	1000	1000	17
255	0	1000	1000	18
255	0	1000	1000	19
255	0	1000	1000	20
255	0	1000	999	21
255	0	1000	1000	22
255	0	1000	1000	23
255	0	1000	1000	24
255	0	1000	1000	25
255	0	1000	1000	26
255	0	1000	1000	27
255	0	1000	1000	28
255	0	1000	1000	29
255	0	1000	1000	30
255	0	1000	1000	31
