0.08493634099456003
0.0937829376
0.10354288324864003
0.11281429958656002
0.12339651430656004
0.13451759216896
0.14318656000000002
0.15444145449216
0.16491915928576004
0.27506080901376
0.38465597860096007
0.48823423365375995
0.57899681145856
0.6635992274560002
0.73423236637696
0.8047697504281602
0.8649029760025599
0.91793874751744
1.021829852736
1.1023118480281597
1.1786107355545603
1.2456488522649598
1.3149851059839999
1.7581402202214402
2.0718677539225605
2.3362266547840003
2.5483499245670402
2.7583363589760004
2.94725391034624
3.1381867404518404
3.3111770728960006
3.479741037160961
3.646706597079041
3.8213681482240007
3.9753724244889597
4.1337786223641615
4.2924347974886405
4.464485017315839
4.60540527403264
4.76294658078976
4.928137155504639
5.090265165314562
5.23993852191744
5.396604046704642
5.567364832296962
5.71450172440576
5.877544683479041
6.031378009704961
6.20945796038656
6.348908247616002
6.518005071874561
6.6853190860825595
6.8477510993126405
7.008870779299841
