0.10249493267519583
0.28435185573170685
0.08014687195007042
0.24158856452979194
0.33390968962840617
1.130230006095637
0.24511864656685134
0.3220813345540563
0.13577021655633814
1.2368113087050858
2.235932181822335
1.1648535904402024
2.1351229617566787
0.6235256268835769
2.608422969386197
2.8384655436317416
2.8775451168099835
0.4408625459828954
9.467671615787822
0.650028628619566
0.9862389735237684
6.027165191256245
11.038692707095151
30.894664865108552
26.277242761863818
44.416786422711084
37.685537967870914
7.678343236893852
18.28455428408961
54.5522063284825
20.886165914691446
10.591893875152891
21.729088533709728
75.87330501115503
14.855974122732732
42.52101038543333
53.29937368670653
89.33208065544022
91.22969289025423
89.81961074564242
3.6972836850873136
50.19586097275169
30.649840985388437
39.807506655401085
96.15231939777732
25.18857480828592
14.696927920311282
50.87001094012521
127.34252412956266
106.84225424894976
44.32097620542481
12.700669365258364
43.41084549095103
47.75193004004614
