0.4009834497271285
0.1948373431681567
0.004946686312493398
0.030640741191788834
0.6413070363824076
0.587459293858636
0.443912007435614
0.07784122379560188
0.26591057488840875
1.7951761822841945
2.412507453021135
1.1670269312454593
0.1994149028611787
1.4426152564197423
6.9586415874148315
2.297943999718086
1.01715942622684
1.9738380882674846
11.45889508624657
6.099482104781146
11.82729343719734
11.812021505904568
4.344343839218027
3.2612454892591813
9.343201203433637
32.252577550855676
47.352822740824195
20.62580994756172
32.264195262156136
121.4875384009265
12.6558037037139
30.22572781528652
38.849447672422684
21.473390547002055
68.62826480147487
57.140742919156764
0.770984147056879
146.171806538714
80.13329031865578
71.67464813920014
139.00055785046789
10.23140590935509
19.95009076761926
18.918743249450927
6.67675892925763
98.0359721847708
111.82757583218336
87.61575038453157
105.86045052643749
37.720501564435835
67.44202504152781
1.9350117208377924
90.60311990293121
99.66343189322434
