0.5671136365391156
0.18161903895140696
0.09254879430928753
0.1286976131297095
0.59498573288937
0.30640130625818074
0.6963103373867909
0.29791399596035717
0.31377160492601774
0.7388107932421804
2.8311855201235403
4.541106212943987
5.920996458682623
2.6069197006829086
6.236453561077383
7.313861668677191
10.888916563374892
5.704287278005268
8.895619920960144
3.8424192945276445
7.546375012402677
4.552317747128882
4.183947453024302
3.890195337345176
110.71011986670055
75.94931826274387
59.259924609274094
93.10978010494364
85.12901986013458
14.176663591337274
66.3561801076703
189.1824549358862
58.76303653182549
94.22458650686531
119.00809980934719
169.3611846018539
12.662317287176847
27.35162192005373
208.09054337602356
69.58923809969201
104.96477537235478
123.76300313002866
51.807708671673026
41.896290491262334
81.9486192371478
47.46171172250615
279.11056753723824
246.31146447453648
344.11319653401733
415.782027393092
573.8953633824422
612.2256602550406
650.1830617666128
715.2013679432741
