0.050830407935999994
0.05844480311296002
0.06572126995456001
0.07319578742784
0.08187655742464002
0.08987908064256002
0.09882925138944003
0.10721066684416
0.11624499318784
0.21326515108096
0.27625907461728744
0.38573321481070166
0.4952939019494401
0.57776538783744
0.64585525126144
0.7093520466841601
0.76538141937664
-0.2167805784382021
0.9150070336000002
0.9996416321126402
1.0707944832640004
1.1408564086374402
1.1973331652198405
0.2740828378990925
1.6981587237391083
2.18431373771776
2.39943569772544
2.6029769545753605
2.78929012564224
2.854041978819421
-0.3703280753495126
0.6126311038766072
3.4660966791193593
3.629317613898241
3.78930139312384
3.9500767504000005
3.924612044752273
4.246613078653439
3.1531210097055196
1.4786582020536736
-0.605188718125893
4.383569730175478
5.013522236828161
5.17119242945536
5.325209754050561
0.40329543896537867
5.625488368445439
5.790060237519362
5.94343832372224
6.100734017128961
6.25092803444736
6.414443668695039
6.579618989898242
6.73656626370816
