0.3696755781345331
0.27302202112408835
0.09645660745209739
0.20248065546398664
0.44459620366823316
0.09694685351762189
0.4326062124206089
0.006276215010188935
0.023784515296213726
0.9096002707250364
2.083030842531201
2.408075428595396
2.2310237528852213
2.666927795231288
0.3057847193682619
0.27474086243512374
2.56946662451071
14.534965386431963
0.11022515777756325
3.824871106862247
1.8175020233186387
7.371475713710652
4.472567219134135
45.65377960957312
40.01143811606562
1.0590769414557144
12.134461555857342
31.6080853286021
31.64861740905326
64.06814173802923
117.21658428277624
131.89036139618838
6.419509857616504
19.25118688216753
35.002382579925325
78.64627845303039
80.69627605483038
64.26357549132808
125.12485950038172
140.84713413813733
156.43053699774464
103.76734825925814
40.4618510235814
11.482055252701684
19.0025703280553
208.3975876166005
68.34370881317591
33.27586251426692
4.49112397072895
8.007901787990704
74.57900913989579
26.99847667478025
25.259631782697397
27.78559496096714
