0.6944188957970567
1.316347070834425
0.09065592628324737
1.2188094343495948
0.5276232905988039
1.335485157740088
1.2162639036234708
2.273100052463249
0.30116567626694746
4.693703606208118
8.023060496749906
0.6255881590944341
4.733267773560669
3.0860833322204826
7.316165874260719
4.11405986478394
3.056183758532711
23.308402290734307
0.3099233362390805
4.855842303455802
9.058717481497297
12.23167237756843
16.721058276443273
27.103175958725387
1.4031547680160656
41.04919520855128
31.15612424804567
80.86940301321738
47.04936163053935
111.80325530462869
0.7758164750612195
155.88267500047004
62.68961615658918
3.8723549579735845
106.40643640725466
123.16123796696047
169.52429440329433
169.7506838492991
65.07727145929675
106.25365208088624
142.1850577610603
265.7543065333666
37.794017588559655
51.19839701234014
121.57935541370534
129.57730078802706
70.47175295645138
106.04062825883739
107.96027257409878
80.13941468126723
57.8181538358258
46.10989755445917
20.299742875722586
22.32971716329485
