0.9247304930151898
0.2034916455468867
0.6573868300278747
1.3442710010697425
0.3544728622099953
0.8679957605067656
0.53680966394856
1.4068925321856796
0.661313502393071
5.4075894818971335
7.0938911999652134
2.4766520504848017
0.007923994455609318
2.8458219048291085
13.84153362961922
10.534733120602823
8.822370418821947
27.557735093893598
0.7970900458676624
1.0667880651540145
17.799889563906618
26.480027339570142
36.31399859809221
6.670662594228361
14.662170340221564
25.416298251841
73.02001760377607
202.3523003064838
167.33740679500625
3.357779660003871
84.76193998981216
211.9159556915365
32.18647075651097
4.059759905583633
76.01676216548003
175.98192470369395
244.62053001695676
72.37913924858003
174.40222953824923
224.80926649299
265.2125780045353
144.09438910143217
154.2271460925549
156.7512999960236
33.861152160941856
63.22347015183914
114.2129994945426
120.56846365087404
132.17749473299045
142.40409397992335
43.3457279879367
196.12566407882696
177.27613948936778
195.00375343830459
