0.18062908002304
0.19861925315584003
0.21764389613824003
0.23497209201664004
0.2526630543360001
0.26916672144383996
0.28564663646464
0.30399255656703994
0.31870270181376
0.46687811791104006
0.6031075600000001
0.7339006224
0.85091621638144
0.9511149031014402
1.0504216498406402
1.12766049386496
1.2021140109721602
1.27982339933184
1.389890092096
1.4970364279833603
1.58565314121984
1.6661233346559998
1.7441195920614403
2.30063855636736
2.6620872333721595
2.9632289769702407
3.22931825852416
3.49874331485184
3.716949558896641
3.923467223695361
4.122478679165441
4.3401888893440015
4.5221621642137615
4.713831530495999
4.911897038400001
5.081453707264001
5.267612536384
5.469296918947841
5.632169371248642
5.816431945984
5.994607715965443
6.2028811438105595
6.357425686120962
6.537340785141761
6.7323643024
6.9126589862809595
7.085400703490562
7.265871198784
7.471396838287362
7.658733009410562
7.833505345600001
8.02908947579904
8.21093895229696
8.388400766056959
