-0.21374701642687044
0.08310299710419336
0.21764389613824003
0.18009054329771035
0.030200986059609164
0.03234755681854254
-0.017016035930952356
-0.14555754739988785
0.14852170648618254
-0.25242424026620225
-1.8275948130447528
-1.124143411811339
0.17489586375053556
0.3194568009224885
0.8729123654568609
1.12766049386496
1.2021140109721602
-0.9106972749979136
1.389890092096
1.4722966813874887
1.58565314121984
1.6661233346559998
1.7441195920614403
2.30063855636736
2.6620872333721595
2.269285967654271
2.0978600938056724
-1.865594253133799
2.8705403529778284
3.923467223695361
3.0353889653117436
4.070892134988458
4.5221621642137615
4.713831530495999
4.911897038400001
3.340964986364515
4.657956865223935
4.399831252045265
5.632169371248642
5.816431945984
5.994607715965443
-0.575539794842614
6.357425686120962
6.537340785141761
6.7323643024
6.9126589862809595
7.085400703490562
7.232985375552046
5.985706217189058
6.364002300007033
7.833505345600001
8.02908947579904
8.21093895229696
8.388400766056959
