2.0627873090734425
1.415999296693876
0.31260165843367815
0.08714022583234282
0.31254157859395093
0.131648565626719
0.03710615931504435
0.7698349504669011
0.20799690101884494
6.0214150614721405
9.892090526866355
6.622268469213452
1.8416496216322003
0.26795906366282907
10.622734315970888
8.23906120242907
10.124335909874162
24.06968060018096
10.83804365859271
13.76763173635004
3.961476795403769
5.898234689755327
6.387315913502789
3.9481681487459355
63.800423764815605
74.126225044698
65.34142146578051
135.21976849485145
81.7075291024521
11.966421833447384
61.13788518330148
69.54583731839375
61.31953859062196
79.2746503089511
13.833432255447406
180.7888679003372
182.31566657338772
27.035078842618532
215.11443773338397
198.4192996070451
231.33000493397049
19.761479605425848
225.66088349660276
234.5038164186626
103.63308970389335
111.89239192497189
193.4462422824363
207.78152933086676
2.7227910021611024
38.514966686896514
47.858818861452164
47.08265216949076
8.426300807710504
9.268930888481556
