2.019004755252551
0.987190626022528
0.4616908256748431
0.9530780657340046
1.581474064060501
1.5787413251788323
1.5570333409202703
2.494540561505474
1.598208549729975
4.276886570985113
9.147625393000709
7.303149542094786
3.98277825995541
3.68535694182043
6.005617045804115
2.7892820975372388
4.000644431604769
17.425714178560497
3.8850450741182385
7.1460440492510315
1.792750980822575
10.316576484251073
8.95661889281837
20.890238115089687
24.409470917770705
39.60752125057115
47.30437549160342
133.09164468107338
67.06425885254612
7.779237103604828
78.14533229127301
64.21868001271287
50.75108512335282
47.292527186385996
43.58375378571509
100.35307102111983
76.72575624493402
104.12533909470585
65.57471387245823
31.403859893798654
51.41975514663136
209.10964548710763
33.51942861897987
43.8027272570107
79.73221688226477
59.37850220918335
38.44961437236634
74.52546261336101
105.58740160908201
108.74020868931984
12.0653885198044
40.095925151283154
42.06944356371969
46.27638792009166
