16.82615509032766
24.97529971773024
33.77985138785719
42.185127872875924
50.64122299334981
58.376032553055104
67.3974896536392
76.51346489374947
84.07826353295647
166.90514905836164
251.80209486399656
334.94549686929855
420.08314307986376
504.6496650850672
587.6778281346996
673.7830992528135
762.5487735425675
843.1607091015536
1008.8112011043132
1179.3200718965177
1347.712471227191
1521.426775763207
1674.7540994578249
3343.198988632993
5043.0016365867095
6755.759140520667
8380.898238699618
10107.373896833456
11787.205281836521
13488.310451929845
15123.59681192125
16782.8482126337
18489.652920032175
20172.76877568235
21922.658927051412
23500.263416599515
25187.48948204196
26965.91914743864
28632.662221346593
30262.68316291736
31981.246070257603
33654.93759774762
35266.66595508843
36957.2951335808
38715.23099438662
40422.433387699224
42059.46585356561
43695.99438761832
45391.93555510325
47063.829219194864
48796.143217110584
50489.361946521
52167.84606138247
53797.13832495678
