0.006155090327659707
0.25470028226975927
0.13985138785719187
0.13512787287592687
0.18122299334980596
0.49396744694490025
0.11748965363919694
0.823464893749474
0.0217364670435245
1.2948509416383445
0.4979051360034248
1.4545031307014256
0.4168569201362402
0.04966508506726086
1.022171865300379
0.9830992528135312
5.648773542567483
2.160709101553607
0.3887988956867048
1.9200718965178112
2.1124712271910084
7.626775763206979
7.24590054217515
20.80101136700705
2.9983634132904626
27.759140520666733
29.10176130038235
15.373896833456456
13.205281836522772
32.31045192984493
14.403188078751555
37.151787366299686
12.347079967825266
11.231224317649321
56.65892705141232
47.73658340048132
42.51051795803869
53.9191474386389
38.66222134659256
13.31683708264245
23.246070257606334
14.937597747622931
55.334044911571254
46.70486641919706
29.230994386620296
54.43338769922411
9.465853565612633
36.00561238168302
22.0644448967505
32.17078080512874
18.143217110584374
29.36194652099948
25.84606138246454
28.430667520710998
