0.06804169620269107
0.45593614475961886
0.1439646236853349
0.3727695141816909
0.2227066162796021
0.02238506781424121
0.525515034681149
0.6295818740998982
1.628151327609757
0.726152342876901
1.3825094504755384
7.522545964886319
9.029745389887523
0.48683007467366224
4.265017859739146
0.8943344565100233
0.0678705615363242
13.18450028133077
7.513737563404561
3.5744947594669156
1.9195954325857656
19.575071487917967
9.795426225192386
24.71702469992033
32.586280101510056
60.2565340361125
50.9536743264016
76.3131178357562
6.57821640900147
57.70945268794094
109.24633363864632
68.1408393944912
65.47325837343669
26.59656363657632
6.1169339754815155
18.11295335687464
95.94316042201172
14.242484866124869
44.5956971472624
145.40693238033055
28.185667999703583
7.221195422593155
52.33522250857641
100.37275856193446
89.09124877818249
169.64093766748556
103.10194146264257
85.20950503946369
60.65526308314293
123.91930710950692
52.565372909244616
14.669146101703518
71.6979333586205
78.86772669448256
