0.07956641845504002
0.09587494791424003
0.11427320506623999
0.13185845837823998
0.14764283674624
0.16493345440000004
0.17858303581013055
0.157904228263676
0.05861826716853796
0.3609318021760001
0.44537870817058595
-0.9244834542759953
-1.3851457066616257
0.7655354026214398
0.2862777241321933
0.9102320100966403
0.9748797695999999
-0.1018662586645771
0.8988552400464731
1.23909668886784
1.3242043887846402
-0.22561565944261264
1.4699409178854401
1.9953709557760004
1.2622264634466256
2.3742357676337127
2.9437500216960006
0.38231956298320124
3.4091870515225597
3.6207391749760016
-0.3889183462902932
2.8006804535495733
4.23009057689856
4.42811552575744
4.620752645160959
4.80729830504704
3.1964052895510386
5.18168373209344
5.359136104368639
2.1007875702988335
5.733618756405761
5.913013152893441
6.103081699010561
6.29244782901504
4.746471121810016
-4.268658260363049
6.849961967946239
5.873968574944145
7.20839160008704
4.262085007600445
7.603307702172162
7.78884148982016
7.9770094096
8.18523860340736
