0.4901501835304636
0.08202474769202084
0.49467739582126313
0.2628192675807952
0.5354554647612062
0.1176649763929376
0.37783687979413116
0.4206597238071623
0.0884126795090765
1.1882564781579106
1.4064824827640336
0.7143015214317643
0.21411477029005255
0.40500558229211947
4.061958774074014
3.179836255648297
1.8542888093243164
1.3720681745046477
1.0693656779720868
3.757877503278678
0.7261152712324019
6.14859781981545
0.41715352673872985
5.217733524214509
14.44718837075743
35.372356418836716
29.384487949771938
24.817746680422715
35.90425663923634
90.30266079963985
28.930806938236856
31.405538005652488
5.303017438724055
50.51586356552798
25.919542888463184
12.538142056844663
59.89845895898179
13.742139501991915
79.35292658139952
5.287062245304696
21.175491455844167
36.74905901735474
65.99733013108198
13.820136448121048
77.10664147193893
6.038541417983652
92.99200048521743
40.083169842662755
16.845273740844277
12.530042155442061
3.8156630702433176
26.999668709097023
89.09139738831436
98.0005371271458
