0.45435792901573535
0.10246340512026819
0.501392036028669
0.2579884289944303
0.5195743612228725
0.09268043435461948
0.410859662507562
0.4611614693856865
0.041043930340634915
1.2557604363403527
1.4496672723498136
0.7263972446969547
0.22246916608628453
0.42094624700990835
4.076621693205652
3.189720353337634
1.8601423005995912
1.3776096685871835
1.0928978342619757
3.688516558086121
0.5795799532900219
5.905594240538903
0.78196275004575
6.418778808021671
14.93880406916378
30.472424538638734
39.60623715474139
40.54322056116689
56.1132736553609
66.92860805916462
4.388387459075602
55.60130997535089
17.093335377649055
31.091925060642097
41.84652963335611
24.321887815800437
67.52327054557463
10.498330627491669
78.89876371005084
9.384150147445325
14.23203268155703
27.57866441449005
76.78317285716912
25.356811661469692
88.67068340005062
16.920768928845064
102.36264065113937
32.66867841687781
21.392272350756684
11.331689031743736
6.633679980928719
34.30083283330896
101.25317194071977
111.37848913479175
