19.157647598400956
26.09339085795558
34.201929667058614
41.75996159930568
49.58393737927868
57.027521483148426
64.7617199989735
71.97371232906201
79.28505339948865
157.20906309972676
241.01240071860923
329.7977913081163
421.9889227630089
516.075767508795
606.4744166012356
696.716355956839
788.792256452922
879.2832165530937
1059.171619965595
1236.9012479862379
1408.7869541280172
1580.9349237264883
1747.044824708062
3373.9353167790014
4947.100172527764
6568.669013713315
8210.894908249766
9857.269982943139
11655.083806581823
13347.591528097373
15058.750765434448
16729.538122796137
18504.274381762167
20241.847009751997
21944.29305319862
23664.559177503055
25391.87426953033
27116.887397479488
28819.978424391036
30476.081938530635
32178.796564515935
33843.285991190394
35529.86013738465
37197.01397684103
38878.24394441183
40531.91812399733
42118.31784746787
43770.75353446744
45398.23525641696
46997.9605405155
48535.70294614601
50062.628194462304
51694.7833051002
53220.23698722241
