2.337647598400956
0.8633908579555793
0.5619296670586138
0.2900384006943142
0.8760626207213207
1.8424785168515783
2.518280001026497
3.7162876709379873
4.814946600511348
10.990936900273226
11.287599281390754
6.602208691883675
1.4889227630088726
11.475767508795059
17.774416601235657
23.916355956839084
31.89225645292197
38.283216553093666
49.971619965595096
59.50124798623801
63.186954128017305
67.1349237264883
65.04482470806192
9.935316779001369
98.89982747223621
159.3309862866854
199.10509175023435
234.73001705686147
118.91619341817568
108.40847190262684
79.2492345655537
90.46187720386297
2.2743817621667404
57.847009751996666
78.29305319862033
116.55917750305889
161.8742695303299
204.88739747948784
225.97842439103624
200.0819385306313
220.79656451593837
203.28599119039427
207.8601373846468
193.01397684102994
192.24394441182812
163.91812399733317
68.31784746787162
38.75353446743975
15.764743583036761
98.03945948449109
242.29705385398847
397.37180553769576
447.2166948998056
491.93836438978616
