-0.1076630548111358
0.14861826850815998
0.16419092994304
0.17935970367744
0.02503050815745339
-0.1828112211234621
-0.07609977027284875
0.005894405173094225
0.16544904586164316
-0.7800068180872364
-1.7704211258055575
-0.90802223519097
-0.6797004506871102
0.8386544736486402
0.92550864752896
1.003234611456
0.4807291879589053
0.23358113819415982
0.703525099121647
0.5028341432355691
1.44072585144576
1.5190385020518395
1.5905770102886403
2.1227417661542405
2.2681391002159415
2.7781315668198396
3.03295321221376
1.3635984789588276
3.5017068027110407
3.711725909056001
3.911762458869761
4.114549360599041
4.293455850703361
4.4828745984000005
4.668697089802241
4.773048060589142
5.033324556451841
5.2267323875430405
5.40265684755456
5.571269117032959
5.762649904704001
3.1664400921819094
6.112563969600001
6.2886515736985595
6.475656880253439
6.654592058780162
6.8278693395686405
7.009616314624001
7.190352151882242
7.385532383848961
7.565017009397762
7.753221946736641
7.928666566205442
8.118907117404161
