0.13278036361216
0.14861826850815998
0.16419092994304
0.17935970367744
0.19526076244223997
0.212307149824
0.22603254386944
0.24020506749184004
0.25431122813184
0.3847433086182401
0.5117284839039999
0.6333001865625602
0.73882413958144
0.8386544736486402
0.92550864752896
1.003234611456
1.0755349264
1.1411572079001602
1.2542279738982403
1.3561515483366398
1.44072585144576
1.5190385020518395
1.5905770102886403
2.1227417661542405
2.4797027657318407
2.7781315668198396
3.03295321221376
3.2858609877913607
3.5017068027110407
3.711725909056001
3.911762458869761
4.114549360599041
4.293455850703361
4.4828745984000005
4.668697089802241
4.85030499934464
5.033324556451841
5.2267323875430405
5.40265684755456
5.571269117032959
5.762649904704001
5.948845877455359
6.112563969600001
6.2886515736985595
6.475656880253439
6.654592058780162
6.8278693395686405
7.009616314624001
7.190352151882242
7.385532383848961
7.565017009397762
7.753221946736641
7.928666566205442
8.118907117404161
