1.993387657317756
1.0869331978820753
0.5139120879267693
0.2999219780320459
0.23334174353815484
1.3353391310723168
0.5487789575193744
0.006190927163913784
0.6013811853858613
10.826181694875856
16.48135720955662
15.835793873225953
16.41424667352618
11.173481816002607
8.062854459465711
5.656404580257572
1.3372377590710585
2.061050248094716
2.444339022975214
7.580943118998675
0.19682918459579923
4.212022229585045
9.442952985899637
15.044779246022244
57.396444850891385
48.02925976742699
77.02505484367248
44.7957952426932
10.434895982787566
11.162411031049487
7.214526006566302
47.65512875571949
66.92910666008902
59.66943345796608
59.89893749411931
79.09685808088398
69.99499945100615
48.12938189689885
12.209385126592679
86.6761593268202
32.23386309558555
104.17402742687409
35.79370070779987
60.927906125703885
13.256985275620536
7.039702957721602
57.54807589790289
49.75554839567485
59.016073568905995
55.9678655163807
17.118987224486773
47.917049756564666
47.23671846149955
51.96039030764951
