0.09096931596544001
0.09987217985536001
0.11015814104064003
0.11962965397504004
0.12988470018304002
0.139087227136
0.14991021086976003
0.16055984888063998
0.16991675433216
0.28245738467584003
0.39352636756223996
0.4970295120102401
0.5844575350907775
0.6758418332160001
0.74549547787264
0.81528764131584
0.8747516712985599
-0.09614552239889795
1.0281732865254403
1.1124984063001597
1.1858443356390402
1.259476485696
1.3182971045094398
0.9015992076374207
1.7929547544777686
2.3281095832473606
2.550710522511361
2.75261015544064
2.9506994175999997
2.0287230417930218
3.30547888312576
0.5968713541431061
3.5324331039382004
3.80809933979904
3.9663940829286397
4.126338945456641
4.276624
0.060538144839652475
3.1337979603490944
2.98100394782168
-0.2708476923307259
3.9890555873730174
5.220939835893761
5.371855665256961
5.529142156003839
0.012609220697682666
5.83648390521856
5.999866049013761
5.756153779963605
6.3280823626239995
6.478344395184642
6.63979929124864
6.809026810685439
6.965047271733761
