0.8170860335395709
0.3656230588822602
0.8438331181394716
0.37309134563417246
0.3357165905895414
0.7295927793547392
0.6749487726844876
0.9111468412137924
2.2471797256680617
5.099871715970579
8.219108320889319
10.015497068338789
13.22389245109025
8.295302465755128
13.240881551299594
8.985031100604374
9.784247857151968
2.652398555491345
7.737295078818761
8.512887747681361
13.13647005541361
1.0002747410644588
7.704719532008767
46.46415933001481
0.6617444288831393
92.13306481780546
121.33181807184519
154.0670740564783
93.25093208722319
203.87359456440572
75.91650358049083
83.77689224671485
85.17695321452265
68.32796014936685
77.32930809996105
117.08803345485649
58.7204388858554
0.4860699769888015
266.46593667245907
11.576955856860877
46.727691602874984
170.08690029059653
52.920962012634845
59.12625696721807
120.7903910667228
0.07672328406624729
367.18026108658523
418.44861926933663
418.04093461627053
562.1642349896938
794.3482056547873
935.3241281637384
1020.4268458457373
1122.4695304303111
