0.1099863765121043
0.30024450344502895
0.476411375061808
0.27778511995812494
0.5325095057256988
0.27267057941283923
0.08572763571790176
0.1462914817809775
0.9306455043787736
0.7848388944220517
1.222794660165988
0.9048133286389088
2.6824861967169795
3.166796175417403
1.4256870893372025
2.8270128296520625
1.736869130008813
13.586801060517928
1.880273540607618
0.5122953724819581
6.726378957357383
5.789443113716288
4.1116021868069765
37.75951165892229
41.12260006570068
11.55986759143525
6.065281061028145
18.067646033208803
46.185312103685646
77.0051988987143
21.446876007312312
139.8268044024917
67.43311899044784
39.10351834359972
8.310812439729489
14.36284047580557
67.12167518852948
138.34325981213624
127.0742658817253
117.13047998214097
151.49599968058828
109.32313652961602
41.22742626454419
10.291049472849409
1.9226872925719363
217.91461792228802
71.87329705936281
18.165184473691625
100.16149040342862
71.71997887228645
45.04093592544814
57.09734955622116
2.394483299278363
2.6339316292061996
