0.06870521684224001
0.07651818180864
0.0863889664
0.09526556326144002
0.105100452864
0.11446367029504
0.12464853913599999
0.13406611542016
0.14329313726464002
0.07899830026154125
0.17482741511400812
0.47876214301696013
0.5790771672294401
0.5757377886106856
0.7474418610278402
0.8228695971865599
0.88714094841856
0.9086230264969165
1.0504938040960001
1.13935300706304
1.2162807693414404
1.2936387238297602
1.3543894745497602
1.81767775408384
1.6124229808276742
2.396328768064
2.6219226329190404
2.82798842757376
3.0251728386457604
3.146154504577522
3.3893929337241593
1.488556867549137
3.7231956190105597
3.891182321663999
4.052098142709761
4.210855028554241
4.36508423270656
3.5826937619841814
4.599806019551136
4.83705772729344
3.8534295885638037
5.155755147389441
5.301355207075841
5.452352024739842
5.615724541504
3.8851751747926624
5.92500248803584
6.083357844072959
6.24600064
6.409363115584001
6.560671602608639
6.726794158120961
6.89379216385024
7.051990415810559
