0.5035107333029245
0.8680432576029169
0.4456411873696027
0.43055723997236584
1.0002459310696352
0.8737973057915127
1.22519357564137
0.7189889704551575
0.10555706092183925
0.8466929378290615
0.5491424048731233
0.5721002441188716
1.3752608437755498
5.589019838489662
0.47925755917310653
4.5870050070550406
3.5735863130130383
5.605583077441565
1.5931540555187667
2.685908023684533
10.659572162675659
1.13730513232872
11.39563282665631
24.333651315697352
44.74846419689129
9.792641535487746
25.51821764017768
44.77091710456989
26.301071337282337
97.57838546667517
14.12300114428217
74.40601656837316
71.27157673694455
30.173323542378057
32.657985418518365
35.204694739535626
68.8272208467024
102.82782965824663
82.28624250967914
8.053209817528113
93.95034229439625
94.78264763913467
5.819628931523766
51.95135961019696
29.47252062871121
141.04188111596886
20.304944605362834
19.820628690213198
14.802301953131973
44.65419858878886
63.35884926428844
30.48225805340917
2.829796816695307
3.112776498364838
