0.24390142909370738
0.7247886411031921
0.45030464116194935
0.31751969396512436
0.7634831383282972
0.5250451735804162
0.7603910484453849
0.15174554104063986
0.7689941595639453
2.4039159398711547
2.6512138294299916
1.707307577634765
0.7738600209393098
3.8053589346460512
0.8525882342172508
3.8335071188598704
3.3907383891875043
6.0073295791668215
3.0144659798329485
0.43409501079713664
7.802415414392044
4.436140792094193
7.89940956524606
23.709726180150938
44.63783150268864
4.595162866636201
11.15192614564512
20.446458415313828
6.801474658943334
58.57928076475764
28.23625346895824
117.0427875066307
30.518651184771443
6.657584910401056
0.9352425885335833
9.333430237969878
48.98272889490545
88.92857315900983
89.90775143551946
5.16851579152717
95.09149759709544
89.98365076053597
12.743071675911779
60.099227293125296
21.12884726440825
133.68805398410768
25.900319596097688
22.5197379541205
16.04477964516991
50.769222554095904
51.98017649715621
12.566678535316896
22.380785215325886
24.618863736858476
