0.49846646043229015
0.676145754302663
0.19522702491209287
0.12099398254115812
0.0009980783200447263
0.6079450247910145
0.07687307036738389
0.852639087595179
0.06200332523810914
0.8118649457954348
0.06368339906794063
1.0307610346517322
0.24411448163527893
0.06076852304431668
1.3998527252047097
0.3641276820710573
4.832148517476185
1.213957127190838
1.4551076587933949
0.9229609487608741
1.3484304544028873
7.245017729078427
7.193121722170417
13.840554890095518
9.213395578689415
40.99665671492767
18.306779645839924
21.296319928498633
13.503927872747227
27.170636125738383
23.78265248155367
49.41776029529137
25.941189864297485
24.58053601712163
44.94750393561844
57.06223470482655
48.67836519317643
51.377335388486244
39.47514915073043
9.507319234387978
29.71622720058076
23.375232814571063
45.655683398552355
36.44550633809558
39.317245374237245
63.62735904630972
17.184007008516346
30.31108265551302
18.977847778027353
32.09476752700721
14.711701761982113
22.187370111882046
14.714143302218872
16.185557632440762
