16.32153353956771
24.553854245697337
33.44477297508791
41.92900601745884
50.460998078320046
58.26205497520899
67.35687307036739
76.54263908759518
84.1620033252381
167.38813505420455
252.36368339906792
335.36923896534825
420.2558855183647
504.53923147695565
587.3001472747952
673.164127682071
761.7321485174762
842.2139571271908
1007.7448923412065
1178.3229609487607
1346.9484304544028
1521.0450177290784
1674.8068782778296
3350.1594451099045
5055.213395578689
6768.996656714928
8391.69322035416
10113.296319928499
11787.503927872745
13483.170636125738
15114.217347518448
16770.58223970471
18476.058810135703
20159.41946398288
21910.94750393562
23490.93776529517
25181.321634806824
26963.377335388486
28633.47514915073
30266.492680765616
31987.716227200577
33663.37523281457
35276.34431660145
36967.554493661904
38725.31724537424
40431.62735904631
42067.184007008516
43701.68891734449
45395.02215222197
47063.905232472986
48792.71170176198
50482.18737011188
52156.714143302226
53781.980465732435
