313.8
323.03
332.88
342.15999999999997
351.37
359.68
369.22999999999996
378.72
386.47
463.46000000000004
527.41
577.36
618.5
651.9500000000002
679.4799999999999
703.86
725.6000000000001
743.01
773.5500000000001
799.62
821.57
841.2900000000001
856.7900000000001
967.69
1036.18
1088.1399999999999
1129.17
1167.36
1200.9099999999999
1232.28
1260.56
1287.77
1314.49
1339.79
1365.1599999999999
1387.33
1410.4
1434.09
1455.78
1476.57
1498.09
1518.6999999999998
1538.26
1558.51
1579.31
1599.29
1618.27
1637.09
1656.4499999999998
1675.4099999999999
1694.9399999999998
1713.9299999999998
1732.6699999999996
1750.79
