0.7613554831718439
0.18429313297082217
0.6577758555866282
0.24761361775352952
1.2539142093376654
1.123007767301388
0.10713073692117803
0.788784079480962
1.0740857196024507
1.6763059417698685
1.2021920051871007
1.0368901352791795
3.972513743000718
0.9216374780032766
3.261314698612523
3.8872671785007924
4.75855514877162
4.990172609359433
4.810998827741855
1.93574466764494
3.6531120009888127
10.819286314662577
11.022030744608628
9.91379873478536
22.97115057385963
70.15897001957819
37.773579932509165
13.013047768832621
42.35514527160012
103.37230633903346
60.21849673854376
10.286980636632507
42.06772781362815
182.25049725323333
131.4498100136443
39.7069105850569
47.03075582469319
87.85044042651862
55.762514219455625
133.66614676648533
11.601513285295368
88.76815172546048
38.41735688382323
107.11472017762571
112.57874969560362
5.525463540870987
30.53612005992909
299.12072921328945
153.54500750547595
112.3678602361324
180.05880039806652
150.39623784421565
186.16403647242987
204.78044011967287
