0.09741789561856001
0.10781083303936001
0.11874254377216001
0.12835424014336
0.13982334575616
0.15001926125823997
0.159194616064
0.16857002409984
0.17874901648384003
0.28273806905344007
0.38117090601216
0.4695999068569601
0.553071841344
0.6197317026841602
0.68225221140736
0.74051945358336
0.79972527165696
0.8492934766694401
0.938216955456
1.0155769927705602
1.08405745828864
1.14593770703104
1.2128282107110404
1.6416333376537602
1.9452215629440004
2.21076931246336
2.41937866139904
2.62773955772416
2.81728436813824
3.0168521795174406
3.17659043832064
3.3557139905766395
3.5183255184
3.70481192460544
3.836728201546241
4.005890166784001
4.17301876609024
4.33476397449216
4.47862749421824
4.628322312232959
4.798735369922562
4.9463610385305605
5.108388318415361
5.279899545930241
5.438962802690559
5.588148024616962
5.7449186847360005
5.93786167881984
6.0565603760640006
6.224027040000002
6.417564303997439
6.551118059031039
6.715022264896
6.915343127616001
