16.320555205924844
24.553092084069227
33.444254265787585
41.92872917979316
50.46097372699295
58.26226943234661
67.35737528041693
76.54344180356887
84.16306254961209
167.39233985290466
252.37142728760375
335.3803701049675
420.2701862730423
504.55630889778615
587.3195921098293
673.1856839312643
761.7555582749677
842.2388028947746
1007.7720770959942
1178.3518727857424
1346.9785362510902
1521.0759513438552
1674.8382804726173
3350.1894885173574
5055.241235094283
6769.025482482009
8391.725720696113
10113.33450933266
11787.54816138922
13483.220313920789
15114.270699818195
16770.63708647337
18476.1124275451
20159.468993123537
21910.989911434724
23490.97158693484
25181.344529913058
26963.38748108122
28633.472937229977
30266.47869033156
31987.69084109133
33663.34037961291
35276.302370876074
36967.50768101183
38725.268549439905
40431.58021904766
42067.1416692507
43701.65471950381
45394.99995432404
47063.89840433355
48792.72444686811
50482.22273883501
52156.77522421631
53782.069500951584
