0.4994447940751563
0.6769079159307729
0.1957457342124158
0.12127082020683844
0.0009737269929459558
0.6077305676533911
0.07737528041693054
0.8534418035688702
0.06306254961209845
0.8076601470953335
0.07142728760376826
1.0196298950324945
0.22981372695767277
0.04369110221381334
1.380407890170659
0.38568393126433875
4.855558274967734
1.238802894774608
1.4279229040057544
0.9518727857425802
1.3785362510902814
7.27595134385524
7.161719527382729
13.810511482642596
9.241235094283184
41.025482482008556
18.274279303886942
21.334509332660673
13.548161389222514
27.220313920788612
23.729300181807048
49.36291352663102
25.887572454899782
24.531006876462925
44.98991143472449
57.0284130651562
48.65547008694193
51.38748108121945
39.472937229977106
9.521309668441972
29.690841091334732
23.34037961291324
45.69762912392616
36.49231898816652
39.268549439904746
63.58021904766065
17.141669250697305
30.345280496192572
19.000045675958972
32.101595666441426
14.724446868109226
22.222738835007476
14.775224216304196
16.252746637934617
