0.6251539475768872
0.25113930459718503
0.13547767214346607
1.1175622140024686
0.6748622670327222
0.2626288157008858
0.23207341720576835
0.3265856012429822
0.6876068386983718
2.153727772239961
1.9679171486200175
1.218587292493396
2.005290629715944
1.4828594732185252
3.5689986985381665
0.8940596499737694
2.58011619394415
0.645198207398721
13.196446458218134
4.345612545343101
8.63003613126557
18.590917502988987
1.4565693355802978
28.502581544005807
11.705257882063961
46.07257868978559
21.808243139581464
10.930462794116465
40.74490126004457
54.094061673182296
19.363791823046995
15.213415393733158
42.94765680652927
57.89448367010482
49.839677156705875
43.553670498167776
78.80260496235132
39.84187463962735
104.42935572689385
123.22223180025685
86.80530241797169
49.00481927309738
68.45166492693534
17.891326631695847
99.33367947903753
214.49447101225815
56.48376785667642
90.87151479897875
166.01445260908804
23.735154805603088
24.214027406458627
131.50334992585704
86.59734109134297
95.25707520047727
