0.2081774761307429
0.2286599680100423
0.29963461471375297
0.9854773444145408
0.3231100744595494
0.2817114068015485
0.4854131699849944
0.5381802377228979
1.6583767401543525
3.2259399850663044
2.0128123425937474
0.011731419433886003
0.1969627466683619
1.3273608294900896
6.54811563005137
3.6309761251468444
4.699562603242498
0.5979605359677862
11.635593997782735
8.874646552172862
16.83544508181808
5.623905679647578
18.180871905639833
81.35756761608309
75.34687818222937
2.0451466595222882
40.053699899881394
8.930288849212957
15.717669775523973
143.420434528638
129.87308358863447
136.58110574513557
164.02432709019922
168.06535509465903
41.930749959752575
21.235222054296173
45.77991411513358
34.158228157080885
144.7082835377878
200.77077099937378
30.846352612228657
196.0791585885745
107.45619321372214
213.28003479680046
109.8885133025833
1.2130789572838694
265.4553320928244
285.8706738700348
0.47313208134437446
156.622499181045
109.59386833829194
161.91660453133227
136.14417415635398
149.7585915719894
