1.2661796376594072
0.2968661486792321
0.21928551643986793
1.0459945725752746
1.134657002656418
1.0173177379437135
1.3895156029134483
1.4610329567749147
0.9049431806709833
0.32759913148461806
0.7050813695106797
0.48889133253976524
0.10785168865862715
0.7413525344329628
3.5631083990654133
0.09980382328501491
1.0428510190580482
1.059419948846994
10.514639813030271
12.713244607502247
3.2803756921221066
7.202734931048553
13.722037059299737
17.949002396228934
18.157231997838608
16.93512286229452
14.1902928184536
59.135849328644326
65.64412693552367
64.46695454533074
75.86931839072713
0.7201774595778261
17.65550982300192
9.673674769135687
3.2324459612536884
6.424458100227639
79.31926603505053
97.45059271559512
51.70242297974255
28.191949973916053
101.19209130575109
35.91111272625858
119.11232476407167
7.536862836401269
40.81213814174407
35.17511243248009
4.337088258354925
72.5154110257863
116.54059274202154
55.59894477016496
37.64256387796195
7.982554643851472
92.91211388209922
102.20332527030915
