0.08183627375616
0.09219433467904004
0.10248091197695998
0.11353665030399997
0.12405272940544
0.13460797858816004
0.14607806304256002
0.15741595834624
0.16812230473984002
0.28870246594816007
0.41270037278976
0.529250430016
0.6341968946790402
0.7264412001510401
0.8132865269759999
0.8841264784000001
0.9505314023040004
1.0132371177702397
1.1143555414041602
1.20756186943744
1.2953608385766398
1.3681063870566403
1.4334257607577598
1.9256335795840007
2.2561674205593607
2.52156106571776
2.76073378087936
2.97329601589504
3.1768413910041606
3.3853762596966406
3.555595971389441
3.743395317967359
3.92019091478784
4.0886004680294405
4.257573339965441
4.424634841538561
4.580736838543359
4.742304119562241
4.909244952578562
5.07899421317376
5.2479185828889605
5.40363870249984
5.574011241103361
5.7246036670873615
5.892830046231041
6.05664700385536
6.218934698352641
6.39208649195776
6.564098152860163
6.715660785264641
6.8876013317760005
7.062182942538242
7.226453649000962
7.401612124572158
