0.5948009998865871
0.007474142232844372
0.19807250773801144
0.7123271311849209
0.5354021571746586
0.17903673294467382
0.3195815949403027
0.1881027104527675
0.5380755421009553
2.6163165469075693
2.528265772958264
1.1640611802513376
0.5665019947725796
1.201571003391166
6.652363551033318
3.8194449541998665
3.5207525422272283
6.078559801944607
5.1408769555397384
7.486168788994746
1.368073735984808
3.3486807322644836
10.80116439777521
12.14213126493405
13.613075367134115
13.316744384392223
0.11450221372797387
35.34861111551072
34.811692333471
99.14614457661992
40.97137688055773
31.4455561467621
44.779320860085136
10.935137244450743
9.72968201661206
11.296437554618024
82.01688316026775
107.57841890786949
68.70285955566942
5.359570696949959
73.95335174760112
5.987011686760525
87.8560129318721
38.538905011388124
11.682668929497595
9.448392222431721
16.5370837317314
58.36464533492108
110.55310894786817
53.25162446917966
24.64269971858448
17.02796617619606
55.600642892110045
61.16070718132105
