0.5819901028100887
0.10127631530085424
0.36872624145554056
0.19582750423732875
0.17736214693179875
0.05620159779162748
0.6210750428203511
0.499195604266248
0.4620398859241419
0.3714812537812122
0.9026409490940068
3.246883313753642
2.628642240423801
0.8548826797778588
3.5061090740509826
0.2161477339271869
6.2966353775852895
3.7012529254891433
8.835172123850498
1.4136963862852099
10.397038296383244
1.8159894969410288
4.1850305104601375
29.710907690546264
24.747100129895443
2.8668158982172827
16.032695884054192
27.364091955712865
49.8677882296015
12.820649853645591
67.1011879378566
56.97476290028135
61.13662608945015
26.410753009608015
54.442680452091736
61.306868110212235
5.38812387379221
9.914749225474225
59.27605310130821
21.636140063252242
44.54658542068864
78.08143794834905
94.74985211992316
67.42364671493851
57.43864459174074
108.84295050689252
28.72320714340458
13.035429312229098
3.954984229785623
3.9599506188969826
28.250721359705494
56.597111591807334
41.3660756565514
45.50268322220655
