0.06561302742016
0.07393091512576003
0.08215882064896003
0.090206518336
0.09861911175424
0.10711848226816001
0.11650917262335998
0.125332992576
0.13337104000000002
0.22769235410944003
0.31983639646463996
0.341214101728734
0.4817870262374399
0.55474849044736
0.61489184982016
0.67523427645696
0.72416287570176
0.7420244573567949
0.4065944308599068
0.94087827212544
1.0064455529497598
1.07250712740864
1.12926837903616
1.4094945785536208
1.8476986648806404
2.08577371915264
2.2971694596505596
2.498751593536
2.68597485435136
2.8559972489241607
2.762363053747081
3.1880816704
3.3615843722137604
3.5174672412774397
3.67701794504704
3.82157458127104
3.98063788759296
4.13499536057344
4.291778470256641
4.4364154384
4.586162733475841
4.749128819100162
4.127288473972656
5.040671580736001
5.205187494144
4.895589493598801
5.505825725340161
5.66286928742656
5.820337671413761
5.978071944092161
6.134688830364159
6.302959716444161
6.463033028700161
6.614336295959041
