0.7038339471911641
0.2700245797913716
0.038506221210504066
0.2789637305950947
0.45053241122154475
1.057950311908904
0.13898646058061104
0.38003989101490276
0.19533344660199248
1.0827287466957785
1.911547110720619
0.14253553352438075
1.2992457991068704
1.7802528555725416
1.6298240025689665
0.9705738566838136
5.381164078216216
1.8548378925869429
1.5894966647604178
1.4114983757831396
5.879041884840717
3.7574218337715592
15.049073285319537
26.017160295231406
6.0668972675957775
35.839554583623794
3.569077135236512
17.643506121306928
33.859534079359946
26.036037364134245
47.042244045742336
49.575363062693214
45.150760622109374
40.20429298099771
33.01049890935974
26.527435711264843
23.652105731202028
56.06782855565325
72.1517333969714
8.864043691555707
29.05143147774652
86.20640309056034
1.5059716108444263
6.981498635330354
61.99140805818024
100.67877368118207
19.66158090888348
75.7185071040658
38.12565900676418
18.90883870349353
1.2629890803145827
16.01134082952194
3.457814357483585
3.8035957932319437
