0.7034207026591552
0.2693773254215124
0.03690647417538173
0.27633646583653615
0.4468738138822843
1.053204276399903
0.1445988614425744
0.3733668160612069
0.18770165686960638
1.0978348446446944
1.9281539085942825
0.1544135733551002
1.3024053961663071
1.7725581898970404
1.6493397544576283
0.9407425449056745
5.420830106065523
1.9014053611894042
1.644003163641969
1.3579318452516418
5.8345011969724965
3.7840435614587022
15.043122240211233
26.394976875023076
6.764775435853153
35.04072494356387
2.831234608180239
17.03236594079135
34.366620332404636
25.564334091714045
47.57358646877401
48.87573695671017
44.212985439487966
38.98078688739406
34.52179053331565
28.321990154545347
21.620033889845217
58.245892637758516
74.38506533040709
11.03179699379325
27.084894594019715
87.86472751077235
0.34285271866974654
6.436317228559346
62.228572241605434
101.83274500969856
17.558426663534192
72.51459082081419
42.67096458344895
13.043629443374812
8.611119963403326
7.12114002477756
7.087766811462643
7.796543492608908
