0.6996724352637003
0.2708186159142869
0.03645252740381011
0.273996301686644
0.44278367227845195
1.0474059219219711
0.15166719907688275
0.3648447114918554
0.17795547113736632
1.114154298264765
1.9426278976667675
0.16172449633228325
1.300563877916261
1.7611074418107364
1.670103412337653
0.9125607465146004
5.455508960882639
1.9402309898122212
1.6865420844225127
1.3177616981586198
5.801796600567968
3.803808388069001
15.037424083618589
26.625101595166598
7.190125898933729
34.54189435720309
2.3579360578296473
16.64023332078432
34.66523806579062
25.35291920090458
47.731628225370514
48.739567137225094
44.0632791594071
38.79112014756538
34.76581404697572
28.62948169464653
21.251827842064813
58.65695641252751
74.81889441032763
11.458218343959743
26.702982550181332
88.17028913410468
0.167364480359538
6.42967703253089
62.44195461652998
102.30994306517096
16.803156782058068
71.4320189821301
44.15792130876798
11.153960011695744
10.957931463854038
4.294510961990454
10.433771889132913
11.477149078046205
