0.7047913611023056
0.2690298135579461
0.037417197557509496
0.2777185990537845
0.44908127766059636
1.056234740411675
0.1409441293881173
0.37775085118917673
0.19271368946574796
1.088969160227947
1.9196572701114007
0.14947203969461498
1.3025372034186375
1.7783312697044948
1.6378893208950558
0.9568278230896112
5.400627783587197
1.878571169664724
1.6189643435890275
1.3809585705571408
5.8518523137515785
3.776420860355074
15.040171285273573
26.213502367703313
6.439174311610259
35.41248960450412
3.17424884787215
17.31018969523393
34.153268516938624
25.731140239211527
47.4180022369128
49.05704551826784
44.45054540601632
39.296584701351094
34.12051754105414
27.83141112210069
22.190123953070724
57.622530033040675
73.7349368100331
10.391815979972307
27.671427897701506
87.36741337710555
0.6909322149294894
6.59347766864812
62.139889108490024
101.45227207037533
18.24388679843105
73.55644817270513
41.19181027704326
14.955590659825248
6.210510871911538
10.032092536130222
3.6268813278875314
3.989569460676285
