0.5893387714332015
0.32302063912004897
0.04113246224508771
0.23160597611157385
0.3569408939572867
0.9193700463321548
0.3109140877992189
0.1700564787618788
0.046582113210234866
1.491750911233055
2.2624617615739453
0.2876958855806606
1.1737997025250024
1.3543585551845467
2.372115922335297
0.053905914417441636
6.6959192602090525
3.4041325023968056
3.550029967715659
0.8533640312728039
3.402436162961976
6.3745234712716865
12.376641104715418
24.883225088525705
7.476821667758486
32.5928207524621
0.49319962389563443
13.517588796496057
37.57206344285987
23.012639990301977
49.380790448998596
47.919355262161844
44.00842684806776
39.439163824637944
33.521422314370284
26.844698802218772
23.508918883995648
56.022000024782756
71.83228514535585
8.126144817855675
30.374678697819036
84.17262751769158
4.569748464484292
11.26857590272266
67.79417585158808
108.24414349325525
10.271605386828014
64.20465846181469
52.244184535396926
2.2076775725436164
20.889310928891064
6.6824366532455315
22.556385267234873
24.812023793958364
