0.6358292583761127
0.30113950611862705
0.039218323347434136
0.24930972970922483
0.39258626837749944
0.9722481954692341
0.2454350699511565
0.2496954751588163
0.04471418464845556
1.3502934231431993
2.1659579480427453
0.2962533060996293
1.3112201500418337
1.6311684354774911
1.9499988158526094
0.497714924163688
6.010244752332483
2.6088261479440007
2.557005171681908
0.2950791505784309
4.6702247073906165
5.0115599205969374
13.795346002336146
26.0449925241428
7.813327735703751
33.00279933391994
0.3792702615974122
14.597804592143802
36.505540523317904
23.89620958445812
48.76584617025037
48.179270030504995
43.91661612860844
39.00671416536716
34.25425640276444
27.85547769664845
22.256758214261936
57.45840066163146
73.42373108026732
9.845662489136885
28.55655809545351
86.06281370065699
2.611582384968642
9.252442506389343
65.71924212246813
106.10652452208888
12.473747046307835
66.4848258033162
49.86193933492177
4.698844468570314
18.26550790489273
3.909449736303941
19.611053090346104
21.572158399380715
