0.528610799369897
0.35183920184015705
0.04379741623121447
0.20828969564027489
0.30955509953006555
0.848511863319402
0.3992166003345119
0.06178010149777435
0.17169386449783985
1.7100348718678902
2.464451670238958
0.4028297867769197
1.1700548099673256
1.2161149338096493
2.6543842666152386
0.4669566343503675
7.246413152885111
4.068534867141125
4.423560336471041
1.8954845208488678
2.226994341264799
7.660676840095448
11.021747291388465
23.673189601670856
7.053669513096793
32.252596515466394
1.3381472043238318
12.416420485578783
38.69721321156612
22.04859311126529
50.07627716902789
47.60106333626027
44.08139074518476
39.90617162001581
32.69416713298051
25.672339058281068
24.991333385853068
54.29590856813229
69.89685873088456
6.016944593746302
32.613998291020835
81.84564607042557
6.9662089667181135
13.707919886575837
70.25975005787768
110.72322536951106
7.786878089551465
61.71712657807075
54.73492943617748
0.2889999022881966
23.397783643056755
9.2099111753123
25.112358731879795
27.623594605067776
