0.707737340148828
0.22576213709282555
0.07275549734397657
0.8001804476445926
0.31066751506895685
0.19743969961909613
0.41038601865275837
0.24954754420296865
0.6700002345703808
7.787260519367436
11.573685590125223
8.724705812034983
3.830141192923975
1.5334710869132095
2.0567670349742
1.625507902166646
7.542325301576966
10.17615413524436
9.120469680684437
13.155463597556945
2.7027203319619275
2.214923998856193
3.8761550799458746
33.862208183285475
0.9997019255260966
30.02015406281771
37.146358764728575
32.85284824319933
49.43121375468945
8.697688275678956
34.56438655005513
50.1549366736981
36.9591118130229
99.17665666384346
156.75210722255724
100.10379328987256
153.5997035643013
1.8945426473546831
52.261863298077515
51.68000289450356
6.378834182123683
74.88829475504463
79.93208975750895
65.21411504060234
115.41627753327339
6.231587599613704
147.78401689851307
140.1649332911693
65.4598442439601
64.31617915386596
115.21667331193021
130.032440903924
155.5818313176278
171.1400144493906
