17.52773734014883
25.004237862907175
33.567244502656024
41.249819552355405
50.149332484931044
59.0674396996191
66.86961398134724
75.44045245579703
84.77000023457038
175.98726051936742
263.8736855901252
345.12470581203496
424.330141192924
506.1334710869132
586.6432329650257
671.1744920978333
764.442325301577
851.1761541352444
1018.3204696806844
1190.5554635975568
1348.3027203319618
1511.5850760011438
1678.1238449200541
3330.1377918167145
5045.000298074474
6758.020154062818
8447.146358764729
10124.8528482432
11823.431213754688
13464.697688275679
15172.564386550057
16870.154936673698
18465.040888186977
20283.176656663843
22022.752107222557
23648.10379328987
25383.5997035643
26910.105457352645
28541.738136701922
30327.680002894507
31951.621165817873
33714.888294755045
35401.93208975751
36938.7858849594
38570.58372246673
40361.768412400386
42197.78401689851
43872.16493329117
45479.45984424396
47031.68382084613
48662.78332668807
50590.032440903924
52297.581831317635
53976.62939637376
