16.31134051806765
24.545809283922523
33.439217444513346
41.92598959137635
50.460694828873805
58.26437103124653
67.3624071774217
76.5515991176138
84.17393551084116
167.43907806349125
252.4619914362341
335.51482014966507
420.44675731313095
504.77026761001815
587.5655593350124
673.4601041175368
762.0546879733429
842.5567367189253
1008.1194024982768
1178.7188848987737
1347.3568336059172
1521.4593187815215
1675.221793449446
3350.4676326902154
5055.412731742566
6769.168301426453
8391.909610913088
10113.6107919055
11787.936265934542
13483.719616707273
15114.857056077088
16771.279232210094
18476.770034936268
20160.097679915398
21911.544226148424
23491.425297686565
25181.6633169184
26963.544040396897
28633.469497868067
30266.32113443855
31987.38303869675
33662.906913571
35275.77400084125
36966.91316669372
38724.64659293669
40430.97562948518
42066.59671131688
43701.212634814496
45394.710543434136
47063.805131311165
48792.88129465181
50482.66883264797
52157.550057329296
53783.20164887057
