0.5086594819323516
0.6841907160774774
0.20078255548665425
0.1240104086236471
0.0006948288738044539
0.6056289687534715
0.08240717742170034
0.8615991176138067
0.07393551084116723
0.760921936508737
0.1619914362341035
0.8851798503349073
0.05324268686905498
0.17026761001818613
1.134440664987551
0.6601041175368891
5.154687973342902
1.5567367189253218
1.0805975017231049
1.318884898773831
1.7568336059173362
7.659318781521506
6.778206550553932
13.532367309784604
9.412731742566393
41.16830142645267
18.090389086912182
21.610791905499354
13.93626593454428
27.719616707272507
23.142943922914128
48.72076778990595
25.22996506373238
23.902320084602252
45.54422614842406
56.57470231343177
48.33668308160122
51.54404039689689
39.469497868067265
9.678865561454586
29.38303869675292
22.906913571001496
46.22599915874889
37.08683330628264
38.64659293668956
62.97562948518316
16.59671131688083
30.787365185504314
19.289456565864384
32.19486868882814
14.881294651808275
22.668832647970703
15.550057329288393
17.105063062217233
