0.03757580282108719
0.07574704272877109
0.09976096982015999
0.04275610631619188
0.1075744125510409
0.0026871720632675455
0.02804975784389588
0.025667607052329733
0.17106496000000002
-0.435221735913357
-1.4531439403273327
-0.6127076289844235
-0.13037624346222032
0.454771088566573
0.7426413281689601
0.698550122849109
-0.06542702041789827
-0.5907801883446633
1.03514508427264
1.1270998731801605
1.2060151262438403
1.27799226548224
1.3458004554649599
1.83575617784064
2.16251847894016
2.4361615697126404
2.6733558016
2.5490056238060723
3.0982195509760007
3.298251173437441
3.48223665205504
2.9268755370042387
3.84417822443776
4.015124670261761
4.1984403408921604
4.35876186011904
4.5280775731839995
4.710163892797439
4.780885181249222
5.030955691632641
5.199085846620161
2.44790077064606
5.529556012400641
5.699113437698561
5.87617936052224
6.046861983754241
6.21366895181824
6.38158943428864
6.555893960704
6.722960316835841
6.890835001600001
7.06957478723584
7.239896625871359
7.424901257635843
