1.2515462044120387
1.371714085667513
0.9779949129015506
0.21704141728761783
0.6882080128336128
0.017992861884053468
0.513848032444443
0.14797404722766316
1.8258681047022804
9.59525110641954
15.060795371058617
12.08168689662267
10.835678329586983
9.122574765577326
3.830437954553986
1.7642488280924908
1.8830460737915473
6.918435379977041
5.825114241822803
7.590253562353382
16.717470143537184
25.338829249298442
29.38875983398475
34.112444588715334
44.52293115467728
5.23830040566645
0.33377597730031994
78.36561565091506
7.9806996541556146
38.323664743202244
11.11775011769896
74.0905828130526
30.106380291112146
81.97445309793329
12.495843445314677
96.00663700177756
100.10830858306144
36.60810299291188
121.92603530220731
99.8600020564154
84.00193230597506
105.91512010162842
109.8684887318741
82.76007951259817
14.897700214591168
41.89258398798847
22.67503139404289
6.139514021495415
43.07513328045752
1.506459208925662
48.73985175555572
2.3348441394482506
49.395089127108804
54.33459803981969
