0.076450038016
0.08761410561024001
0.09976096982015999
0.11327586459903999
0.12397835355136
0.13709898425344
0.14850972860416004
0.16126585387263997
0.17106496000000002
0.28017966240000003
0.38445952230400005
0.48870166118400005
0.58044406841344
0.6637999640166402
0.7426413281689601
0.81211241545984
0.87725552580864
0.9384556376166397
1.03514508427264
1.1270998731801605
1.2060151262438403
1.27799226548224
1.3458004554649599
1.83575617784064
2.16251847894016
2.4361615697126404
2.6733558016
2.90138623303936
3.0982195509760007
3.298251173437441
3.48223665205504
3.67560062484736
3.84417822443776
4.015124670261761
4.1984403408921604
4.35876186011904
4.5280775731839995
4.710163892797439
4.861862713354239
5.030955691632641
5.199085846620161
5.384345263728641
5.529556012400641
5.699113437698561
5.87617936052224
6.046861983754241
6.21366895181824
6.38158943428864
6.555893960704
6.722960316835841
6.890835001600001
7.06957478723584
7.239896625871359
7.424901257635843
