0.0049940410349549325
0.13080889544004037
0.040900608859551824
0.7865744085238973
0.10525580596450368
0.5494444057943824
1.2139546164437576
2.001028906883775
3.761439556578054
11.405361935981091
16.658310957135228
12.916836182774318
12.56354801170454
5.59245325851748
4.954269616747297
3.9035179484409355
3.784318886869869
9.765907872683329
12.046857907912909
12.928689103691795
0.2226972297780776
3.761086898641679
6.924383279685117
41.092362213546494
8.150429767450987
4.932984681673588
30.496875298611485
61.50846429143712
5.703473493756974
49.5126606385038
58.44489850707032
113.41655473377978
28.636138853518787
36.57473548499547
120.0717768190625
76.0002134663373
46.05362416378193
41.368004939038656
20.080253869051376
21.60604748689002
34.038435621161625
312.76743991058174
136.47324971177295
25.344820102014637
85.04069176226767
202.1286707646941
8.05453387896705
34.21916371093539
31.949314167410193
86.06147360774776
51.67696391456411
63.6593082998661
36.810124305549834
40.49113673610482
