0.038925711616
0.04538195132416
0.052309178944
0.05963364
0.06663584657664001
0.07434303934464
0.08226984265984
0.08992129721344
0.09876286734336003
0.18708877541375998
0.28165352866816
0.3739899778278401
0.4544550320358399
0.5304546836582401
0.6027522401894401
0.65939077202944
0.71226037960704
0.7631042782105599
0.86808128799744
0.93423204762624
1.0043631489126401
1.080651727936
1.1305405410534404
1.5448739905561601
1.8378552478950403
2.08592623165696
2.2883217984
2.4832515348889603
2.6616277973401603
2.85718711142656
3.0092146207974406
3.17307814154496
3.343602416704001
3.5044738565760003
3.64986658181376
3.8019197021414395
3.953925448704
4.12219280537856
4.257645971560962
4.405478599498239
4.582394410147841
4.712761655388161
4.861785098959359
5.00406878290176
5.179200097167359
5.348059557603841
5.47201383536896
5.620480218327041
5.809303134300161
5.95013375266816
6.097778319424001
6.2510160412902405
6.439162032540161
6.569149436439039
