0.3550573137579285
0.15398264063288636
0.17122118722501511
0.548214119998093
0.19057773446859727
0.32240789719088525
0.4075360917460671
0.03459576464756253
0.5257042120196473
1.3586012374216807
1.1373629823621627
0.8690789713808726
1.8367737748907302
1.4674516657797199
3.3537915904396414
4.170405141856463
10.513606867658382
13.449425665795502
8.587376950327666
21.873662662628703
26.9199005382452
4.458463762236988
19.739360827454448
32.21346745575738
6.4076960245656664
53.59990428892797
41.055559074322446
74.29534917771343
157.06390669337088
2.0011101117688668
192.45887162359213
222.5608916110832
138.88740561500526
118.00834772376038
234.99662154452017
258.64138905431537
265.1652887259552
76.9904345401228
245.1727329881469
269.64927147709386
35.394980891869636
182.3639795189738
192.73992554705183
282.5890776633969
12.259287438093452
178.4326965416185
135.9644068248017
188.67590650334023
186.5385782486992
27.277578545719734
69.45351714202843
118.57680457406241
186.51199165792787
205.16319082372067
