0.05159512359936
0.05897359688704
0.06699069121536
0.07488147656703999
0.08362831124735999
0.09253666656256002
0.10109957907456
0.11052060887295997
0.11922822267136002
0.21762747483136002
0.31864308943104
0.4160084881638401
0.5025040491750401
0.58081957807104
0.65394264035584
0.7171406954905601
0.7749266815206401
0.82689778065664
0.9291695275033601
1.0059159237529602
1.0813836908160004
1.1465406833689602
1.2117042796953603
1.6409118099686402
1.9475296587366402
2.21207794779136
2.4106263802086403
2.617250955264
2.80100122660864
2.98946313124096
3.14461275099136
3.3198297616000003
3.4847331615360004
3.654104452669439
3.8045282704000005
3.9628196027622393
4.111051459299841
4.285217957898241
4.4193053835673615
4.576744829155841
4.740617871616
4.89303601963264
5.036562906749441
5.1944317335961605
5.37046882729984
5.505908320675841
5.66286928742656
5.815328391600641
5.993142689628161
6.127280391823363
6.29333084326144
6.4615118360601596
6.62167114481664
6.778108110400002
