0.2337453553764206
0.19556339403962397
0.13540110269434535
0.032454812872217076
0.3523459705900791
0.5958530337723431
0.2644738432980063
0.5170077098803887
0.06288198485708563
1.7181132075720313
2.8381323285149165
1.5611390359202915
1.9497236066696928
1.7323067677401127
1.7849738768651378
1.4281645718268692
1.2236546344986436
0.8452128661461984
12.64207911614335
0.4113404308254758
3.813391758560101
0.47109606522644754
10.896379549255016
39.63223072223809
30.035972656935883
92.60166197530089
49.802598656307964
12.736005119664696
16.045578334422316
79.46275428617446
87.62329171813144
12.457608370932576
3.5032114966052177
82.01129447445419
8.868834171265917
0.92001978929693
83.93028629471155
122.65474587760764
99.00154754864707
61.80742107876722
48.263713539334276
33.26599154405994
80.48811391574418
40.888874437448976
190.79649888076528
24.36421026250173
13.545870057234424
59.508147667511366
155.29835624482803
104.48512457819743
36.8646656935598
40.29620007284393
21.04040844073461
23.144449284808072
