0.03799953745085105
0.4398550914860557
0.2573144907953733
0.28407051815432993
0.3797661222520432
0.2856238513232796
0.904814293910988
0.1464056162602958
0.4934194526204436
0.20092072519926774
2.415565684976343
2.3502798688146527
0.40344189048653334
3.452917561196955
2.688270318497416
2.9593024426246757
3.857194250536736
0.6580510553330896
1.1829222129548498
12.216090222786306
3.3487655228743733
4.886773536060446
1.3827842759005762
4.257721474221398
31.903535639821712
34.103340584859325
8.285997802020574
72.79730689463395
62.610088783312676
52.491489585003364
23.12844628977291
70.02147053482622
84.7085485984062
56.50249412636185
54.775658778788056
69.3443420748008
58.61866419515354
115.18283591842919
111.14673423569911
29.86634150570535
18.8382625378581
12.19344357274531
121.61277116658312
47.04236609394866
18.10302519916877
56.735938300676935
4.432366904031369
66.6138967036095
91.13747849214269
32.185540825004864
55.16840587771003
12.15788785272889
17.166673537627503
18.883340891390255
