0.11449940018176
0.12510878333184
0.13762081833984
0.14868612608256002
0.16170435477504
0.17300674910464003
0.18722582841600005
0.19869769832704
0.21195048100864
0.34009424697600005
0.45995306976255995
0.5711489935359999
0.67277790908416
0.756231987456
0.84007343464704
0.9105342816486399
0.9751230702822402
1.0316026122265602
1.13541129402624
1.23404726477824
1.307930747904
1.3812304263577604
1.45024792805376
1.9390896701440006
2.2676022927360004
2.54105023811584
2.7845303209574404
2.9952477242265605
3.2017347726566396
3.409902014464001
3.58879379468544
3.7655619836313603
3.9414764433510405
4.118334479423999
4.28966397942016
4.457199219264
4.625596518400001
4.78609779631104
4.95168593683456
5.130051049474561
5.28952897048576
5.45432483414016
5.63166815850496
5.78895918785536
5.951164153200639
6.10943139645696
6.281856490314239
6.44202064650496
6.60772935894016
6.7893848237670404
6.9509339866137605
7.129412649216
7.29930824941824
7.47149305377024
