0.030997086425678333
0.4500854053713752
0.24355341650850448
0.30074443314389754
0.3598763423657587
0.3081490943613616
0.8791461242299334
0.11831969680640952
0.4626494489621962
0.25473425024736684
2.490926640337193
2.447971343263305
0.2835208734784942
3.5912630201250977
2.5331510933614254
2.793499995300067
3.686522183231773
0.488990446376647
1.3270519468261455
12.136200799538756
3.342054286669054
4.7494784329935555
1.0701583258687606
8.524085379948247
20.54740287399818
13.70316589777758
21.68063389054805
34.491231034460725
17.06163997035037
103.63023913268444
31.056068160543873
14.558446847633604
29.641208016906603
3.342034389723267
4.6619323570230335
23.07858850516277
16.80361946706762
77.90164904855192
78.60503367425554
57.47206951861517
4.678122763558349
7.556511269824114
137.947811164835
60.97310047198698
30.212631643742498
45.73847180768644
14.970229690770793
55.81018167102593
79.37763969354273
45.75415152504138
39.35979106199375
31.086777185162646
5.316474054743594
5.848121460217954
