0.3860209774839056
0.242587971384026
0.4068392073486464
0.40032343585378527
0.12899945292468118
0.2094779811332046
0.6794614809251982
1.263781934338823
0.5191117546991393
1.5891081030150644
0.08875150039455093
4.42200089059844
3.0324900416877085
4.618301106484921
5.441578048805809
6.773589090752239
3.66468689388239
1.4022314834177223
7.426469386819008
3.2360028067100757
10.908616070391872
18.77399264735186
10.427081360990087
80.99377743362629
81.4012369836928
19.793425573067907
99.32876319440402
26.02284079916717
37.070015746199715
79.61488105012904
89.80496453210435
103.57822092935021
20.872562343764002
95.51994343929255
30.234668332013825
21.10913643486856
124.36635110477073
93.74914181074564
169.69797365612249
146.1441995975656
87.58599916587264
106.8682658351172
210.99783282053977
236.4278852690477
68.83975527076109
117.41998490348487
64.91384423690033
112.5052844610691
67.1697953074181
87.45921602859016
32.50326135686919
69.92826437698386
71.33877735234273
78.47265508757701
