0.08271468032256
0.09151157407744001
0.10083114353663998
0.10923712450815999
0.11926468854784002
0.12842991698944
0.13752942582016
0.14656279035904005
0.15719258421504
0.25386764406784
0.34889530173696004
0.43857877110784
0.51467882988544
0.58630506587136
0.6509572214886401
0.71050873172224
0.7625816303846401
0.8114464051302401
0.8734023568567717
0.9797863930905599
1.04836629528576
1.1106799165439998
1.17345742725376
1.5880032255999998
1.88332366283776
0.4411005523454883
2.0374818972770545
2.5315202920550406
2.7119976680473608
2.0680530000547894
1.9592112987495294
1.218478467931046
3.3879025993753595
1.8666396758505965
3.7006124562457603
3.85785536747776
4.00356559423744
0.9899327101506259
3.968593752768339
4.462477111797759
4.62037432443136
4.770939325504001
4.480344733484298
1.896376504875748
1.1696279825319351
5.378955815157761
5.536428291074562
5.6851726096
5.030545219798625
5.995038640138242
6.154757635586559
6.319584609986559
6.475836030568961
6.635718297725441
