0.34713581293188867
0.11980655523750272
0.3728444664716548
0.1876717534727561
0.5819969390846538
0.41782495957724564
0.08281047142708076
0.40121199311570876
0.4229204788715606
1.2356729927934111
1.3142468472952942
1.1637161549088546
1.5389110668151602
0.7247944534182125
0.06160790289902707
1.6686166910247948
0.6096635892946551
1.6524148421780183
7.956075326126324
1.343124179568349
1.7319231054689226
4.760425671617668
8.995108381398268
23.363933741572055
12.083918612440357
81.50727117899078
51.633066685177255
4.608284706484483
20.220333332808877
86.48130696733642
86.82682411604947
100.1574434818358
29.798311817055946
113.89973599795121
0.9681197586214694
21.712074114253483
68.12066807232259
166.03879750736087
86.18890382399331
50.702495858829934
17.62560556919925
4.857510693080258
96.03103518874559
121.46070927390247
178.86231966015475
14.851329746146803
24.875978676078375
38.87676532854675
117.50584954686929
60.090845458602416
35.41664120317
31.392053338240657
4.87906951810146
5.366976469911606
