allch_pt_fdt_stds1	allch_pt_fdt_stds2	allch_pt_fdt_stds3	allch_pt_fdt_stds4	allch_pt_fdt_stds5	allch_pt_fdt_stds6	allch_pt_fdt_stds7	allch_pt_fdt_stds8	allch_pt_fdt_stds9	allch_pt_fdt_stds10	allch_pt_fdt_stds11	allch_pt_fdt_stds12	allch_pt_fdt_stds13	allch_pt_fdt_stds14	allch_pt_fdt_stds15	allch_pt_fdt_stds16	allch_pt_fdt_stds17	allch_pt_fdt_stds18	allch_pt_fdt_stds19	allch_pt_fdt_stds20	allch_pt_fdt_stds21	allch_pt_fdt_stds22	allch_pt_fdt_stds23	allch_pt_fdt_stds24	allch_pt_fdt_stds25	allch_pt_fdt_stds26	allch_pt_fdt_stds27	allch_pt_fdt_stds28	allch_pt_fdt_stds29	allch_pt_fdt_stds30	allch_pt_fdt_stds31	allch_pt_fdt_stds32
13.02	11.237	11.878	12.685	14.796	10.121	8.807	12.91	6.424	10.84	10.718	8.868	9.074	9.532	12.414	9.207	9.542	6.493	7.472	8.165	9.243	5.982	7.933	8.839	8.131	8.647	8.831	7.475	9.229	10.623	10.835	7.835
12.318	10.169	10.963	11.916	14.078	10.126	8.116	11.465	6.219	9.784	10.057	8.366	8.015	8.457	11.179	8.265	8.609	5.925	6.785	7.329	8.332	5.788	7.43	7.679	7.388	8.257	8.112	7.314	8.348	9.184	9.765	7.555
8.249	7.231	7.63	8.085	9.402	6.788	5.629	7.93	4.397	6.953	6.822	5.744	6.013	5.937	7.97	5.938	6.298	4.08	4.875	5.186	5.887	4.009	5.009	5.603	5.128	5.285	5.628	5.057	5.91	6.673	6.903	5.115
9.15	8.31	8.47	9.21	10.675	8.126	6.37	9.147	5.34	8.255	8.471	6.977	6.763	7.361	9.295	6.913	7.405	4.887	5.45	5.979	7.043	4.83	5.849	6.694	6.066	6.533	6.45	6.319	6.831	7.914	7.715	6.086
10.353	7.542	8.195	8.611	10.003	8.193	6.503	8.661	5.399	7.372	7.935	6.694	6.369	6.77	8.597	6.659	6.954	4.957	5.865	5.855	6.635	4.938	5.981	6.235	5.66	6.188	6.442	6.117	6.411	7.167	7.338	6.343
7.698	6.337	6.68	6.71	8.239	6.397	5.205	7.222	4.185	6.051	6.621	5.372	5.221	5.291	6.828	5.239	5.302	3.942	4.35	4.682	5.15	3.712	4.517	4.953	4.987	5.079	5.135	4.82	5.07	5.79	5.834	5.098
9.012	6.997	7.185	7.621	8.814	7.367	5.513	7.817	4.789	6.346	7.308	5.846	5.687	6.061	7.961	5.72	5.879	4.359	4.841	5.12	6.05	4.233	5.067	5.435	4.884	5.356	5.549	5.424	5.487	6.281	6.638	5.52
12.491	9.705	10.251	10.91	12.611	10.005	8.065	10.59	7.063	9.649	10.386	8.579	8.074	8.545	11.171	8.059	8.351	5.955	6.347	7.05	8.375	6.081	6.996	7.613	6.875	7.606	7.576	7.76	7.744	8.692	8.958	7.703
9.777	7.152	7.802	8.325	9.527	7.383	6.086	8.568	5.284	7.317	7.97	6.74	6.186	6.536	8.669	6.246	6.808	4.618	5.214	5.623	6.269	4.846	5.234	5.929	5.612	5.993	5.681	6.078	6.11	6.934	6.913	6.413
10.156	6.827	7.096	8.137	9.404	7.125	5.516	7.861	5.219	6.857	7.124	5.995	5.96	5.936	7.938	5.647	6.135	4.497	4.754	4.806	5.647	4.102	4.912	5.252	5.061	5.164	5.258	5.434	5.521	6.071	6.365	5.86
9.013	7.093	7.256	7.685	8.912	6.108	4.887	7.485	4.654	7.109	6.958	5.934	6.101	6.022	7.908	5.912	6.214	4.339	4.908	5.124	5.792	4.448	5.272	5.621	5.272	5.666	5.376	6.038	6.402	6.774	7.111	6.36
6.423	4.437	4.525	4.779	5.804	4.359	3.719	4.962	3.232	4.111	4.395	3.965	3.868	3.866	4.919	3.791	3.894	2.934	3.237	3.387	3.884	2.981	3.353	3.416	3.55	3.478	3.819	3.817	3.796	4.289	4.368	4.187
6.306	4.439	4.652	4.86	5.352	4.338	3.802	4.842	3.019	4.171	4.47	3.815	3.556	3.628	4.774	3.566	3.989	2.844	3.219	3.35	4.164	3.192	3.356	3.478	3.326	3.515	3.845	3.651	3.879	3.997	4.265	3.872
5.662	3.957	4.232	4.174	5.225	4.111	3.195	4.476	3.186	4.003	4.287	3.26	3.094	3.474	4.424	3.457	3.842	2.692	3.353	3.27	3.932	3.231	3.355	3.4	3.077	3.59	3.677	3.44	3.505	3.788	4.143	3.675
5.614	3.857	4.333	4.459	5.22	4.227	3.857	4.316	3.033	3.974	4.224	3.468	3.472	3.397	4.299	3.215	3.343	2.833	3.037	3.417	3.487	3.133	3.176	3.496	3.264	3.487	3.929	3.741	3.607	3.627	4.372	4.398
5.966	4.576	4.368	4.813	5.989	4.553	3.692	4.691	3.512	4.363	4.863	3.725	3.834	3.856	5.013	3.889	4.266	3.128	3.461	3.591	3.913	3.298	3.736	3.532	3.569	3.796	4.289	3.857	3.937	4.364	4.77	4.157
4.59	3.395	3.678	3.515	4.239	3.448	2.713	3.74	2.466	2.844	3.227	2.948	2.696	2.899	4.054	2.937	3.05	2.673	2.57	2.762	3.614	2.711	2.828	3.008	2.657	3.538	3.214	3.006	2.79	3.476	3.325	3.57
4.04	3.076	3.303	3.352	3.941	3.334	2.884	3.222	2.472	3.477	3.21	2.726	2.677	2.864	3.98	2.77	2.922	2.663	2.515	2.841	3.26	2.59	2.479	2.75	2.597	3.457	3.538	2.867	3.2	3.177	3.329	2.917
3.495	2.856	3.125	3.165	3.458	3.123	2.296	3.101	2.371	2.907	2.943	2.512	2.384	2.829	3.037	2.652	2.833	2.553	2.415	2.629	3.005	2.376	2.877	2.489	2.496	2.643	3.402	2.6	2.758	2.818	4.024	3.645
4.133	3.383	3.398	3.612	4.402	3.508	3.043	3.718	2.781	3.386	3.673	2.934	3.043	3.337	4.135	3.191	3.416	2.734	2.814	3.399	4.014	3.086	3.16	3.239	3.198	3.953	4.336	3.126	3.301	3.707	3.849	3.843
3.446	2.827	2.942	2.935	3.494	3.184	2.395	3.122	2.405	2.666	2.891	2.504	2.46	2.625	2.976	2.665	3.099	2.529	2.415	2.753	3.203	2.663	2.837	2.811	2.603	2.975	2.921	2.794	2.74	3.016	3.427	2.912
3.986	2.901	3.365	3.356	3.807	3.403	2.953	3.505	2.509	3.162	3.387	3.039	2.737	2.962	3.509	3.173	3.347	2.804	3.089	3.056	3.109	2.952	2.914	3.018	2.791	3.09	3.557	3.035	3.028	3.166	3.522	3.119
2.737	2.701	2.888	2.594	3.058	2.772	2.484	2.487	2.156	2.393	2.382	2.19	2.314	2.471	2.961	2.125	2.213	2.001	2.257	2.248	2.746	2.5	2.623	2.558	2.056	3.108	2.972	2.558	2.506	2.791	2.837	3.298
3.931	2.879	3.119	2.933	3.737	3.197	2.649	3.512	2.139	3.111	2.785	2.63	2.428	2.979	3.403	2.604	2.85	2.577	2.532	2.596	3.695	2.496	2.507	2.431	2.338	3.632	4.068	2.813	2.757	2.745	3.204	3.139
2.972	3.038	3.652	3.042	3.29	2.958	2.618	3.067	2.099	2.369	2.718	2.376	2.325	2.374	2.92	2.479	2.835	2.487	2.562	2.778	3.163	2.921	2.812	2.684	2.528	3.011	3.019	2.622	2.364	2.54	2.869	2.516
4.044	3.034	3.361	3.524	4.065	3.955	3.157	3.169	2.487	2.926	3.443	2.583	2.425	2.862	3.673	3.224	3.23	2.561	2.724	2.938	3.772	3.855	3.085	3.009	2.888	3.462	3.376	2.735	3.315	2.901	3.971	3.833
3.463	2.924	2.78	2.601	3.149	2.959	2.842	2.882	2.03	2.585	2.77	2.35	2.316	2.307	3.18	2.513	2.941	2.496	2.909	2.549	3.162	2.88	2.773	2.741	2.496	3.056	2.963	2.414	2.835	2.429	2.891	2.637
3.274	2.894	2.998	2.569	3.19	2.97	2.648	2.875	2.311	2.928	2.976	2.519	2.492	2.58	3.157	2.725	3.283	2.449	2.804	2.834	3.613	2.502	2.854	2.85	2.85	3.373	4.126	2.573	2.932	2.932	3.213	2.943
3.231	2.863	3.466	3.119	3.108	2.663	2.576	2.902	2.165	2.66	3.294	2.797	2.446	2.725	2.993	2.78	3.094	2.612	2.825	2.938	4.081	3.12	2.972	3.031	2.668	3.473	4.565	2.647	2.754	2.977	3.798	3.477
3.479	2.961	3.321	3.411	3.59	3.496	2.695	3.254	2.613	2.77	3.007	2.599	2.562	3.265	3.119	2.699	2.971	2.893	2.779	2.725	2.844	2.998	2.949	3.01	2.549	3.017	3.309	3.023	2.724	2.994	3.016	3.427
3.693	3.134	3.252	2.978	3.336	3.277	2.864	3.058	2.446	3.014	3.226	2.74	2.695	2.861	3.334	2.779	2.797	2.432	2.728	2.812	3.082	2.873	2.922	2.939	2.612	2.425	3.487	2.719	2.75	2.911	2.964	3.42
3.277	2.772	3.042	2.708	2.881	3.003	2.483	2.634	2.079	2.314	2.601	2.517	2.275	2.878	2.986	2.317	2.763	2.81	2.536	2.544	3.053	2.745	2.699	2.944	2.661	2.716	3.623	2.582	2.391	2.774	2.833	2.89
3.686	2.865	3.203	2.955	3.535	2.815	2.701	3.012	2.51	2.564	3.129	2.856	2.659	2.901	2.972	2.806	2.921	2.761	2.713	2.86	3.823	2.765	2.778	2.671	2.845	3.585	3.981	2.827	2.904	2.78	3.41	3.161
3.702	2.915	3.339	3.205	3.551	3.643	2.656	3.08	2.29	2.898	3.165	2.722	2.818	2.976	3.359	2.793	3.12	2.554	2.815	2.923	3.56	2.717	2.846	3.047	2.935	3.368	3.65	2.852	2.968	3.078	3.518	3.227
3.548	2.805	3.12	2.909	3.507	3.074	2.774	2.948	2.213	2.746	3.132	2.825	2.608	2.73	3.285	2.917	2.943	2.612	2.711	3.004	3.826	3.145	2.836	2.91	2.836	3.077	3.493	2.578	3.01	3.065	3.59	3.082
3.487	2.64	2.367	2.426	2.921	2.649	2.255	2.579	1.959	2.533	2.227	2.357	2.229	2.576	2.369	2.38	2.596	2.118	2.298	2.216	2.861	2.742	2.758	2.318	2.244	2.964	3.383	2.316	2.374	2.32	2.662	2.281
3.301	3.05	2.925	3.021	3.354	2.785	2.76	2.95	2.213	2.806	2.848	2.71	2.43	2.635	3.046	2.716	2.887	2.939	2.559	2.654	3.364	2.631	2.928	3.01	2.643	3.205	2.85	2.722	2.65	3.03	2.922	3.088
3.045	2.482	2.638	2.62	2.837	2.649	2.385	2.821	2.286	2.344	2.885	2.64	2.531	2.832	3.224	2.561	2.559	2.245	2.831	2.39	3.059	2.862	2.69	2.574	2.474	2.523	3.722	2.739	2.519	2.38	2.87	3.649
4.346	3.429	4.003	3.97	4.091	3.653	3.314	3.86	2.712	3.282	3.972	3.062	3.289	3.334	3.946	3.541	3.637	3.093	3.362	3.191	3.807	3.463	3.502	3.928	3.113	3.362	4.082	3.283	3.131	3.521	3.717	4.19
3.677	3.079	3.282	3.178	3.617	3.411	2.749	3.386	2.602	2.81	3.528	3.045	2.844	2.99	3.189	2.657	2.914	2.776	2.837	2.816	3.735	3.22	3.055	3.084	2.77	2.788	3.603	2.753	2.69	2.892	3.764	4.069
3.21	2.75	3.539	2.767	2.993	3.184	2.926	2.983	2.427	2.718	2.673	2.474	2.229	2.829	3.257	2.767	3.097	2.873	3.003	2.776	3.443	2.803	3.184	2.752	2.52	3.25	3.238	2.554	3.008	2.853	3.134	3.378
4.132	2.868	3.459	2.945	3.387	3.489	2.706	3.24	2.515	2.828	2.983	2.452	3.068	2.881	3.472	3.052	3.114	2.91	2.714	3.734	3.01	3.164	3.049	3.258	2.744	3.164	3.523	3.161	2.91	3.769	3.103	3.063
3.116	3.194	3.066	2.807	3.032	3.069	2.879	2.836	2.379	2.532	2.84	2.772	2.391	2.622	3.055	2.876	2.844	2.639	2.487	2.24	3.362	2.442	2.75	2.623	2.58	2.582	2.772	2.655	2.478	2.354	3.211	2.885
3.865	3.051	3.298	3.249	3.551	3.448	3.13	3.728	2.236	2.797	3.077	2.73	2.457	2.896	3.202	2.817	2.777	2.82	3.276	2.596	3.563	2.725	2.483	2.796	2.62	3.388	3.563	2.796	2.725	2.792	3.582	2.62
3.646	2.913	3.8	3.043	3.632	3.258	2.811	3.135	2.335	2.616	3.618	2.602	2.549	2.82	3.407	2.999	3.03	2.587	2.715	2.698	3.919	2.698	2.934	2.801	2.42	3.159	3.94	2.578	2.767	3.033	3.82	3.856
3.485	2.851	2.993	2.947	3.634	3.403	2.808	3.086	2.179	2.863	3.012	2.778	2.34	2.853	2.868	2.705	2.783	3.173	2.573	2.62	3.022	3	2.954	2.898	2.592	3.359	4.146	2.529	2.784	2.843	3.244	3.734
3.678	3.156	3.103	3.273	3.931	3.103	3.012	3.035	2.521	2.966	3.15	2.816	2.814	2.986	3.418	2.734	3.289	2.914	3.007	2.884	3.694	2.928	2.973	3.138	2.732	3.162	3.394	3.071	2.756	2.88	3.119	2.981
3.432	2.875	3.191	3.192	3.197	3.536	2.714	3.158	2.237	2.526	3.093	1.909	2.717	2.812	3.338	2.956	3.283	2.898	2.937	3.251	3.483	3.18	2.764	3.285	2.805	2.907	3.301	2.99	2.736	2.798	3.392	3.4
3.361	2.591	3.005	2.58	3.086	3.071	2.421	3.055	2.113	2.484	2.732	2.67	2.368	2.762	2.941	2.784	2.703	2.659	2.844	2.359	3.538	2.914	2.844	2.658	2.523	3.152	3.192	2.578	2.548	2.812	3.104	2.949
3.476	2.611	2.817	2.789	3.315	2.939	2.873	2.91	2.036	2.747	2.801	2.62	3.003	2.733	2.978	2.436	2.709	3.099	2.363	2.655	3.58	3.086	2.6	2.528	2.622	3.062	3.101	2.604	2.314	2.304	2.907	2.975
3.272	2.982	3.299	2.848	3.582	3.573	2.661	3.049	2.561	3.179	3.107	2.755	2.918	3.005	3.099	3.214	3.146	2.934	2.749	2.939	3.816	2.784	2.959	3.082	2.706	3.356	3.867	2.928	2.718	2.791	3.902	3.257
3.672	2.913	3.463	3.239	3.362	3.367	2.954	3.503	2.43	2.872	2.769	2.422	2.783	2.871	3.156	2.378	3.298	2.418	2.552	2.754	3.539	2.696	2.674	3.213	2.159	3.063	2.856	2.501	2.447	2.63	3.33	2.899
3.904	3.108	3.89	3.117	4.074	3.452	2.928	3.4	2.589	2.922	3.088	2.809	2.884	2.645	3.56	2.472	3.258	2.736	2.891	2.804	3.331	2.891	3.057	3.303	2.837	3.043	3.405	2.78	3.053	3.136	3.724	3.622
3.096	2.646	3.766	2.615	3.322	3.699	3.121	3.221	2.45	2.875	2.898	2.917	2.697	3.05	3.324	2.671	2.971	2.867	2.794	2.591	3.745	2.991	3.176	3.155	2.63	3.047	3.277	2.773	2.91	3.116	3.825	3.603
4.049	3.109	3.275	3.251	3.47	3.211	2.592	2.713	2.28	2.823	2.791	2.804	2.69	2.907	3.327	3.042	3.07	2.589	2.943	2.775	3.622	2.888	2.579	2.68	2.449	2.984	3.302	2.865	2.505	2.63	3.21	2.896
