allch_pt_fdt_stds1	allch_pt_fdt_stds2	allch_pt_fdt_stds3	allch_pt_fdt_stds4	allch_pt_fdt_stds5	allch_pt_fdt_stds6	allch_pt_fdt_stds7	allch_pt_fdt_stds8	allch_pt_fdt_stds9	allch_pt_fdt_stds10	allch_pt_fdt_stds11	allch_pt_fdt_stds12	allch_pt_fdt_stds13	allch_pt_fdt_stds14	allch_pt_fdt_stds15	allch_pt_fdt_stds16	allch_pt_fdt_stds17	allch_pt_fdt_stds18	allch_pt_fdt_stds19	allch_pt_fdt_stds20	allch_pt_fdt_stds21	allch_pt_fdt_stds22	allch_pt_fdt_stds23	allch_pt_fdt_stds24	allch_pt_fdt_stds25	allch_pt_fdt_stds26	allch_pt_fdt_stds27	allch_pt_fdt_stds28	allch_pt_fdt_stds29	allch_pt_fdt_stds30	allch_pt_fdt_stds31	allch_pt_fdt_stds32
19.921	18.239	19.91	20.211	23.964	17.635	16.214	20.799	10.779	15.094	16.045	13.07	13.414	14.53	17.673	13.864	13.953	9.583	10.627	11.404	14.102	9.177	10.906	12.138	11.615	11.595	13.368	10.706	11.753	13	14.926	9.961
19.399	17.473	19.064	18.899	22.489	17.582	15.543	19.73	11.075	15.124	16.756	13.7	13.377	14.483	17.621	13.503	13.754	9.879	10.812	11.13	14.012	9.626	11.176	12.235	10.984	11.81	13.075	10.678	11.235	12.782	13.986	9.929
19.896	18.255	19.606	19.715	23.236	17.775	16.535	20.204	11.459	15.428	16.666	13.499	13.731	14.902	17.608	14.077	14.131	10.276	10.595	11.662	14.026	9.952	11.272	12.314	11.514	12.042	13.202	11.214	11.741	12.903	14.211	10.494
18.685	15.916	16.816	17.821	20.646	16.279	14.406	17.851	10.693	13.9	15.605	12.476	12.22	13.204	16.287	12.508	12.554	8.94	9.748	10.404	12.77	8.894	10.189	11.103	10.146	10.81	11.909	10.979	10.641	11.699	13.293	10.421
17.974	16.446	17.091	17.78	21.201	16.509	14.136	17.7	11.581	14.547	16.369	13.071	13.07	14.218	17.126	13.274	13.248	9.742	10.268	10.901	13.149	9.074	10.916	11.348	10.853	11.735	12.731	11.279	11.474	12.774	13.613	10.987
23.358	20.239	21.227	21.764	25.658	20.438	17.91	22.477	13.274	17.038	18.936	15.126	14.904	16.048	19.646	15.342	15.718	10.889	11.692	12.357	15.136	10.858	12.247	13.267	12.671	13.114	15.05	12.991	12.86	14.386	16.37	12.744
21.597	18.461	19.471	19.468	23.18	18.477	16.185	19.768	12.655	15.999	17.814	14.289	14.349	14.919	18.826	14.41	14.865	10.741	11.4	12.005	14.585	10.158	11.869	12.964	11.832	13.009	14.131	12.84	12.576	14.09	15.794	12.772
17.376	13.494	14.67	15.016	18.006	13.997	12.17	15.389	9.682	12.655	13.914	11.107	10.815	11.891	14.242	10.953	11.757	8.395	9.057	9.16	11.117	7.931	8.916	10.294	9.062	9.61	11.141	9.836	9.425	10.509	11.717	9.216
18.889	15.553	16.366	17.049	20.009	15.934	13.825	17.528	10.415	12.876	14.274	11.257	11.312	12.1	14.964	11.433	12.331	8.318	9.094	9.369	11.625	8.813	9.516	10.851	9.474	10.404	11.383	10.454	9.873	11.026	11.973	10.317
16.877	14.011	14.753	15.213	17.943	13.739	12.299	15.304	9.828	12.4	14.106	11.122	10.819	12.005	13.973	10.785	11.114	8.064	8.589	9.306	11.309	8.32	8.967	10.014	9.064	9.955	11.111	9.862	9.215	10.765	11.553	9.401
16.862	13.481	14.067	14.69	17.483	13.76	11.664	14.547	10.512	12.833	14.476	11.393	11.229	11.929	15.122	11.281	11.226	8.385	8.679	9.589	11.117	8.136	9.498	10.19	9.292	9.965	11.242	10.288	9.744	10.977	11.958	10.525
15.688	11.235	11.855	12.541	14.904	11.621	9.73	12.08	8.411	10.839	11.83	9.762	9.56	10.034	12.519	9.77	9.51	6.643	7.391	7.759	9.363	6.572	7.59	8.499	7.914	8.44	8.861	8.274	8.371	9.276	9.943	8.062
13.643	10.208	10.472	10.989	13.365	10.635	8.81	11.059	6.905	8.769	9.431	7.822	7.31	7.772	9.695	7.598	8.347	5.974	6.257	6.588	7.764	5.74	6.56	7.449	6.533	6.996	7.639	7.323	6.805	7.54	8.3	7.214
11.189	8.904	8.908	9.741	11.467	9.09	7.878	9.898	6.329	8.174	8.811	7.256	6.977	7.604	9.367	6.964	7.443	5.183	5.684	6.351	7.606	5.242	6.181	6.569	6.309	6.639	7.133	6.619	6.314	7.011	7.237	6.286
10.266	8.44	8.887	9.075	10.417	8.631	7.041	8.549	5.871	7.561	8.213	6.651	6.338	6.644	8.269	6.833	7.129	4.938	5.528	5.58	6.5	4.884	5.643	5.815	5.464	5.832	6.899	6.27	5.841	6.308	7.064	6.043
10.308	7.864	8.457	9.034	10.275	8.597	7.923	8.709	5.755	6.823	7.429	6.119	6.098	6.555	7.907	6.257	6.256	4.449	4.875	5.5	6.129	4.621	5.096	5.608	5.316	5.224	6.358	5.421	5.431	5.781	6.677	5.879
10.119	7.762	8.347	8.586	9.903	8.199	7.487	8.86	5.427	6.674	7.442	5.979	5.723	6.516	7.612	6.081	6.392	4.933	4.937	5.202	6.294	4.77	5.339	5.814	5.18	6.11	6.349	5.534	5.571	6.209	6.66	5.689
8.888	7.446	7.169	7.9	8.931	7.16	6.766	7.867	4.989	6.412	7.159	5.616	5.488	6.001	7.648	5.701	6.437	4.573	4.493	5.399	6.223	4.652	4.918	5.44	5.079	5.627	6.155	5.88	5.472	6.426	6.24	5.627
6.983	5.616	5.703	5.805	6.628	5.748	4.909	5.984	3.777	4.525	5.281	4.03	4.337	4.603	5.345	4.32	4.922	3.368	3.848	3.777	4.48	3.289	3.887	4.053	3.945	4.192	4.49	4.085	3.958	4.392	4.668	4.247
7.544	6.02	6.392	6.378	7.445	6.129	5.806	6.339	3.933	4.536	5.024	4.338	4.157	4.21	5.171	4.486	5.092	3.878	3.99	3.957	4.762	3.749	4.069	4.3	4.052	4.471	4.748	3.986	4.106	4.317	5.056	4.262
8.64	6.804	7.179	7.057	8.947	7.093	6.488	7.549	4.756	5.986	6.384	4.778	4.831	5.475	6.254	5.168	5.247	4.27	4.414	4.244	5.277	3.851	4.218	4.69	4.301	4.885	5.832	4.612	4.174	4.885	5.286	4.965
8.971	7.096	7.678	7.871	8.289	7.352	6.272	7.502	4.371	5.096	5.699	4.553	4.629	4.741	5.963	4.842	5.062	3.618	3.719	4.258	4.642	3.762	4.417	3.949	3.911	4.659	4.517	4.069	4.055	4.944	4.91	4.359
9.096	7.481	7.303	7.464	8.315	7.462	6.414	7.74	4.303	5.886	6.019	5.16	4.713	5.15	6.894	4.959	5.604	4.085	4.194	4.14	5.429	3.91	4.059	4.383	4.423	4.415	5.195	4.372	5.029	5.09	5.199	4.532
5.191	4.017	4.544	4.692	5.225	4.37	4.126	4.718	3.051	3.457	4.242	3.35	3.806	3.756	4.026	3.632	4.09	3.592	3.418	3.256	3.289	2.963	3.133	3.363	3.15	3.675	4.715	3.745	3.153	3.113	3.809	3.732
7.887	6.299	6.576	6.826	7.407	6.755	6.374	7.013	4.201	5.026	5.555	4.506	4.887	4.805	5.907	5.138	5.424	4.55	4.33	4.574	5.062	4.222	4.238	4.683	4.029	4.904	6.029	4.484	4.594	4.612	5.136	5.199
6.116	5.121	5.913	5.438	6.405	5.594	5.231	5.375	3.758	4.39	4.914	4.09	3.967	4.222	4.922	4.395	5.313	3.813	3.83	3.962	4.946	3.914	4.039	4.164	3.609	4.361	4.883	3.481	4.061	4.072	4.547	4.525
6.631	5.458	5.776	5.815	6.678	5.74	4.907	6.209	3.979	4.394	4.759	3.797	4.304	4.328	4.908	4.408	4.737	3.891	3.843	3.593	4.44	3.618	3.83	4.128	3.608	4.009	4.25	3.828	4.242	4.04	4.983	4.207
7.277	5.982	6.293	6.329	7.251	6.565	6.089	7.181	4.26	5.048	5.596	4.766	4.786	5.026	5.88	4.776	5.085	4.181	4.202	4.683	4.899	4.009	4.077	4.597	4.348	4.342	5.106	3.788	3.992	4.355	4.676	5.01
6.641	5.517	5.647	5.889	6.574	5.58	4.457	5.776	3.424	4.298	4.532	3.999	3.963	4.031	4.583	3.83	4.991	3.526	3.564	3.905	4.835	3.319	3.623	4.021	3.354	4.935	4.205	3.788	3.891	4.252	4.443	4.006
6.559	5.827	5.837	6.487	6.839	5.8	5.401	6.099	3.86	4.565	5.34	4.379	4.508	4.729	5.212	4.84	5.817	4.099	4.208	4.078	5.143	3.763	4.17	4.089	4.058	4.823	4.672	4.172	4.175	4.323	5.122	4.142
5.178	4.611	4.513	5.067	5.788	4.781	4.217	5.586	2.946	3.616	3.758	3.404	3.398	3.435	4.096	3.66	4.798	3.695	3.521	3.228	4.42	3.455	3.477	3.873	3.823	4.182	4.689	3.594	3.679	4.061	4.593	4.144
7.545	6.066	6.792	7.264	7.327	5.88	5.792	6.127	3.862	4.734	5.403	3.99	4.343	4.546	5.434	4.43	5.056	4.351	3.835	4.152	4.585	3.913	4.638	4.219	4.143	4.18	5.364	3.649	4.099	4.514	4.92	4.842
4.884	4.422	4.487	4.639	5.249	4.772	3.996	4.657	3.167	3.967	4.234	3.591	3.936	4.267	4.402	3.748	5.006	3.749	3.791	3.527	4.942	3.041	3.708	3.623	3.823	4.369	4.129	3.805	3.72	4.198	4.142	3.786
6.151	4.869	5.57	5.151	6.26	5.306	5.146	5.389	3.432	4.024	4.588	4.106	3.91	4.073	4.909	4.468	5.507	3.509	3.825	4.092	4.349	3.444	4.186	3.955	3.784	4.181	4.276	3.905	3.656	3.822	5.088	3.831
6.962	5.711	6.189	5.772	6.526	6.411	5.24	5.767	3.854	4.551	4.61	3.95	4.111	4.457	5.092	4.253	5.791	3.733	3.739	4.096	5.324	3.606	4.222	4.47	3.846	5.262	4.827	4.235	4.694	4.513	5.137	4.516
6.593	5.112	5.945	5.609	5.836	5.721	5.848	5.852	3.877	4.579	4.981	4.143	4.169	4.644	5.151	4.346	4.705	3.868	3.663	3.819	4.655	3.448	3.869	3.586	3.594	4.198	3.938	3.998	3.841	4.324	5.064	3.747
6.596	5.315	5.587	5.939	6.294	5.805	5.322	5.979	4.098	4.29	5.03	3.877	4.138	4.461	5.108	4.199	4.725	4.139	3.734	4.074	4.602	3.582	3.615	4.009	3.806	4.376	4.606	4.27	3.869	4.135	4.824	4.364
5.519	4.585	5.118	5.039	5.778	5.202	4.38	5.175	3.622	3.798	4.369	3.714	4.111	4.197	4.706	3.963	4.283	4.003	3.72	3.901	4.297	3.393	3.553	4.073	3.592	4.016	4.046	3.907	3.921	4.193	4.486	3.704
7.103	5.378	5.923	5.88	6.671	5.831	5.293	6	3.866	4.255	5.101	4.054	4.164	4.45	4.893	4	4.617	3.608	3.448	3.779	3.937	3.271	3.6	3.785	3.607	3.59	4.498	3.431	3.774	3.662	4.389	4.24
6.372	4.679	4.822	4.75	5.364	5.242	4.289	4.961	3.357	3.595	4.229	3.626	3.677	3.497	4.104	3.697	4.151	3.286	3.613	3.214	3.982	3.146	3.53	3.238	3.213	4.054	4.007	3.444	3.135	3.334	3.971	3.748
5.96	4.827	5.889	5.374	5.915	4.968	4.949	5.309	3.472	4.341	4.313	3.84	3.715	4.009	4.251	3.962	4.629	3.698	3.541	3.694	4.112	3.627	3.355	3.693	3.382	4.177	4.756	3.576	3.669	3.684	4.191	4.358
7.918	6.199	6.344	6.663	7.677	6.432	5.709	7.13	4.3	4.967	5.218	4.339	4.339	4.623	5.614	4.369	5.699	3.647	3.939	4.69	5.118	3.482	4.402	4.225	3.68	4.974	4.567	4.282	4.025	4.907	4.882	3.914
5.294	4.652	5.007	4.901	5.677	5.03	4.688	5.398	3.456	4.022	4.416	3.745	4.018	4.3	4.822	4.023	4.23	3.679	3.817	3.568	4.136	3.249	3.914	3.674	3.891	3.588	4.33	3.788	3.363	3.899	4.282	3.92
6.297	4.998	5.504	5.331	5.833	5.528	4.931	5.373	3.778	3.998	4.414	3.802	3.669	4.34	4.673	3.995	4.638	3.273	3.482	3.59	4.401	3.136	3.377	3.697	3.398	4.104	4.671	3.656	3.508	3.999	4.021	3.824
6.638	5.19	5.415	5.615	6.192	5.587	5.045	5.822	3.79	4.417	4.633	4.393	3.631	4.289	4.824	4.014	5.163	3.999	3.975	3.753	4.376	3.832	3.943	4.1	3.873	4.351	4.487	3.76	3.633	4.12	4.741	4.265
6.72	5.56	6.132	5.864	6.529	5.976	5.307	6.335	3.407	4.478	4.54	3.649	3.912	4.154	4.758	3.948	4.971	3.592	3.554	3.311	4.496	3.343	3.577	3.597	3.885	4.858	3.867	3.872	4.243	4.17	4.157	3.872
6.879	5.51	6.004	5.848	6.56	6.043	5.598	6.051	3.577	4.167	4.505	3.624	3.877	4.448	4.804	4.157	4.748	3.955	4.055	3.801	4.654	3.49	4.063	3.988	3.968	4.035	5.225	4.118	3.838	4.221	4.71	4.711
7.463	5.741	6.564	6.254	7.009	6.492	5.699	6.452	4.202	5.061	5.356	4.34	4.488	4.096	5.354	4.536	4.793	3.961	3.808	4.282	4.416	3.677	4.02	4.279	3.917	4.27	4.709	4.031	4.061	4.594	4.916	4.41
6.482	5.684	5.995	5.757	6.622	5.354	5.111	5.866	3.799	4.455	5.059	3.932	3.956	4.462	5.084	4.206	4.545	3.769	3.805	3.788	4.688	3.279	3.321	3.745	3.551	4.269	4.272	3.531	3.817	4.088	4.441	4.078
5.676	4.577	5.196	4.539	5.364	5.034	4.497	4.876	3.412	3.945	4.337	3.725	3.72	3.699	4.439	3.951	4.386	4.387	3.652	3.499	3.91	3.532	3.518	3.721	3.484	3.841	4.789	3.838	3.246	3.689	4.78	4.429
6.458	5.615	5.769	6.448	6.746	6.018	5.016	5.831	4.242	4.969	5.07	4.044	4.142	4.381	4.966	4.517	5.061	4.338	3.666	3.955	4.776	4.103	3.832	4.624	3.89	4.416	5.407	3.732	3.904	4.107	4.468	4.426
5.379	4.471	4.711	4.758	5.986	4.719	4.307	5.504	3.196	3.805	4.014	3.751	3.231	3.922	4.25	3.179	4.839	3.538	3.558	3.42	4.448	3.27	3.488	3.599	3.192	4.332	4.562	3.749	3.558	3.759	3.958	3.828
6.828	5.667	6.657	6.108	6.808	5.999	5.664	6.309	3.633	4.345	4.971	4.169	4.169	4.413	4.873	4.301	5.099	3.591	3.573	3.703	4.506	3.324	3.835	3.83	3.652	4.436	4.783	3.847	3.852	3.928	4.48	4.142
7.736	6.186	6.879	6.725	8.014	6.933	6.441	6.84	3.755	4.028	4.341	3.693	4.047	3.95	4.585	3.944	4.015	3.389	3.328	4.079	3.778	3.569	3.646	3.724	3.6	4.327	4.484	3.461	3.549	4.477	4.298	3.779
5.728	5.767	5.355	5.873	6.827	6.516	5.424	5.597	3.935	4.696	4.739	4.152	4.051	4.759	4.88	4.095	4.465	4.105	3.484	3.555	4.781	3.519	3.636	4.011	3.847	3.587	4.143	3.54	3.894	4.212	4.634	4.178
