allch_pt_fdt_stds1	allch_pt_fdt_stds2	allch_pt_fdt_stds3	allch_pt_fdt_stds4	allch_pt_fdt_stds5	allch_pt_fdt_stds6	allch_pt_fdt_stds7	allch_pt_fdt_stds8	allch_pt_fdt_stds9	allch_pt_fdt_stds10	allch_pt_fdt_stds11	allch_pt_fdt_stds12	allch_pt_fdt_stds13	allch_pt_fdt_stds14	allch_pt_fdt_stds15	allch_pt_fdt_stds16	allch_pt_fdt_stds17	allch_pt_fdt_stds18	allch_pt_fdt_stds19	allch_pt_fdt_stds20	allch_pt_fdt_stds21	allch_pt_fdt_stds22	allch_pt_fdt_stds23	allch_pt_fdt_stds24	allch_pt_fdt_stds25	allch_pt_fdt_stds26	allch_pt_fdt_stds27	allch_pt_fdt_stds28	allch_pt_fdt_stds29	allch_pt_fdt_stds30	allch_pt_fdt_stds31	allch_pt_fdt_stds32
16.951	16.398	16.989	17.782	21.24	15.315	13.6	18.499	9.602	13.792	14.689	12.467	11.737	12.665	16.071	11.965	12.554	8.551	9.405	10.395	12.242	8.31	10.58	10.907	10.405	11.495	11.217	10.645	11.527	13.266	13.618	11.018
18.76	16.335	17.032	18.072	20.672	16.104	13.098	18.482	9.661	14.387	15.189	12.528	12.335	12.797	16.837	12.586	12.906	8.889	10.057	10.759	12.32	8.534	10.65	11.77	11.014	11.501	11.641	11.066	11.777	13.314	14.051	10.441
19.971	16.019	17.529	18.252	21.236	17.174	13.755	18.491	10.124	14.005	15.666	12.762	12.216	12.683	16.464	12.319	12.728	8.766	9.821	10.476	12.17	8.891	10.405	11.294	10.433	11.479	11.595	11.63	11.838	12.899	13.764	11.642
17.798	13.615	15.227	15.512	18.099	14.612	11.907	15.322	9.178	12.816	13.895	11.49	11.2	11.795	15.128	10.976	11.6	8.169	8.972	9.571	11.16	8.22	9.62	10.395	9.438	10.421	10.645	10.496	10.647	11.668	12.485	10.394
23.934	21.162	21.877	23.328	27.515	20.439	17.28	23.551	13.047	18.435	19.459	16.378	16.343	17.287	21.375	16.137	16.642	11.71	12.939	14.165	16.487	11.444	14.081	15.523	14.319	15.107	15.225	14.519	15.643	17.109	17.802	14.571
20.149	14.647	15.452	16.077	18.821	15.285	11.551	16.85	9.18	12.395	13.952	11.463	10.825	11.464	14.723	10.721	11.439	7.726	9.105	9.33	10.876	8.395	9.432	10.272	9.65	10.245	10.491	10.505	10.294	11.473	12.343	10.995
17.591	14.738	15.228	15.878	19.219	15.281	12.243	16.17	9.949	13.817	14.842	11.949	12.119	11.941	15.936	11.765	12.229	8.447	9.52	10.271	11.823	8.833	10.303	11.326	10.094	11.056	11.423	11.374	11.11	12.694	13.18	11.762
19.007	15.28	15.829	16.577	19.55	15.754	12.374	16.681	10.273	13.541	14.927	12.296	11.72	12.118	15.686	11.621	12.326	8.135	9.579	10.025	11.554	8.561	10.118	11.001	10.32	10.736	11.18	11.612	11.656	12.737	13.45	11.75
16.794	12.343	12.847	14.254	16.424	12.933	10.346	13.836	8.741	12.052	13.291	10.989	10.256	10.611	13.891	10.057	10.5	7.398	8.212	8.777	10.253	7.316	8.818	9.702	8.783	9.782	9.817	9.784	9.975	11.035	11.559	9.903
16.659	12.096	12.62	13.583	16.143	12.839	9.866	13.681	8.077	11.226	12.581	9.909	9.685	9.949	12.932	9.709	10.068	7.109	7.976	8.573	9.591	7.414	8.114	9.144	8.521	9.078	9.352	9.751	9.623	10.387	11.2	9.861
17.21	13.324	13.702	14.151	16.994	14.295	10.701	15.121	8.515	12.412	12.951	11.092	10.405	10.55	13.765	10.365	10.863	7.302	8.682	8.627	10.314	7.479	8.86	9.439	8.955	9.592	9.868	10.466	9.874	11.19	11.559	10.552
13.669	10.651	11.244	11.782	13.943	10.83	8.846	12.068	7.504	10.356	11.053	9.052	8.702	8.823	11.481	8.496	8.887	6.194	7.047	7.356	8.612	6.394	7.671	8.165	7.198	7.955	8.195	8.452	8.275	8.945	9.617	8.517
12.947	9.355	9.884	10.645	12.6	9.754	7.771	10.584	6.384	8.597	9.216	7.929	7.439	7.777	9.932	7.342	7.685	5.269	6.021	6.363	7.594	5.768	6.261	7.056	6.446	7.201	7.25	7.422	7.037	8.034	8.245	7.571
10.812	8.289	8.74	9.677	10.865	8.999	7.219	9.463	5.997	8.134	8.86	6.985	6.737	7.234	9.3	6.841	7.276	5.173	5.801	6.167	7.064	5.248	6.013	6.592	6.308	6.751	6.902	7.365	7.171	7.978	8.232	7.647
10.485	8.186	8.423	9.201	10.522	8.581	6.86	8.914	5.805	7.697	8.274	6.442	6.443	6.771	8.477	6.731	6.892	5.071	5.512	5.854	6.557	5.274	5.688	6.28	5.661	6.142	6.564	6.529	6.439	7.133	7.545	7.033
11.37	8.803	9.316	9.69	10.852	9.12	7.651	10.037	5.996	7.561	8.194	6.975	6.576	6.774	9.005	6.705	7.126	4.833	5.537	5.706	6.676	4.937	5.997	6.163	5.904	6.393	6.61	6.335	6.403	7.511	7.437	6.811
9.128	6.703	7.034	7.258	8.584	6.691	5.568	7.19	4.453	5.858	6.576	5.133	5.045	5.162	6.951	5.277	5.318	4.262	4.602	4.999	5.411	4.192	4.876	4.785	4.922	4.992	5	5.431	5.23	5.599	6.179	5.49
7.357	5.688	6.096	6.393	6.887	5.771	5.044	6.481	4.135	5.774	5.572	5.001	4.819	5.487	6.414	4.889	5.485	3.799	4.378	4.217	5.273	4.105	3.893	4.756	4.318	4.666	4.783	4.582	4.542	5.106	5.318	5.024
7.362	6.577	6.661	6.971	7.864	6.315	5.512	7.133	4.542	5.684	6.709	4.826	4.78	5.346	6.776	5.27	5.827	4.049	4.427	4.755	5.171	4.055	4.563	4.862	4.429	4.856	5	5.157	4.896	5.669	6.071	5.185
8.731	7.213	7.273	7.486	9.043	7.115	5.869	7.765	4.94	6.208	7.356	5.489	5.637	5.93	7.21	5.834	5.982	4.874	4.811	5.107	5.885	4.678	4.905	5.341	5.161	5.375	5.563	5.649	5.549	5.63	6.245	5.97
6.392	4.726	5.468	5.375	6.514	5.223	4.901	5.88	3.329	3.742	4.727	3.634	3.717	3.958	4.61	3.981	4.016	3.236	3.579	3.346	4.044	3.409	3.691	3.921	3.472	3.51	3.728	4.097	3.582	3.927	4.394	3.983
6.183	4.962	5.491	5.595	6.474	5.531	4.762	5.801	3.901	4.92	5.569	4.791	4.323	4.461	5.595	4.137	4.527	3.333	3.556	3.701	4.476	3.638	3.797	4.116	3.859	4.11	4.436	3.948	4.236	4.573	4.691	4.516
6.13	4.805	4.955	4.939	5.83	5.016	3.941	5.117	3.639	4.55	4.892	4.144	4.076	4.077	5.096	3.751	4.241	3.039	3.261	3.66	3.738	3.265	3.402	3.936	3.523	3.912	3.997	4.012	3.856	3.991	4.577	3.914
10.223	7.858	7.963	8.666	9.325	8.488	6.831	8.528	4.462	5.383	6.162	5.233	5.076	5.262	6.583	5.239	5.581	3.985	4.318	4.821	5.35	4.394	4.694	4.823	4.69	4.496	4.958	5.188	4.962	5.332	5.719	5.379
7.5	5.832	5.806	5.886	6.916	6.728	4.735	6.037	3.376	4.592	4.953	4.551	3.716	4.272	5.272	3.869	4.257	3.112	3.511	3.669	4.377	3.222	3.847	3.688	4.006	3.554	4.027	3.872	4.228	4.208	4.71	4.337
6.486	5.617	5.926	5.811	7.37	5.902	4.787	5.85	3.972	5.193	5.862	4.519	4.587	4.835	5.931	4.793	5.245	4.396	4.034	4.272	4.76	4.047	4.239	4.571	4.25	4.288	4.912	4.875	4.828	4.729	5.22	5.512
7.9	5.546	6.465	6.738	7.197	6.607	5.242	6.658	4.295	5.073	4.92	4.14	3.998	4.268	5.75	4.029	4.995	3.633	3.681	4.249	4.375	3.38	3.73	4.27	3.87	4.435	4.303	4.277	4.239	4.481	4.465	4.412
6.3	4.869	5.09	5.487	5.725	5.443	4.352	5.26	3.079	4.137	4.471	3.654	3.886	3.875	4.583	4.004	4.026	3.191	3.629	3.569	3.907	3.229	3.731	3.672	3.61	3.704	3.973	3.666	3.972	3.754	4.37	3.74
6.277	5.807	5.672	5.723	6.434	5.795	4.29	5.893	3.546	4.221	5.171	4.07	4.104	4.204	5.306	4.1	4.362	3.658	3.813	3.738	4.055	3.344	3.84	3.822	3.569	3.619	4.177	4.086	3.896	4.103	4.729	4.234
6.229	6.005	5.496	5.879	6.679	5.625	4.769	6.459	3.875	4.846	5.387	4.297	4.222	4.787	5.725	4.545	4.904	3.939	3.898	3.9	4.404	3.602	4.173	4.372	4.011	4.343	4.401	4.777	4.464	4.448	5.143	4.708
5.066	4.733	4.491	5.084	5.848	4.795	4.122	5.092	3.229	4.146	4.747	3.902	3.678	3.872	4.709	3.962	4.185	3.095	3.583	3.697	3.931	3.541	3.603	3.807	3.409	3.444	3.639	3.753	3.606	3.864	4.372	3.912
5.79	4.362	4.73	4.821	5.718	4.904	4.149	4.857	3.128	3.953	4.12	3.81	3.432	3.558	4.465	3.79	4.18	3.471	3.625	3.636	4.061	3.26	3.535	3.599	3.295	3.687	3.409	3.414	3.535	4.032	3.804	3.858
6.498	5.19	5.934	5.921	6.951	5.652	4.81	5.88	4.074	4.881	5.324	4.333	4.359	4.496	5.884	4.673	4.789	3.801	4.029	4	4.672	3.867	4.219	4.605	4.137	4.53	4.464	4.482	4.256	5.037	5.365	4.917
5.783	4.43	5.345	4.94	5.334	4.871	3.976	5.077	3.507	4.31	4.524	3.88	3.78	4.107	4.735	3.914	4.367	3.168	3.594	3.625	4.068	3.48	3.811	3.705	3.689	3.586	3.874	3.729	3.583	3.978	4.297	3.873
6.4	5.478	5.679	6.075	6.955	5.831	4.727	6.28	3.641	4.702	5.24	4.277	4.204	4.135	5.492	4.006	4.38	3.439	3.639	3.766	4.194	3.163	3.888	4.146	3.555	4.378	4.142	3.912	3.54	4.47	4.682	4.194
5.66	5.293	5.496	5.413	5.855	5.574	4.619	5.518	3.608	4.704	4.996	4.184	4.182	4.665	5.065	4.128	4.539	3.694	3.932	3.71	4.489	3.738	3.86	4.117	3.445	4.013	4.106	4.268	4.118	4.201	4.593	4.454
8.427	7.081	8.045	7.379	8.582	7.227	6.497	8.318	3.738	4.597	4.898	3.882	4.094	4.506	5.196	4.317	4.492	3.619	3.616	3.744	4.392	3.412	3.778	3.888	3.792	3.468	4.086	4.067	4.041	4.488	4.43	4.092
5.61	4.795	5.21	5.452	5.833	4.84	4.038	5.388	3.424	4.516	4.676	3.951	3.799	4.025	4.873	3.992	4.185	3.251	3.639	3.556	4.124	3.514	3.704	4.186	3.587	4.179	3.904	3.816	4.026	4.557	4.53	4.35
5.977	5.686	6.351	5.918	6.822	5.6	4.92	6.216	3.846	4.821	5.382	4.427	4.444	4.676	5.851	4.659	5.023	3.983	4.259	3.993	4.733	3.555	4.259	4.277	4.032	4.361	4.255	4.299	4.582	4.644	4.842	4.382
7.1	6.012	6.401	6.681	7.409	6.336	5.476	6.462	3.882	5.213	5.248	4.59	4.302	4.547	5.828	4.658	5.115	3.614	4.138	4.15	4.688	3.667	4.822	4.115	3.925	4.423	4.319	4.162	4.423	4.65	5.139	4.485
5.93	5.641	5.139	5.265	6.055	5.297	4.557	5.652	3.264	4.284	4.396	4.312	3.786	4.011	4.669	3.966	4.059	3.2	3.011	3.581	4.019	3.183	3.818	3.875	3.998	3.845	3.576	3.624	4.22	4.234	4.414	4.073
5.564	4.507	5.024	4.891	5.513	4.729	4.292	5.033	3.667	4.157	4.304	3.998	3.917	3.908	4.936	4.14	4.261	3.678	4.164	3.509	4.044	3.291	3.621	3.683	3.46	3.713	3.459	3.879	3.621	3.983	4.429	3.84
4.444	3.72	4.102	4.244	4.713	4.189	3.387	4.134	3.191	4.268	4.605	3.593	4.087	3.822	4.56	4.157	4.923	3.534	3.617	3.574	3.859	3.473	3.737	3.826	3.498	3.619	3.748	3.76	3.799	4.091	4.684	4.006
8.058	5.726	6.261	6.273	7.426	6.218	5.065	6.503	3.423	4.503	5.041	4.241	3.845	4.223	5.235	4.196	4.415	3.394	3.718	3.828	4.143	3.993	3.929	3.76	3.955	3.914	3.954	3.964	4.117	4.399	4.407	4.393
5.508	4.436	5.133	5.082	5.562	4.172	3.799	4.503	2.906	3.659	3.865	3.125	3.236	3.311	4.219	3.156	3.319	3.018	3.014	3.335	3.683	2.823	3.24	3.756	2.985	3.178	3.243	3.374	3.232	3.642	3.66	3.481
7.59	5.064	5.718	5.684	6.447	6.11	4.93	5.523	3.574	4.813	4.533	3.899	4.099	3.89	5.198	3.94	4.518	3.454	3.833	3.599	4.149	3.243	3.916	4.167	3.721	3.661	4.293	4.105	4.203	4.329	4.64	4.281
6.346	4.217	4.918	4.63	5.595	5.147	4.382	5.149	3.175	3.466	3.728	3.474	3.407	3.33	4.149	3.392	3.622	3.021	3.233	3.213	3.362	3.122	3.228	3.404	2.999	3.14	3.112	3.131	3.663	3.247	3.466	3.275
6.457	5.069	5.513	5.529	6.165	4.963	4.639	5.786	3.425	4.196	4.869	3.805	4.156	4.172	5.106	4.237	4.663	3.637	3.588	3.692	4.147	3.58	3.645	4.06	3.589	3.619	3.696	3.739	3.905	3.994	4.336	4.018
7.378	5.143	5.843	5.779	6.938	5.618	4.588	5.914	3.416	4.487	4.774	4.085	4.065	4.146	5.269	4.056	4.583	3.536	3.89	4.01	4.239	3.453	3.914	3.986	3.694	4.007	4.314	4.159	4.075	4.195	4.817	4.448
6.766	5.372	6.22	6.234	6.988	6.277	5.265	6.182	3.747	5.062	5.288	4.326	4.244	4.276	5.719	4.588	4.835	3.37	4.288	4.091	4.381	3.747	4.172	4.838	3.991	4.291	4.341	4.216	4.184	4.643	4.963	4.609
6.295	5.663	5.452	5.869	7.049	5.571	4.838	6.214	3.961	5.194	5.434	4.947	4.549	4.633	5.611	4.798	5.008	4.664	4.421	4.418	4.902	4.148	4.229	4.645	4.171	4.16	4.539	4.47	4.777	4.868	5.186	5.159
7.371	5.925	6.542	6.128	7.268	6.449	5.48	6.393	4.025	5.187	5.584	4.394	4.583	4.622	6.209	4.645	4.894	4.099	4.537	4.263	4.894	3.799	4.392	4.281	4.261	4.125	4.797	4.035	4.302	4.538	4.82	4.517
5.652	5.167	5.08	4.957	5.908	5.016	4.373	5.571	3.656	4.731	4.473	3.711	4.05	3.826	5.171	3.927	4.171	3.608	3.65	3.991	3.793	3.317	3.675	3.891	3.566	3.708	3.724	3.849	3.692	3.963	4.465	3.758
6.427	5.42	5.303	5.452	6.169	5.207	4.534	5.79	3.612	4.638	4.699	3.882	4.031	4.151	5.392	4.14	4.677	3.764	3.786	4.108	4.78	3.651	4.3	4.094	4.043	4.122	4.364	3.891	4.19	4.246	4.479	3.968
6.371	4.952	5.396	4.738	6.068	5.035	4.205	5.195	3.356	4.11	4.26	3.917	4.01	3.959	4.527	3.743	3.873	3.305	3.526	3.447	3.926	3.146	3.701	3.617	3.317	3.719	3.724	3.727	3.687	4.078	4.272	4.236
