allch_pt_fdt_stds1	allch_pt_fdt_stds2	allch_pt_fdt_stds3	allch_pt_fdt_stds4	allch_pt_fdt_stds5	allch_pt_fdt_stds6	allch_pt_fdt_stds7	allch_pt_fdt_stds8	allch_pt_fdt_stds9	allch_pt_fdt_stds10	allch_pt_fdt_stds11	allch_pt_fdt_stds12	allch_pt_fdt_stds13	allch_pt_fdt_stds14	allch_pt_fdt_stds15	allch_pt_fdt_stds16	allch_pt_fdt_stds17	allch_pt_fdt_stds18	allch_pt_fdt_stds19	allch_pt_fdt_stds20	allch_pt_fdt_stds21	allch_pt_fdt_stds22	allch_pt_fdt_stds23	allch_pt_fdt_stds24	allch_pt_fdt_stds25	allch_pt_fdt_stds26	allch_pt_fdt_stds27	allch_pt_fdt_stds28	allch_pt_fdt_stds29	allch_pt_fdt_stds30	allch_pt_fdt_stds31	allch_pt_fdt_stds32
6.908	6.03	6.354	6.632	7.981	5.468	4.976	6.787	3.527	6.046	5.762	5.094	4.93	5.946	7.104	5.042	5.347	4.041	4.318	4.891	5.616	3.483	5.181	5.151	4.863	5.144	4.883	4.283	5.477	5.798	5.832	4.315
6.505	5.188	5.785	5.834	6.61	5.073	4.385	5.94	3.351	5.159	4.841	4.39	4.331	4.743	5.672	4.572	4.448	3.344	3.69	3.904	4.285	3.02	4.241	4.207	4.13	3.991	3.873	3.549	4.148	4.744	4.947	3.954
8.239	6.834	6.976	7.611	9.154	6.115	5.19	7.205	4.319	6.669	6.547	5.5	5.694	5.828	7.637	5.699	6.044	4.225	4.521	4.92	5.89	3.993	4.823	5.456	5.095	5.317	5.235	5.124	5.65	6.245	6.369	5.031
7.554	5.419	6.109	6.184	7.4	5.612	4.61	5.894	3.67	5.178	5.663	4.86	4.575	4.987	6.282	4.848	5.204	3.89	4.034	4.264	5.071	3.54	4.305	4.889	3.927	4.727	4.874	4.474	4.605	5.039	5.16	4.287
6.808	5.036	5.669	5.958	6.872	5.103	4.498	5.937	3.456	5.078	5.63	5.009	4.232	4.558	5.812	4.487	4.66	3.595	3.893	4.003	4.87	3.606	4.306	4.386	4.075	4.726	4.27	4.409	4.379	5.184	5.307	4.405
10.17	7.357	8.144	8.564	10.319	7.79	6.093	8.29	4.898	7.367	7.692	6.446	6.174	6.224	8.248	5.856	6.268	4.599	4.944	5.204	6.22	4.454	5.555	5.709	5.817	5.626	5.996	5.597	5.99	6.578	7.08	5.868
8.613	6.808	6.807	7.409	8.189	6.855	5.265	6.749	4.604	6.191	6.83	5.746	5.424	5.621	7.281	5.501	5.632	4.098	4.335	4.978	5.721	4.393	5.123	5.05	4.979	5.273	5.424	5.613	5.723	5.916	6.333	5.657
10.165	7.944	8.356	8.393	10.614	8.452	6.203	8.699	5.297	7.551	8.552	6.357	6.536	6.668	8.737	6.124	6.586	4.424	5.141	5.713	6.207	4.648	5.661	6.038	5.579	5.928	6.032	6.201	6.092	6.738	6.941	6.089
8.248	5.93	5.683	6.7	7.407	5.769	4.719	5.954	4.038	5.546	6.01	4.847	4.937	5.07	6.211	4.928	5.186	3.785	4.034	4.15	4.704	3.791	4.228	4.51	4.284	4.624	4.331	5.036	5.009	5.42	5.499	5.115
7.475	5.622	5.647	6.229	7.398	5.605	4.649	6.241	4.157	5.539	5.864	5.119	5.002	5.135	6.61	5.285	5.325	4.076	4.35	4.353	5.208	4.021	4.43	4.788	4.442	4.729	4.79	4.629	5.007	5.357	5.49	5.239
6.36	5.016	4.351	5.016	5.681	4.578	3.898	4.862	3.099	5.363	4.543	4.322	4.015	3.863	5.358	3.828	4.116	3.02	3.347	3.598	4.067	2.945	3.516	3.877	3.664	3.667	3.595	3.729	4.348	4.452	4.391	4.029
6.439	4.404	4.999	4.544	5.873	4.319	3.441	4.954	2.94	4.412	4.535	3.912	3.766	3.981	4.639	3.826	4.09	2.95	3.409	3.644	3.71	3.125	3.534	3.964	3.398	3.451	4.061	3.776	3.914	4.43	4.691	4.835
4.161	2.986	3.585	3.336	3.942	3.268	2.736	3.35	2.339	3.251	3.452	2.775	2.776	2.847	3.44	2.972	2.819	2.425	2.267	2.508	3.132	2.304	2.772	2.869	2.501	3	2.86	2.954	2.627	3.177	3.124	3.286
5.426	3.748	4.014	4.039	5.096	4.186	3.096	4.395	2.834	3.827	4.188	3.511	3.258	3.395	4.158	3.599	3.52	2.795	2.908	2.969	3.424	2.834	2.913	3.029	2.875	3.52	3.476	3.258	3.23	3.439	3.897	3.508
3.473	2.223	2.789	2.939	3.078	2.58	2.421	2.691	2.124	2.561	2.755	2.511	2.363	2.596	2.744	2.786	2.477	2.319	2.414	2.452	3.223	2.551	2.506	2.793	2.193	2.622	3.106	2.532	2.282	2.622	2.783	2.815
4.147	2.886	3.169	3.211	3.488	2.872	2.928	3.248	2.298	2.95	3.019	2.904	2.485	2.837	3.21	2.911	2.922	2.507	2.584	2.694	3.54	2.536	2.88	2.584	2.659	2.621	3.611	2.681	2.701	2.957	3.037	2.909
3.557	2.529	3.012	2.92	3.13	2.382	2.201	2.735	1.89	2.492	2.674	2.384	2.24	2.395	2.842	2.544	2.472	2.103	1.985	2.321	3.107	2.418	2.381	2.286	2.185	2.623	3.531	2.322	2.437	2.595	2.847	3.04
3.577	2.753	2.64	2.918	3.506	3.043	2.289	2.966	1.921	2.534	2.641	2.543	2.528	2.509	3.603	2.308	2.709	2.108	2.563	2.527	2.436	2.51	2.342	2.416	2.366	3.447	3.34	2.392	2.522	2.565	3.185	2.909
3.07	2.446	2.517	2.542	3.09	2.754	2.276	2.761	1.883	2.451	2.49	2.231	2.411	2.569	2.578	2.221	2.441	2.16	2.206	2.303	2.714	2.446	2.083	2.127	2.38	2.48	2.66	2.344	2.355	2.456	2.801	3.025
2.961	2.413	2.524	2.508	2.492	2.584	2.254	2.464	2.038	2.148	2.401	2.291	2.119	2.267	2.511	2.388	2.681	2.168	2.379	2.388	3.009	2.237	2.306	2.327	2.066	3.13	3.334	2.344	2.238	2.267	2.865	2.376
2.758	2.327	2.28	2.74	2.877	2.436	2.161	2.477	1.764	2.061	2.52	2.13	2.027	2.35	2.514	2.539	2.447	2.65	2.328	2.244	2.669	2.976	2.158	2.141	2.112	2.987	3.346	2.13	2.113	2.474	3	3.278
3.149	2.508	2.667	2.346	3.164	2.751	2.339	2.531	2.01	2.4	2.52	2.411	2.241	2.47	2.883	2.613	2.563	2.328	2.389	2.423	3.306	2.671	2.387	2.409	2.516	2.911	3.138	2.418	2.481	2.786	2.79	2.867
2.822	2.716	2.694	2.689	2.899	2.797	2.24	2.566	2.314	2.445	2.536	2.494	1.976	2.329	3.128	2.659	2.796	2.309	2.414	2.703	3.106	2.647	2.687	2.626	2.509	2.846	2.937	2.395	2.549	2.61	2.833	2.841
2.409	2.415	2.384	2.356	2.575	2.351	2.333	2.653	1.691	2.335	2.057	2.084	1.874	2.136	2.75	2.5	2.062	1.992	2.094	2.243	2.363	1.984	2.183	2.167	2.079	2.423	3.001	2.096	2.143	2.052	2.609	2.538
2.765	2.461	2.571	2.613	2.628	2.528	2.231	2.588	1.749	2.386	2.454	2.562	2.523	2.693	2.889	2.723	2.584	2.413	2.427	2.442	3.058	2.493	2.7	2.405	2.371	2.809	3.317	2.12	2.333	2.354	2.713	2.385
2.76	2.474	2.731	2.476	2.405	2.771	2.607	2.406	1.972	2.309	2.803	2.371	2.38	2.628	2.743	2.854	3.151	2.293	2.111	2.472	3.402	2.822	2.638	2.426	2.267	3.254	3.919	2.527	2.624	2.39	3.82	3.076
2.645	2.072	2.628	2.194	2.545	2.217	2.038	2.115	1.828	2.331	1.99	2.213	2.23	2.372	2.502	2.552	2.667	1.956	2.556	2.484	2.7	2.558	2.307	2.403	2.132	2.262	3.146	2.429	2.256	2.195	2.844	2.634
2.955	2.441	2.587	2.44	2.788	2.549	2.153	2.719	1.74	2.804	2.129	2.523	2.331	2.272	2.904	2.563	2.93	2.622	2.517	2.79	3.064	2.376	2.395	2.517	2.226	3.076	2.327	2.103	2.778	2.376	3.083	3.109
2.926	2.487	2.983	2.511	2.768	2.518	2.147	2.549	1.946	2.358	2.333	2.314	2.089	2.565	2.58	2.25	2.773	2.664	2.398	2.305	2.916	2.544	2.28	2.268	2.133	2.494	2.854	2.201	2.258	2.049	2.759	2.361
3.08	2.298	2.855	2.392	2.715	2.724	2.314	2.512	2.134	2.22	2.286	2.204	2.358	2.608	2.563	2.494	2.537	2.525	2.565	2.746	3.593	2.965	2.539	2.748	2.401	2.492	3.314	2.388	2.323	2.446	3.093	3.453
3.007	2.535	2.796	2.454	2.757	2.768	2.188	2.742	2.023	2.284	2.545	2.135	2.404	2.516	3.116	2.623	2.864	2.61	2.756	2.593	3.628	2.633	2.321	2.574	2.262	3.257	3.783	2.116	2.492	2.397	3.252	2.727
2.857	2.508	2.427	2.401	2.873	2.634	2.139	2.386	2.068	2.247	2.65	2.264	2.386	2.592	2.872	2.465	2.618	2.267	2.451	2.426	3.132	2.685	2.471	2.496	2.247	2.689	3.495	2.246	2.138	2.489	2.544	2.694
2.905	2.25	2.752	2.489	2.582	2.649	2.446	2.511	1.991	2.097	2.461	1.957	2.031	2.378	2.927	2.339	2.521	2.494	2.578	2.254	3.346	2.774	2.401	2.654	2.209	3.441	3.409	2.362	2.307	2.525	2.762	2.744
2.975	2.469	2.819	2.622	2.881	2.667	2.318	2.865	2.089	2.519	2.6	2.414	2.5	2.265	2.888	2.543	2.983	2.626	2.565	2.678	3.359	2.413	2.586	2.832	2.564	2.764	2.947	2.651	2.632	2.422	2.743	2.822
2.694	2.568	2.635	2.251	2.615	2.666	2.452	2.613	1.954	2.251	2.223	2.496	2.461	2.424	2.948	2.482	2.761	2.492	2.657	2.372	3.149	2.513	2.515	2.524	2.246	3.048	2.999	2.623	2.324	2.183	3.273	2.934
3.119	2.613	3.005	2.509	3.037	2.754	2.63	2.694	2.133	2.636	2.71	2.761	2.349	2.521	2.754	2.837	2.65	2.585	2.713	2.651	3.26	2.753	2.59	2.69	2.827	3.526	3.835	2.57	2.702	2.581	3.703	3.56
3.09	2.226	2.867	2.479	2.777	2.682	2.568	2.612	2.229	2.522	3.094	2.639	2.584	2.779	2.76	2.563	2.836	2.718	2.693	2.61	3.949	3.223	2.944	2.508	2.527	3.407	3.901	2.462	2.677	2.443	3.382	3.926
2.959	2.535	2.887	2.543	2.982	2.5	2.637	2.56	2.162	2.381	2.662	2.264	2.278	2.435	2.882	2.42	2.763	2.742	2.547	2.812	3.376	2.79	2.509	2.823	2.293	3.048	3.404	2.508	2.444	2.402	2.855	2.991
2.855	2.269	2.853	2.61	2.589	2.914	2.764	2.537	2.226	2.252	2.588	2.057	2.28	2.684	3.111	2.461	2.9	2.484	2.588	2.812	2.845	2.879	2.824	2.682	2.555	3.222	3.076	2.465	2.738	2.315	2.886	2.8
2.98	2.268	3.031	2.493	3.043	2.511	2.489	2.549	2.057	2.755	2.672	2.508	2.332	2.637	2.54	2.376	2.363	2.737	2.403	2.38	2.804	2.676	2.305	2.397	2.04	3.231	3.633	2.226	2.335	2.47	2.537	2.274
2.872	2.733	2.802	2.708	2.608	2.606	2.478	2.601	2.131	2.626	2.892	2.194	2.174	2.745	3.035	2.631	3	2.483	2.533	2.868	3.328	2.825	2.595	2.816	2.528	3.801	3.88	2.454	2.75	2.779	3.182	3.235
2.856	2.549	3.043	3.034	2.783	3.022	2.447	2.72	2.029	2.367	2.641	2.375	2.343	2.482	3.122	2.506	2.632	2.524	2.657	2.681	4.367	3.231	2.725	2.728	2.652	3.298	3.504	2.079	2.661	2.163	3.332	2.925
3.409	2.933	2.999	2.789	3.119	3.138	2.707	2.636	2.065	2.267	2.949	3.068	2.423	2.831	2.978	2.607	2.673	2.615	2.902	2.788	3.344	2.611	2.923	2.891	2.876	2.179	3.487	2.477	2.797	2.56	2.922	2.917
2.588	2.607	2.696	2.437	2.712	3.091	2.544	2.7	2.179	2.396	2.719	2.449	2.674	2.431	2.814	2.643	2.613	2.848	3.076	2.694	2.922	2.866	2.673	2.945	2.737	3.028	3.226	2.453	2.629	2.568	2.961	2.754
2.7	2.351	2.978	2.447	2.8	3.134	2.359	2.367	2.371	2.703	2.551	2.279	2.191	2.48	2.606	2.477	3.531	2.705	2.988	2.447	3.263	2.484	2.803	2.732	2.279	2.769	3.087	2.517	2.616	2.284	3.516	2.734
2.934	2.524	2.699	2.348	2.725	3.066	2.69	2.475	1.841	2.35	2.325	2.488	2.325	2.469	2.687	2.281	2.412	2.32	2.401	2.475	3.068	3.037	2.547	2.486	2.43	2.525	3.068	2.39	2.418	2.36	3.185	3.245
2.936	2.596	3.131	2.431	2.817	3.227	2.61	2.505	2.144	2.502	2.464	2.148	2.742	2.681	3.147	2.706	2.73	2.519	2.808	2.573	3.189	2.879	2.796	2.731	2.423	2.795	3.589	2.367	2.354	2.313	2.946	2.96
3.202	2.493	2.862	2.621	3.019	3.062	2.271	2.897	2.311	2.655	2.88	2.588	2.679	2.664	3.472	3.094	2.96	3.082	2.847	2.86	3.472	2.653	2.751	3.044	2.689	4.234	5.024	2.656	3.06	2.862	3.898	3.406
2.94	2.627	2.726	2.492	2.744	2.794	2.231	2.547	2.77	2.997	2.902	2.375	2.447	2.211	2.845	2.615	2.791	2.46	2.609	2.561	3.37	2.678	2.985	2.786	2.561	3.238	3.541	2.343	2.836	2.573	3.517	3.397
3.378	2.863	3.062	3.001	2.994	3.423	2.645	3.124	2.451	2.512	2.707	2.447	2.512	2.951	2.876	2.896	2.752	2.913	2.857	2.59	3.027	2.831	2.794	3.099	2.572	2.929	2.64	2.339	2.627	2.511	2.969	3.06
2.751	2.541	2.609	2.556	2.762	2.625	2.201	2.905	2.322	2.56	2.411	2.497	2.449	2.906	3.063	2.679	2.862	2.639	3.01	2.765	3.087	2.998	2.858	2.844	2.75	3.321	4.002	2.592	2.666	2.526	2.789	3.025
3.053	2.636	3.056	2.595	2.688	2.991	2.33	2.598	2.4	2.341	2.598	2.498	2.195	2.664	2.505	2.608	2.459	2.541	2.544	2.79	3.27	2.494	2.573	2.706	2.237	2.687	3.185	2.636	2.386	2.246	2.696	2.904
3.17	2.583	3.29	2.834	3.375	3.208	2.693	2.577	2.154	2.291	2.542	2.589	2.605	2.839	3.37	2.671	2.731	2.695	2.671	2.776	3.56	2.463	2.69	2.799	2.408	3.807	4.89	2.622	2.412	2.297	3.174	2.533
2.828	2.78	2.879	2.504	2.812	2.889	2.447	2.418	2.309	2.599	2.682	2.501	2.443	2.757	3.069	2.574	2.437	2.447	2.549	2.648	3.181	2.549	2.668	2.552	2.275	3.01	3.697	2.186	2.402	2.279	2.96	2.555
2.911	2.609	3.235	2.606	2.985	2.865	2.536	2.493	2.578	2.752	2.418	2.474	2.503	2.459	2.879	2.525	2.713	2.517	2.861	2.487	3.068	2.451	2.679	2.733	2.213	3.019	2.475	2.771	2.544	2.652	3.266	3.112
