0.07047878086656
0.07918956196096
0.08938377842944
0.09806718138624
0.107568256576
0.11703843103744
0.12767415215104003
0.13651310573824005
0.14568817215744
0.24682295824383996
0.23695518984116332
0.43068873785344003
0.51200550567936
0.5817588834534401
0.64520477911296
0.70393710889216
0.7591121099161602
0.80669713383424
0.9005524118553602
0.9292071519507843
1.0514320349209603
1.11194156778496
1.1752121011840002
1.60762518374656
1.9108616638566396
2.1618456074265597
2.39148162221056
2.58868534929664
2.77607848218624
2.883594986912513
3.13587997229056
3.3114332865433607
3.4783622653542405
3.6411295408153608
3.805901560384
3.9617685917286414
4.12376523387136
4.277497567805439
4.43522926080256
4.600420987824641
4.7505096920089604
4.90768523663616
5.076456005040641
5.232608670108161
4.806726789587022
5.54081884635136
5.70524944720896
5.551586170739098
6.018763321162241
2.2883333501747614
6.352456486464001
6.51252434043904
6.676857550274562
6.845080109148161
