0.41157313767750026
0.40209904027427257
0.7260381381286365
0.22646650681084424
0.2912321519970149
0.17677147683818362
0.9398526759892434
0.061763606044365815
0.5987087970033542
0.4930166659005977
2.3493742591086573
0.761911479731566
1.864520459666437
0.4135629536060037
0.8439048504203583
0.9501558199717692
0.9050695601335974
3.114190312293317
4.33852932790046
8.995119068712711
5.968916257799265
5.115501643795369
5.354828781797778
9.905149463725138
21.422694941721602
20.10883195776387
45.99712547535273
0.9908836005015473
33.57879193562076
64.26707432963303
23.38466443512334
18.697164920889918
12.85056839765457
6.324182943113556
18.283809301450674
32.09972873540755
4.587320428538078
54.703441555782774
55.75138322375278
26.857033020729432
50.56671292762985
53.05654088861047
65.2304393080849
44.25811779615469
78.65653271585325
59.90880871171976
15.36214307188493
137.81298835158668
116.26363834994117
99.54954036067647
53.6154732280047
110.19588371106511
136.2825703173512
149.91082734908633
