0.12951706927104
0.14749409526016002
0.16728623524096
0.18493302547456003
0.20314707609855998
0.2220173774438401
0.23777872577536005
0.25544856772864005
0.27053812963583995
0.40708891643904005
0.51979254992896
0.6183192723558399
0.70547366965504
0.7920943040102401
0.8659180914278403
0.9335177054438403
0.9970741432960002
1.05692545753344
1.15814100796416
1.25462221784064
1.3334965243494403
1.41410531091456
1.4761355773542404
1.9982061546726402
2.371057950976
2.6767525309465605
2.9484626310374398
3.1800419065958403
3.4200495587737607
3.63998777877504
3.8562653616537594
4.053161067112962
4.245525082275841
4.44776627113984
4.63794471948544
4.81919105454336
5.012340067215361
5.203581450496
5.389001959221759
5.589479467264001
5.754878578915839
5.942666016770559
6.126496230975999
6.318434311580162
6.512793830709761
6.682952955824641
6.8839066384
7.07228921938176
7.25392091074816
7.467837300943359
7.647534502389761
7.836953895935999
8.036172682447361
8.22607562250496
