0.40433952085068015
0.71995465911791
0.0037159012762586485
0.070451352843655
0.34819633272491046
1.3293551585115395
0.9616605279056216
1.789916014642543
1.4603480959065394
0.8212065162352928
4.251739812710639
6.790208592471743
9.235159451382287
2.49017482171962
0.8887873654294935
0.6867990748590955
3.8477053078227073
8.24215458638173
4.6721279749633595
12.363289974339978
2.867492909252178
11.74045273592219
9.353058495276628
25.697891360427548
7.031755475258251
9.788440418053142
38.49575240231388
56.939393823462524
13.158608807039855
20.212594062661083
66.14265868206166
6.770594932128006
51.167786993308255
8.927059828536585
8.270058575737494
84.39181748564079
38.955253296211595
1.5322779332855134
2.562341123652004
134.6395354856686
44.93572029454663
21.78317819984659
37.239870961449924
16.04869374005648
84.54325516618701
71.63005591542606
39.05838775210577
27.504371768147394
53.91277410308976
135.80826666572102
14.447784078656696
34.400561659895175
12.271060167120595
13.498166183832655
