0.07818242316544
0.08682404414464001
0.09716536842496003
0.10755671213056003
0.11758095864064004
0.12732222514176003
0.13773836761344
0.14817079695616003
0.15818501653504
0.26596216751104
0.36873458811904
0.4676240159641601
0.5539884444159999
0.6312010127385602
0.6991608698905599
0.76282756
0.8267057393689602
0.8757396074521603
0.9730733434470402
1.05783035167744
1.12941800798464
1.1968710082560001
1.2585680646246402
1.7075422475161601
2.01920916972544
2.2732774952166404
2.5068819559449604
2.70064786587904
2.8997675991961596
3.0901702205439996
3.2689102849638405
3.4448963602662404
3.6087597865369596
3.774994082703361
3.9423150850969613
4.097502234749442
4.26614814478336
4.42522720178176
4.5814902430105615
4.742457429698559
4.901137135741439
5.055223416629761
5.222628998371841
5.379527295408639
5.511278346365439
5.69844119902464
5.8667970584678395
6.017727084751359
6.181421161512961
6.361420200847359
6.505968462400001
6.674674797936641
6.840015869237762
7.009336734231041
