0.1031593958584196
0.6322557395507076
0.09665832001891062
0.6103303753762148
0.6096208991373899
0.21877463869091685
0.2475427842307738
0.17522927434784208
0.31771396120458917
1.0504878849290833
2.7430109696186946
0.052262789303824775
0.2907296995045954
0.2415564243527797
2.009049753316617
1.8139615424397562
6.938785097238906
0.28992220557961446
3.4579142339784994
5.679611392065226
1.5253679328789076
2.5157013349573845
3.6964385752071394
5.761505840104292
1.0767550220562043
8.416796112141128
54.338026415853165
54.32402965579058
18.791637574409833
22.76655039848083
20.17618288499216
41.1086336913213
17.8864604836308
22.46901865124164
9.926805447939842
63.11548279217459
19.504921557963826
13.55918174830731
14.476545319015713
12.077346100002615
16.40438464711042
28.41071081301925
65.66614107611531
43.92834064642375
248.30112124017614
35.48733978141536
111.83988714632142
2.7548851184619707
4.830957116260834
167.44292046649934
43.784325891443586
21.507225740948343
46.408249446350965
51.049074390986064
