0.21499357411153142
0.6938908145582872
0.08913140442290057
0.651529305631918
0.693163778582921
0.33959521828644057
0.40445799617498324
0.36479021197035877
0.09980035182907443
0.6604609626672584
2.3293654573639913
0.31610061502516373
0.5912281559251369
0.4714861714622316
1.843327666030632
1.7076932454237976
6.986819668379553
0.293850111709844
3.3720054213875983
5.505449632247064
1.789178831634672
2.8831421584620784
4.179708538176101
7.784440802877725
4.085721137300425
11.16652503084697
52.89828363855122
54.12975037063734
16.7747517368025
26.31461731838135
24.72162694112194
46.05782990842272
13.159763995481626
18.593263172930165
12.308210043578583
62.67308698805209
17.272691192167258
8.304561424898566
23.12830590759404
0.4718158460345876
0.33758822337767924
49.51733194851113
39.53240991140774
12.849920274806209
283.6822535493484
6.207614143939281
64.29536994140653
55.656880071765045
53.981628048888524
102.03361272968323
114.55005509885086
98.57614999180078
129.69547594508185
142.66502353959004
