0.8365150234363039
0.053538522620613094
0.11416601483249167
0.6917278513117893
1.0374190829397705
0.8948607325883629
0.42564398470827314
0.3798034256374052
0.016216386981739106
3.2160553431128847
3.8945621347968142
2.2416134029943464
1.2995209748734737
0.05142280377253883
3.329234407272679
0.24710804813287268
7.701808030807797
5.51582193433228
2.2260437545398872
3.8795279095988917
2.1383695279880612
7.620801268441255
2.404060346408187
1.8236535823625672
17.207400219476767
36.67021658632984
51.11849517640621
22.885833467909833
68.75108029297007
35.263731387831285
6.776027631896795
6.897460228185082
7.990826130517235
42.92440264135803
71.84835429157829
34.21745476405704
25.52180246586795
49.49944093688464
74.79044428978159
38.47629604699978
69.04832071916826
0.8067121621716069
77.60159824018774
36.50795839978673
5.040261114474561
9.372178855912352
15.28980292371125
77.42020370021055
31.36936135568976
21.039660771559284
32.73231201023009
1.150243356496503
23.59381628518895
25.953197913707847
