0.09682552422400004
0.10895808774400004
0.12069120676096
0.13337104000000002
0.146064609856
0.15832504664064004
0.17032327096576003
0.18199302052096
0.195696525376
0.32605744500736006
0.45744986358016004
0.5806854535398402
0.6925834706560001
0.78643410444544
0.8747187496959999
0.9483705781862403
1.0237165758054398
1.08519389245696
1.195331129344
1.28971818443776
1.377468406336
1.4530894510105596
1.5284238434713604
2.0345941376640004
2.3774580770406404
2.6693285808639997
2.9055247936
3.137812612323841
3.3629398042240006
3.5617714449433597
3.7520495796326396
3.9411270356198407
4.12526646805504
4.311124675095041
4.47646745936896
4.6555484595840015
4.82978331725824
4.99934540134656
5.183045978204161
5.34203742671104
5.523101616384001
5.686347682920962
5.8487359490560005
6.031032225856
6.199112007362562
6.371545252864
6.54499303577856
6.72524223357184
6.895363414325761
7.065925165488639
7.24889714098176
7.423942135357439
7.60156070781184
7.776272112970242
