1.4073503899287072
0.326658472278222
0.10568313458018963
0.9468582534279193
1.5359100112369077
1.610992667251594
1.3397721116318309
0.7138746379747403
1.3056449459422055
0.6966538916255729
0.9824586721315427
0.4633277460924887
3.4241291041819295
1.453469966621583
3.8973661785985314
0.03660499884699675
6.648282839115723
3.7631734837609656
0.7360098097855143
7.753955745116627
6.684950029809443
12.564071787865487
2.733180798534704
0.9145783414996913
13.482158103364782
41.37717437659194
48.193974105586676
23.172850289663984
65.02685387233396
28.96004512660693
14.759486675016888
15.630317655570252
16.576094405565527
35.25752920900413
78.18620884975098
38.740585451367224
28.07167676734025
50.08101683470886
76.24893938774403
35.42827683150608
73.61803275562488
6.426821497909259
71.27745324352145
43.18960548443283
11.633240110480983
15.455685386223195
20.440736722266593
81.1709258535484
33.41461013795197
21.05702459951135
30.135790670494316
6.542679983955168
32.1246113567031
35.33707249237341
