1.9559068587820967
1.5547817943275177
1.0766958810318386
0.6965253620603775
1.1817391632989995
1.5577209644106276
2.2323745106649824
3.0030185134969827
3.186000831925128
9.361993572517889
11.332021340192739
13.3528794597961
10.608008889524001
7.635322236718935
0.27931458438865775
4.328867678051779
2.3132685968785154
2.1692908518768945
1.7582702828768788
4.705095362605334
3.969421835032108
8.270882604367216
12.238820220820571
16.21012241235303
0.635785379346089
74.79600708829548
8.16813268867736
19.620902918195497
88.21978411287091
22.130062322461526
37.793786177213406
42.250419198422605
65.71086097887019
123.27165624599365
108.79587581432861
10.774086635236017
6.25778359593096
68.8989660702864
141.31011737648805
93.68692005524645
25.714616944340378
24.150686962195323
126.19539153276855
128.34567983716988
60.414292261244555
17.330701438746473
40.24333497438056
201.8323103874427
120.9210852034812
19.938195612201525
176.37757689697173
349.66783246069826
315.29398178090923
346.8233799590002
