0.06552289345536
0.074612015104
0.08374032139264
0.09291181844735999
0.10249218073600001
0.11241267840000001
0.12188030570496
0.132152606784
0.14138081284095996
0.24457218539776007
0.35014391951616
0.44710512574464
0.5348734075801601
0.6146986503398401
0.69155856
0.75018325561344
0.8120172544
0.8696890430694401
0.9596819902489601
1.043470422016
1.1233286563840004
1.18442649194496
1.25115499734016
1.7004660739686397
2.00443074315264
2.2509360973440002
2.483750784064
2.6715144097382404
2.8656422609126406
3.0550621215769604
3.2103694959001596
3.3945144042726394
3.56516026983424
3.71640667104256
3.87495130530816
4.044449201858561
4.188276854783999
4.344369852951041
4.506381734976
4.6547130464665605
4.8073754832998405
4.957170442076161
5.1365109403238405
5.273026756771841
5.427229984450562
5.586650341212161
5.74221918333184
5.905654296087041
6.073030779904002
6.2126160701440005
6.375099810816
6.547694898792961
6.688049756776962
6.85678105927936
