16.826904268933315
24.976182514162723
33.7807516731033
42.18591920470944
50.64177859199875
58.37626021411214
67.39719785508912
76.51249740067522
84.07661994970023
166.88952327127865
251.7619577881657
334.87579141197125
419.9814224563887
504.5169106414763
587.51665023631
673.59521977591
762.336567223094
842.9292310772599
1008.5481093426604
1179.0345380701992
1347.4133867046073
1521.121261211381
1674.4482586203692
3343.0534949069142
5043.067347771142
6755.9510247303215
8381.117530475121
10107.548680757318
11787.296825960066
13488.307970888527
15123.515774074138
16782.712029881648
18489.491087688675
20172.611309597796
21922.53111983099
23500.17690594969
25187.454058609692
26965.936718408164
28632.722150804322
30262.773580792124
31981.35470050197
33655.0498972289
35266.76978846647
36957.3797290397
38715.28768393367
40422.45901319209
42059.46155040787
43695.96327100987
45391.88305589591
47063.76477417644
48796.07842717502
50489.31059542848
52167.82291168016
53797.157665476596
