0.09400944681216002
0.10423496359935999
0.11572950825215998
0.12710879213824
0.13892974019584003
0.15004653005056004
0.16335047888895998
0.17713054681343998
0.18879789727744004
0.32491276812544007
0.46589252199424
0.59363203381504
0.7104493916185602
0.8131595551129601
0.9028922026009601
0.98627780047104
0.8835641467415436
1.1278847811686399
1.2449418002841603
1.34943722774784
1.4406836011110404
1.5252052400640002
1.5933306019840003
2.1241779919360004
2.49007895040256
2.7870566247040003
3.033382342256641
3.2720294891750403
3.489137081098239
3.6984459204633606
3.8923628198118405
4.083619706890241
4.275896094976002
4.462030971904
4.65266280481024
4.82251438130176
5.00249407457536
5.190742022399999
5.366146305231362
5.53700807599104
5.716689721600001
5.89146294896896
6.059766016944641
6.236503294320641
6.420685698211841
6.600130941184001
6.77288549453824
6.946387360000001
7.127157130536959
7.306442541066242
7.493446357056
7.677545438914562
7.86141107851264
8.041262546944001
