0.006904268933315194
0.2538174858372777
0.14075167310330272
0.1359192047094453
0.18177859199875002
0.49373978588786116
0.11719785508911684
0.8224974006752177
0.023380050299763866
1.3104767287213406
0.5380422118342949
1.5242085880287277
0.5185775436112863
0.08308935852369359
1.1833497636898755
0.7952197759100272
5.436567223094016
1.9292310772599421
0.6518906573395498
1.634538070199369
1.8133867046074101
7.321261211380943
7.551741379630812
20.94650509308576
2.9326522288583874
27.95102473032148
28.882469524878616
15.548680757317925
13.296825960067508
32.30797088852705
14.484225925863939
37.28797011835195
12.50891231132482
11.388690402203792
56.531119830990065
47.82309405030537
42.545941390308144
53.93671840816387
38.722150804322155
13.226419207880099
23.35470050197182
15.049897228898772
55.23021153353329
46.62027096030215
29.287683933667722
54.45901319209224
9.461550407868344
36.03672899013327
22.11694410409109
32.23522582355508
18.078427175023535
29.310595428476518
25.822911680152174
28.405202848167395
