0.32934717086666865
0.10871123537648231
0.3074544990972612
0.4861784092889323
0.22124834941914884
0.0481146444619327
0.1390513147349708
0.031701992998065975
0.14242439569234477
0.8655382872658492
0.9215040038695292
2.070235512355225
1.43835485811951
2.629321565436612
0.09814562767826374
1.096938503926367
0.8262282532090239
1.3634984020665115
7.942307896352645
3.3220455844655135
3.8622596627383246
6.780392353294246
2.962526369837178
28.02804874735193
15.269992576091681
7.947845819933718
8.547648902544097
35.61767603709086
44.932653669104184
56.24637592644831
62.23884503363479
7.052256448809203
66.85845387716836
56.4040237537738
76.78860233893647
51.722342288998334
40.50841904318804
2.6421687139918504
65.47388723896074
36.80343503297627
51.40490093443441
73.40295964031975
23.226945130270906
60.110194379311
94.5231509104633
91.43920402227377
27.6870622236529
47.098374241752026
19.295608429820277
97.40571910150902
9.592668418546964
22.771421035366075
28.107834405200265
30.918617845720295
