0.07808742682890824
0.3296201760934281
0.17282311627261038
0.40060837271452954
0.3233013959103559
0.9235987589776613
0.6472336175991131
0.09320990405795726
0.01173018367342138
1.1827574569812498
0.4956478334293877
1.7271640614545163
0.930081208451611
0.27044550545923585
0.712447899123049
3.526205376821963
2.821151326459699
4.443051959586569
8.391902862361462
1.610546997422034
9.9503269913846
1.806179616575264
8.051054788605597
5.713757874229486
10.336574404337625
18.892338347224722
9.69822225421376
20.23725693668348
10.230438600487105
37.95876972415135
9.618382568132802
35.40544132925061
8.238282448433893
16.559569060616923
43.68060230732226
98.61971714564424
63.556681257876335
44.34698046045742
66.0987834334992
5.350604823601316
37.776881629430136
107.47190972169483
48.11809327913943
17.756964635911572
18.337393099405745
91.86754729607492
19.35975365376362
6.248146640857158
6.618782629884663
36.71769518615474
12.731208421260817
23.66396297884785
49.21312752519589
54.13444027771548
