0.2919073820268139
0.3635436872282334
0.4657163853666546
0.1981062661479669
0.362787911750857
0.5876530034072402
0.42108790175544186
0.17083375762311448
0.0017099622071725662
0.8648524867714684
0.9907905076481711
0.07775594964033417
2.246858266058098
3.5149173631116355
1.510357745805436
0.05491168489697884
1.9817136874453354
0.5941087686411493
8.456167803269636
0.8177220943623524
1.6199405366658084
10.461319936915288
7.171758442464579
21.426945129959222
8.07399535010336
27.213794250656974
14.197301776544919
3.8234146174818306
21.35777207586034
30.97125735886948
15.373125947062363
17.83163475963738
36.71160151098229
10.565703033877071
15.543502302451088
3.7059710231624194
18.417391413360747
18.956394836946856
80.75035329320963
81.52728278584982
20.06904438177662
0.8671917116007535
57.03262966094189
36.926944626255136
101.20153563319764
0.03805754237691872
31.332128410125733
44.41917574588297
66.87113735212188
40.73845813330263
27.020094713305298
50.56836740842118
3.245535587746417
3.570089146521059
