0.265579404688431
0.35036992754793417
0.4661678460212144
0.18892033152022947
0.34500216720906707
0.5627633906206029
0.45086441900539853
0.13655467929103793
0.0387763861427004
0.8706955908284613
0.8915299741905471
0.16324813383329229
1.8578719105807977
2.9766265386318764
0.8233389872402768
0.7704739178462887
2.93582491941811
1.6616786621369783
9.733588748846046
2.2523563849763377
0.052832116383115135
8.791719039596956
8.934258943648501
19.622984454083507
6.912422391399559
27.539185962106785
14.623629064661145
2.787357287375926
22.764594269396184
29.432227467026678
16.806253527589433
16.72099208146392
36.093749355171894
10.548790491968248
14.883825127744785
5.096217178150255
16.317714757984504
21.753170235620928
77.37063514725014
77.61000282235182
15.699701751367684
5.5632727962583886
61.93838941332797
31.941457241788157
106.14731612906326
4.83805071766983
35.86145406685682
40.24516774847871
70.53902753393777
37.60395925993362
29.471238038575393
48.82119799494831
4.154699611732212
4.570169572905434
