0.28022028496206985
0.3577431933569102
0.46583149284656855
0.1939223359220179
0.35477670434544706
0.5764908839029914
0.434407583008678
0.15554120675400895
0.018205478286546395
0.8666562566448022
0.9444766992127995
0.033288286365007025
2.0682415053101977
3.2680788510242564
1.195487318543769
0.3233377694821229
2.4190187990318464
1.0835551590836303
9.042336406357094
1.476675958434953
0.8993393427379033
9.692726302717347
7.984217415758167
20.584632359981242
7.522589088618588
27.377245571295134
14.38775981371873
3.342049547345596
22.01930354353499
30.24138541344837
16.057904955721824
17.29551816872845
36.40661306292532
10.545018342665571
15.242222570461308
4.356514354498358
17.426347439090023
20.283229836506507
79.14175884615179
79.65796646379385
17.979582471489266
3.116618109845149
59.38564835790021
34.53341205105971
103.57781889769103
2.3451067303976743
33.509048052466824
42.41406663133239
68.63060049625346
39.23858885437221
28.186652328986384
49.7458286083056
3.6578750884145848
4.023662597256044
