0.06242482262016001
0.07557660774399999
0.09000576009216002
0.1057290256
0.11978797881600003
0.13546168582144003
0.14901205803264003
0.16308028422399998
0.17773846537215998
0.30284858036224005
0.4047789422617601
0.49373444837376
0.57565361049856
0.6536011039360001
0.717110886976
0.78431286548736
0.8428180058214402
0.9008196628710402
0.99465037382656
1.08519389245696
1.16014958008576
1.2400372540441604
1.2963225169945602
1.7883734296806404
2.1433569028326405
2.4369857527910406
2.6941151733760007
2.91627481026816
3.1350073622630403
3.3488180165017605
3.56449566736384
3.7515041344
3.9340723157401607
4.124980497623041
4.31587661497344
4.48712371540224
4.666491690600961
4.849297260544001
5.026693140029442
5.227859089981439
5.39382416753664
5.568195416565761
5.745678033807361
5.931516069276159
6.106386608988161
6.28309168681216
6.485244902287361
6.656680706959362
6.842870028544
7.02388230801664
7.204044954839039
7.395388722472961
7.57518611579136
7.772444398428159
