0.30246095441827237
0.5079142339042662
0.6069437385502283
0.0736053060731976
0.138163398608242
0.7013816036574809
0.40026978870784546
0.5340602300356068
1.174224409242953
1.7479336465014228
1.6861090678731614
5.385555195208951
6.236099633104402
2.1176791636602275
7.298117666249368
0.4782678256917734
1.2007615239318739
8.618731559626326
3.1024403694414104
10.397851707798054
2.345080766219553
20.706080472125905
5.66032431656572
32.26108918150385
14.150978744101849
20.390406395016726
42.86127921988191
37.84092703992428
44.453709322166105
8.261836055424283
111.08405982803015
37.77991943695088
38.4060895535913
10.015155727676756
44.44015877326456
61.95054560142307
79.44840490792922
53.854697092432616
71.28109281189609
139.64911789361577
21.089967443949718
18.724530976702226
31.591466462203243
29.727082339770277
17.434634187397023
54.21353686568182
136.25211626741657
33.14980595853558
55.69900444004452
20.000011470678146
34.569402872308274
0.7618903750480968
82.66656664194306
90.93322330613738
