0.15214215865086445
0.8088523301692874
0.7244208531822736
0.17084749382433984
0.16218819598288547
1.238780550165039
1.1504279877694756
1.5117676831373075
2.3952717532018966
5.1815710408673965
3.4958001449469407
1.0595214016345267
0.9915948258625349
5.3809458009449145
0.0044977470316780455
6.112555478301715
6.729057924057315
12.651260409500196
3.7546235530686545
6.7010268837575495
5.65236431582457
7.614103175268156
22.51767083448931
69.48423977841276
41.26550266306276
0.8715238797676648
14.443673268920975
80.82020680815549
105.72232164572597
87.8055877987008
15.221661768317063
69.33124630963357
153.4301794119674
129.98246520105022
77.22885157696874
182.64994862832464
196.92315619319197
166.07168895707582
176.8315491281719
43.1346076060654
67.0579019241377
97.42073874422204
100.1657507639029
27.889202017104253
64.54429645845084
90.62581489522563
112.06491865804855
19.246687072089117
52.81997843390127
27.652440176192613
16.646776453657367
27.81474723872816
44.329846507680486
48.76283115844854
