0.06242482262016001
0.07557660774399999
0.08901846802059185
0.1057290256
0.11978797881600003
0.13546168582144003
0.14901205803264003
0.16308028422399998
0.16776847014866467
0.30284858036224005
0.4047789422617601
-0.07157396322420573
-0.12127624170062434
0.6536011039360001
-0.0027784261457777237
0.78431286548736
0.8428180058214402
0.5500584435666667
0.99465037382656
0.7602967414108903
1.16014958008576
0.20123603972642723
1.2963225169945602
1.191625624286049
2.1433569028326405
2.4369857527910406
2.6941151733760007
2.91627481026816
3.1350073622630403
3.3488180165017605
0.41607532962469174
3.7515041344
3.9340723157401607
4.124980497623041
4.31587661497344
4.48712371540224
4.17533258446644
4.849297260544001
4.599315405420902
1.719995045753488
5.39382416753664
5.568195416565761
5.745678033807361
5.931516069276159
6.106386608988161
6.28309168681216
3.257479772126823
6.656680706959362
6.842870028544
7.02388230801664
7.204044954839039
7.395388722472961
7.57518611579136
7.772444398428159
