0.42514554733556054
0.12335353961708506
0.04440759992775867
0.33591736954979723
0.5841406579794963
0.26513580270965775
0.5801841613793925
0.07504229179907895
0.33996683406206785
1.325711619791889
2.9395570704420493
5.806752476569159
7.911814036134274
4.9654098210122015
8.629514978815791
10.401401480640061
9.473286864429951
0.4744235201396805
9.65381763240714
10.229970755237673
12.042466500719456
15.100006578012653
10.00510290450734
29.627596803819415
30.047867028524706
34.07947833178423
23.25945061845232
45.449166129406876
18.353525631806406
35.39857687210497
94.1526987545767
85.69344513622855
36.94389881072857
16.157299362530466
17.216771974366566
18.72527222417193
69.64545436193293
64.78869777416912
41.00421974739584
50.81371124456928
34.91951842625349
18.34488923268509
77.76537380602531
5.66885431445553
88.65768692198617
126.37432099207217
29.598660093448416
41.58140221918438
54.24179035409907
64.31453150954621
64.4192255824455
60.169762308345526
36.740018068187055
40.41401987500576
