0.07291036836864001
0.0810427024
0.08935220985856002
0.09806718138624
0.10700330730496004
0.11557388947456002
0.12503409152256
0.13361539758336
0.14355975389184003
0.24203723593984003
0.34171787600896003
0.4197247189603995
0.5102072078022656
0.59803372093696
0.664459740736
0.7260212399334401
0.7838453307801602
0.05115475251172108
0.9292034583040002
1.01005072816384
1.0813836908160004
1.1453348892902402
1.20659503878144
0.9736574902542435
1.9392857407897597
2.1839495878886397
2.39899951599616
2.6008761198182406
2.7854702071398396
2.9591100586009604
1.843782926946596
1.710424654895001
3.46426198550784
3.630323564144639
3.7856706624000007
3.9421054162969593
4.0925160528102404
4.24697577508864
4.409838721474562
4.554256472156161
4.70825423014144
4.865666577615359
4.599338178347815
5.1705520836710415
5.33195389368576
4.551520715785701
5.636430580042242
5.793872371752962
5.952452279319042
6.111954795274241
6.259467582691841
6.42086408651776
6.585489194352639
6.742597454461438
