0.2599480821237279
0.05513942671838379
0.030366071037512654
0.2518745106251927
0.44385745285530476
0.08432872897950006
0.3685940963748351
0.3028691500775693
0.1062061535012333
1.0307013549976602
1.3232996053452553
2.499471726556976
2.80027157283871
1.9717755805705224
0.17917355533268164
0.6140292154188955
1.4596346892292331
12.402451341989718
3.355041942275534
3.222396048432074
1.2615832903018145
2.4107623340244118
1.6411108124439124
36.02816470671405
8.032175019441638
6.961032476181572
0.6470016330331418
30.056393924131044
13.334243050800069
30.338444911907573
80.54311344525559
106.32337080635989
12.987222920055501
41.18168965773657
6.576070467050158
2.016400086627982
53.12045620861318
53.427967239211284
46.523701131554844
50.4102156105655
39.5439661112905
9.348976205961662
89.86612150431756
8.706389640785346
73.38937932449335
111.65073171284166
16.653817771817558
31.90395994632854
49.236036989801505
65.34493180407298
56.67768752869597
43.923382302207756
10.660250455264759
11.726275500791235
