0.7465816211
0.7613651464
0.7775753017
0.7943122619
0.8117321814
0.8298496262
0.8484696859
0.8673002456
0.9901398945
1.2847361278
1.6679577417
2.1222636154
2.6266567489
3.1508765804
3.6788397617
4.2217285876
4.7727299631
5.5831285975
6.6815649632
7.7565751869
8.8100291504
9.8406339444
14.6158520535
23.6033736797
31.4014105574
38.3877020696
44.5447801595
50.1482238114
55.0946523931
59.2711893778
62.8824748725
66.0735762832
68.8966149084
71.2917103621
73.3588965588
75.1660179298
76.7354594283
78.0876215915
79.2394025904
80.2410285573
81.1154691362
81.8725313687
82.5323682899
83.1057818868
83.6033457829
84.0254090821
84.3940596016
84.7205477329
85.0013434696
85.2407098465
85.4462925751
85.6324821951
85.7960451137
94.3756496251
