0.9052744887
0.7896713615
0.8652263374
0.8538071066
0.9171210469
0.9023605150
0.9894117647
0.9976275208
1.0686149936
1.2892840717
1.5799361262
1.9360036832
2.3478503629
2.9313349599
3.4284549531
3.8560293443
4.4356540084
5.2203600248
6.3233082707
7.5902527076
8.6079836233
9.9644549763
15.1109513970
25.2363090773
32.5716498838
39.3174380552
45.5086580087
46.9177126918
54.7526041667
58.2611707655
63.3044787354
62.6209977662
66.6931007137
70.4355108878
71.7270788913
73.1940818103
74.8220640569
77.1205868867
80.4784688995
79.2648444863
81.9688109162
81.6504854369
83.2673267327
83.1438457736
85.0353892821
89.0889830508
85.9039836568
87.5585632483
89.3730074389
93.2372505543
94.1242305540
88.2476390346
94.6006749156
104.0607424072
