16.7106821023
24.6242813947
33.8193105528
42.3343601854
51.0919331827
59.3695785167
67.9144386516
75.8311140535
83.8066693124
165.8633841143
249.2198850476
334.0066130666
419.9672817010
506.7236384533
589.8431433455
672.9809824983
758.2117477256
842.5077470252
1011.9070742675
1181.7916707584
1348.4274204728
1517.4762740115
1682.4708639651
3361.1689286776
5021.0768441021
6717.2858567142
8404.3245364341
10064.4183435391
11847.8808694432
13506.3924659484
15170.0171762215
16787.3006919853
18502.6147973453
20183.4435356884
21834.6462532340
23509.7129364610
25199.8960744445
26897.1724443147
28582.7055120088
30231.4226785509
31936.5922269527
33613.2367620877
35321.7310532145
37019.7219676196
38740.8732974349
40442.0135534262
42081.1550514894
43795.5674826411
45490.6475240971
47162.7156052688
48775.1130056498
50380.7662298583
52101.7555308694
53714.2665134174
