0.6541797459
2.4598427688
0.5302016803
0.6717006804
1.2368551028
0.8414722307
0.9341734455
0.1860899121
0.3500087642
1.4087593221
1.2359025653
0.7165687264
0.1268475718
0.4190920439
0.1938046341
0.0268926616
0.1730054605
0.1789594257
0.2675220222
0.3716112465
0.2096828075
0.2422623717
0.0279864558
0.0842287723
0.4963707322
0.1595010770
0.0675302761
0.2740511724
0.6235787670
0.3731008563
0.2110556359
0.1947859791
0.0033227593
0.0027570336
0.1435963120
0.1628563634
0.1194605147
0.0551268194
0.0395151116
0.1474536013
0.0670321144
0.0796211269
0.0007614202
0.0424691672
0.1416418701
0.1830115440
0.0740356377
0.1451459275
0.1684907300
0.1414583626
0.0059189906
0.1572698791
0.0772420597
0.0849662657
