0.8518406128
0.8633830195
0.8760339128
0.8890937053
0.9026876046
0.9168304866
0.9313735767
0.9460919643
1.0426520305
1.2778859564
1.5928372726
1.9788367549
2.4220088429
2.8971594595
3.3892311110
3.9078755262
4.4459915242
5.2575830926
6.3866389658
7.5196637958
8.6514254626
9.7745610162
15.0812870785
24.9048449426
32.8468050467
39.4352192548
44.9159579844
49.7479086724
53.9880076987
57.6246868816
60.8687811729
63.8612846374
66.6466589351
69.1458424433
71.4314150630
73.5501800689
75.5016178768
77.2825799034
78.8859888298
80.3567176438
81.7078233497
82.9366160741
84.0589561587
85.0791561945
86.0030463090
86.8189352788
87.5593682917
88.2394607733
88.8452753014
89.3790133249
89.8518871969
90.2932476921
90.6924062175
99.7616468393
