0.10433726896383998
0.11479736606976
0.12438769674496
0.13464672491776
0.14436109062144004
0.15571673641216
0.16606472610816
0.17705648164864002
0.18778979574783997
0.3108820746240001
0.4392084019840002
0.5621136663577601
0.6743957186560001
0.77040925071616
0.8593467984921602
0.93624047106304
1.00966162468864
1.0728352366617602
1.1861510079513597
1.2767987540070398
1.3589404216960002
1.4364195084518403
1.5100713394201606
2.004081910336
2.3316557045760002
2.6068401598694404
2.8416195526681602
3.0617104508953608
3.27706154254336
3.4708166929638398
3.646101649738241
3.8199232730137602
3.995399723420161
4.177765940930559
4.352811257456641
4.519617482096642
4.687578334658561
4.85387168502016
4.99816490443776
5.162631085877759
5.337401071298561
5.504504284224
5.6740993165542415
5.836824066304001
5.99400444814336
6.152225415424
6.317549537896959
6.490714145344
6.667855996848642
6.824926351936
6.993130611427839
7.15641254166784
7.32462694146304
7.517748002941439
