0.20236070731694156
0.5786040380829185
0.310768883610848
0.35093569926661417
0.27323936878858746
0.18652377633301143
0.33079515784295666
0.5303497101155585
1.0741414379870236
1.2177887353923609
0.9147723815273139
0.30127846314496765
2.37734667288197
0.9640798479663886
2.8996341754186687
1.9475813450528676
6.012402239419771
5.488671804523506
7.4908417490016745
3.363854683635509
10.696770033693838
9.703404469817997
0.11596611768254661
8.705145848889515
22.88287858114927
0.10887250960604433
24.223472070805656
7.185481855338367
88.42343598255138
88.41791278483288
14.197235753965288
83.2805616268015
96.33636070090506
6.993345974577096
40.85187157959808
29.449051765190234
47.1427046771787
61.359476052566606
140.8460337147626
130.0477550490541
9.215727106395207
33.48795859928941
100.29425137767248
92.64377863663685
22.9387385789596
42.43227070160356
43.278858641577244
25.587613340234384
122.98929920016235
8.168934873894614
7.202485327732575
83.30055876261031
123.55057317769388
135.90563049546327
