0.0629403155978352
0.7365246336811992
0.37919396359464486
0.3321128678475205
0.3673527319613896
0.012602624393593942
0.5703998102062684
0.8329773068318644
1.4321117846039044
1.879797202194709
1.4664526356422414
0.08862614076468844
2.57789246164873
1.542266972899995
3.81240557278943
3.11605478631202
7.380291883701375
6.983160346731552
9.083498099309281
1.8342509728320238
9.350554841072835
8.653729207609103
0.5284213330980947
2.4824839613734184
38.59888779211087
25.301993578571455
56.453504544600946
42.099486521607105
56.027259215228696
63.1767473565651
29.19896246198732
85.23698268401495
83.10756301247602
23.05018059737631
86.9601066382238
89.9355386576135
120.50542692044473
145.3807926673362
49.53378736841114
32.828429754339595
91.3807849635923
134.5270915343499
199.08780153361295
186.8680763957891
110.66045953344292
36.83893053400243
25.309535892600252
81.16952643755212
163.56890643617953
34.18842730973847
2.0841257436477463
91.23594387051708
150.09377692175622
165.10315461393185
