0.10433726896383998
0.11479736606976
0.12438769674496
0.13464672491776
0.14436109062144004
0.15571673641216
0.16606472610816
0.17705648164864002
0.18778979574783997
0.3108820746240001
0.4392084019840002
0.5621136663577601
0.6743957186560001
0.77040925071616
0.8593467984921602
0.93624047106304
0.7496351897043697
1.0728352366617602
1.1462224498242555
1.2767987540070398
1.1086780747399267
1.4364195084518403
1.5100713394201606
2.004081910336
2.3316557045760002
2.6068401598694404
2.8416195526681602
3.0617104508953608
1.3910058232079656
2.124943512764955
3.646101649738241
2.8698450517952523
2.1257230641166815
4.177765940930559
4.352811257456641
4.519617482096642
4.687578334658561
4.85387168502016
1.3201683754578593
1.6754628872883557
5.337401071298561
5.504504284224
4.828482102037228
5.771105418282522
5.99400444814336
6.152225415424
6.317549537896959
6.490714145344
4.959459829996769
6.824926351936
6.993130611427839
7.15641254166784
3.8133998195291645
3.9139438918586564
