4.45667232767113
2.1252073012628685
0.9829884992010847
0.7445319409633839
2.2405975290695253
2.6073797402276284
3.6527382583211363
5.467127510424106
5.800760538283598
5.386096020309054
3.071720022502973
0.04062669056258983
0.9041763283797764
0.7748266734491835
1.183042065418931
5.85814607813154
7.884991141764431
13.024548976534902
5.807526186575615
1.1951729652055292
1.5757527005557677
6.1417673944167746
30.200030291709027
152.90086272605595
157.47299182240022
104.63588980074474
19.720332745298947
8.885768000553071
26.7172524402813
77.73015001002568
144.32102597762787
264.62062018905635
278.7886039286386
234.55599202530357
189.53851692503304
79.40771043684435
13.464413125784631
47.75054970050769
5.323498519053828
28.705473488749703
122.92958120421463
218.4590736754035
147.36603255719092
78.38705792569817
73.86471988072299
173.67469678653288
267.2397214955636
259.4788168281448
31.75409825576935
55.50367546981579
107.94549823105626
159.26193877973856
50.42614175382914
55.46875592921206
