0.11430367814109411
0.1273347856
0.13915287302399998
0.15216739946496
0.16533396912384
0.17735283523584003
0.19065309235456004
0.18343473370757998
0.21835059840000004
-0.1748769654021764
-0.37843695223215135
0.012876918980860297
0.73568085369856
0.5267386421208671
0.16429803578307978
1.0088482869273603
1.07984685498624
1.1416084811366405
0.41169855829424573
1.3624305418240001
1.2818967040199962
1.0042306671395926
1.6045917189350398
2.1304415014502402
2.48009078876416
2.7659415245440004
0.3075887829821409
3.2581000884326397
-0.3459478549065369
3.3479788499585537
3.87876323819776
3.4916336804689307
2.731095789752001
4.429967511101442
4.61190399918336
4.79734750511104
4.975918986058241
5.142895069143041
5.3168464549094425
5.489649
5.6686505250918415
4.259745750472482
6.011856763517441
6.176521244016639
6.348908247616002
6.533471351503361
4.775984723424318
6.098111460016266
6.163693252201725
-1.3239478811614784
7.421832284416
7.611948568576
7.786287513664
7.964587065600001
