0.5090369650086259
0.14627239112526524
0.45394559466411977
0.24704988850842824
0.30809151047163397
0.03364199262683343
1.5921851732946237
0.32112297152664837
0.9135290850985456
1.3514913716168735
3.7438017348833057
2.507970688298883
1.0380538284485965
1.067904719884325
2.099642998793456
3.8207373371346876
8.908668771125122
3.8057198400352945
0.22359719637677244
14.351443235068245
6.451537552805121
4.9550437439611414
1.2201175709878953
1.2360213063720948
18.65106930757065
30.821616207833358
87.87955472457543
32.097744281898485
41.35522536575809
50.22797433999585
5.964287211010742
13.83838411090619
16.313756343013665
35.558631879513996
4.247916177806474
80.33536824986368
38.904487491257896
35.00550405558897
31.801930591260316
74.83539934244254
32.03599157564531
53.25960158633825
198.66785937036911
17.329138317792967
4.574463200529863
50.069174524258415
88.8500556901563
119.23322342415486
108.05074656385113
136.57178185765952
12.700719309366832
7.782118065726536
4.123733250009536
4.53610657501049
