0.0676208016
0.07699603833856
0.087010840576
0.09643161358335998
0.10642836176896
0.11617299629056001
0.08723076180273866
0.13751637222399998
0.14663017709824003
0.2563388799206401
0.009750641165344687
0.41687830779754914
0.55218215362816
0.63108915468544
0.69966131659776
0.7631965287654401
0.288805197597105
0.8819103125606401
0.9768270250393599
0.4953557621133977
1.13571137464576
1.2054353530982402
1.2708395601510398
1.7248808677478407
2.0345941376640004
2.2883217984
0.6419047925079324
2.718610030512641
2.9105069700326403
3.10417039246336
3.2763606451840004
3.4489481796633603
3.61698929971456
3.7766356521062403
3.9419656401945593
3.562608095497455
4.265421131868161
4.416419934784
4.573958986178562
4.740694512744959
4.887353661695999
5.04201516442624
0.0017353066456999855
5.359462058621441
5.51929694457856
5.6725901584
5.84499090605056
4.03646896371935
3.9504541671197226
4.0736107972142825
6.482107852802558
6.647148241000961
6.814171453450241
6.979360855104
