0.17752595121325854
0.3066652475179339
0.30610239782373583
0.19271085796772525
0.34865140887783497
0.44708916523929787
0.35256289324200907
0.524418067812519
0.15470296223317348
1.4547571077242196
3.7517441453562697
2.252382987793567
2.417538949346067
1.465211839734195
1.5826175811760095
2.4218018058717234
4.010809684164997
2.9169089570581264
3.7189729716964166
8.917808816720935
8.531209854291546
7.849807963438252
4.427691827938133
26.890882802204487
26.141312610188834
0.3610038598635583
25.12923160250284
8.12685461782712
2.2459740216036153
7.073963919287053
41.285640479271024
32.15925560638061
14.086263167366269
0.7878768704576942
22.82426502560338
3.1563846304779872
4.728757735036197
9.351223911991838
1.0973677299189148
13.95361629655963
16.658281525746133
30.43050020247756
83.10581061540142
7.806964647876157
18.362488612474408
65.75047542549873
23.60433037065377
2.8281172948991298
91.35563538524002
107.89349736976146
73.18275032325619
79.98267254831444
24.816205045834067
