0.2811293545215321
0.2818055328094964
0.3461708170034967
0.2804137076824489
0.22902982201415512
0.31284155757450094
0.21746274334647353
0.4010252389612248
0.052703445690113426
0.9788043717289554
2.5521639637119335
0.5285318845665756
0.5127541066395338
0.307190159863012
2.9527982302284954
3.2064475191867814
4.069988462371612
2.190026450212258
1.2786860652270207
4.733776077315497
2.8001182735986276
0.7825445243847753
3.7160004220172596
33.454945538322136
19.110416150228957
19.777214022945373
1.6051291942021635
34.21699613608689
21.45251468288552
1.0575439537024067
35.82229731044572
13.53948407541975
15.956065268928796
37.78149491277509
20.547924355545547
40.65564440836533
35.19443244656213
41.40025317173422
21.66496759405345
20.53565366022667
7.516066407410108
5.145807039807551
42.69838708230964
62.60005930130137
46.659632269664144
5.1781120727901
47.88388243407826
68.04098198265274
141.84225918727316
135.51794898891967
69.78500104506384
35.17472796095535
69.49665541787544
69.49665541787544
