0.06435678954495999
0.07492964579584
0.08677219186944002
0.09937222256896003
0.11319295021056
0.12683285049600002
0.14058780246016
0.15517548749824003
0.16916308347136
0.32316951039999997
0.47927375161600005
0.63425296
0.77449293078784
0.9047327392153601
1.02696010281216
1.1365368007910401
1.238822424576
1.33105876271104
1.5015188930790404
1.6569579835494401
1.7926596367257603
1.9165101994086402
2.0290247553945604
2.86403362983936
3.4559464371097603
3.9410571559321603
4.350461522176
4.73464177229824
5.08399316434944
5.414608809533439
5.74289399920896
6.050411386370561
6.348996941506561
6.642792817154561
6.93822572422144
7.222858351413762
7.508196235837441
7.788448543152641
8.070335542888959
8.34685720701184
8.6233846336
8.89654224093184
9.16191536046336
9.44914155175936
9.715988234304
9.978098305443842
10.253162627135998
10.5243145744
10.80386412269824
11.07067507845376
11.328178821696
11.590919847936004
11.842859538639361
12.06716416254976
