0.023471449568038594
0.07665134663731266
0.058410083695470405
0.017384368680893658
0.08387032661720184
0.48868454356097146
1.0787949176834388
0.03579099281931519
0.13376065236839452
0.5757726349276027
1.8742592500856574
1.1180051561656796
1.3540733991085858
0.4623723367045045
1.2237850697716794
0.8265586137530363
1.1461115771868435
1.3384575777135979
3.7348069841937104
7.110225323880513
3.6987206548496943
2.1741152659849377
8.612896159539105
8.353586257597726
17.84196712695939
1.4249272599472533
21.502808364559314
19.83482404755341
21.686456159595764
23.45579161969181
49.1138168991929
17.700429068023368
1.0244163371353352
6.1199053669624845
21.333719514030236
22.69318379093602
2.7367593514245527
7.550210499273817
2.2356875007499184
10.460317839515483
18.37259744209223
29.620661931592622
15.180556672348757
60.15750496973487
13.970816897395707
34.93758761033678
10.541899337047653
21.833667929233343
85.57128116019157
49.27862772953813
37.45167944761488
11.314640774624422
38.09911608841503
41.90902769725653
