0.023401873305147092
0.07663375113149229
0.05838702408178165
0.017435742563172596
0.08393966468702985
0.4887621206388246
1.0787182924224794
0.0357223097008017
0.13370800202822863
0.5754308096553586
1.8734484304857517
1.1169040328654773
1.355205936143932
0.4633102435039973
1.224352748494539
0.8266464846533381
1.145648497811635
1.3394806320917496
3.7326237734105234
7.107059848977769
3.7025675745978788
2.178429092198712
8.617391402340672
8.349581331032823
17.857745390862874
1.405509797007653
21.517081390989915
19.83119091813751
21.695976132381475
23.43355387833617
49.14511456926084
17.663701618745108
0.9873746791126905
6.0874320697112125
21.310496611702547
22.683226225723047
2.7432844000140904
7.5243547119316645
2.2832784781057853
10.389721177980391
18.467840399363922
29.50130528637237
15.32561217337934
59.988632666638296
14.165351896859647
35.156433601048775
10.783716012432706
21.569773436363903
85.28655515425635
49.58571425820264
37.77833790756995
11.65976821215736
38.46233581492561
42.30856939641817
