0.008412329233554061
0.1653975517507149
0.19511074702221975
0.764931294891781
0.4449577777985212
0.1311003653736904
0.11100546132661293
0.12517944483552412
1.7014615045957555
11.212705212342684
16.730857086948475
15.993411607023404
14.475958457541878
9.905676656821413
0.6002504542869929
0.04839479931229107
4.453251314923136
12.536166959628417
5.5670317654575
9.069595014048673
10.115805486108457
5.0273316084064845
3.6104212825375726
15.26672310560707
51.97163770080988
29.533302336864836
38.67697787056022
19.378415083920117
72.18071458956729
78.53322080016187
34.81663799629132
83.79355695605773
37.68707599802292
20.50046647946874
88.30339284483489
43.39665595515544
82.70604943706348
70.38286771014464
5.382628362618561
18.06792443624363
53.96897363554672
132.72577189753792
36.3941396034279
61.273673653216974
53.93003693288483
70.86038510387152
33.94961703414447
27.63040264610754
15.88810683900374
31.56621350073692
65.39251456475176
31.90114488882682
32.706039112090366
35.9766430232994
