0.0050875384687650155
0.08115549204903491
0.11275519273215999
0.0489703554168015
0.13953392459776004
-0.022105272896578765
-0.06134024664496732
-0.0427824782979275
0.19226239221210245
-0.6348771894863349
-1.7213842970791953
-1.3369151678207596
-0.8753856708356037
0.2940765738089837
0.8470466912254966
0.9215846400640002
0.3744099603244133
-0.49161953518576884
1.16747852120064
1.1194256517823826
1.3559875861734403
1.4330886328422396
1.50233852888064
2.0225618202239994
2.3687278461158403
2.6572077529113605
2.9039649896857602
3.137812612323841
3.3294380928391063
3.5579858416537604
3.74721013874944
3.9415463267558404
4.12112086695936
4.300679620864001
4.486676345141761
4.085600345125961
1.548999087083922
5.010685263935999
5.177117507584
5.34724555788544
5.51574158899456
2.393502000649195
5.861597376616959
6.031291562813441
6.204634620828161
5.655025605466931
6.553460736739841
6.728528873904641
6.9083099326489625
7.079499032995838
7.253067695104
7.44159990255616
7.6140852695142405
7.794048968949761
