1.2632719870374753
0.7634008395405729
0.24054756923285936
1.4155861482462981
0.6548742707738597
1.7500223683408294
1.9428182416595376
2.3419553451017237
1.0786842501085943
6.0610912431605755
10.412806449104067
9.259236814147698
7.857536277189411
3.7755175881228524
4.7428593921217725
4.419122108092438
7.899576074283004
14.858301691494148
5.901694098038206
7.43078666576821
6.823904249959014
0.5064864704870615
8.940676067876211
9.03709066798092
25.74928545471539
2.417094855009964
16.56981997190269
22.17021038697203
53.50670854885357
41.35787961985443
15.82546028591969
24.60748046007575
24.272916285324754
39.584834214718285
34.360065472879796
89.19953112393705
117.9985190833213
48.117168523684086
5.069608135541785
16.733221165639407
41.788359458423656
155.658944538598
6.283877975256473
25.113242272469506
13.730688225099584
112.8583150484119
7.418994444611599
10.76290481864271
48.78541851716727
6.1346773483091965
49.66630181443179
34.768468594702426
43.59636279090046
47.955999069990504
