0.3556489591458032
0.1975525989333562
0.5110059737583015
0.19420169580329372
0.46599656959800484
0.7679056781873754
0.6154617869071046
0.33773449889839924
0.1142400650771549
1.9374619402892392
1.8553616212223574
0.7388235545319048
0.0155983897684564
1.1247574457284486
2.3649020289637974
1.408917844088819
0.3581166819635655
0.9011410888660976
12.392210262617482
3.44629578702461
3.3050424249561274
1.3286759049244665
8.187328096008287
47.72742401634605
31.046203721630263
39.4957329368126
42.293841940811035
6.561267369481357
18.988594279055178
112.15935343401179
45.16436008038545
35.243728971559904
53.350832502728736
129.09147600388314
24.66974816810034
12.4135838895927
39.16132176747851
109.18221052738954
154.3111252599374
166.32469300613593
88.55972467254833
62.20096279060817
150.4730676452018
120.59904902560811
82.27522534529271
84.70240012103022
14.527505377067428
51.02730443941982
9.800875519256806
200.03975126703153
111.64342053819564
46.357073059778486
111.74406764669402
122.91847441136343
