0.06139136041984001
0.06948242946304002
0.07846811078656002
0.08633724422399999
0.095896747584
0.10535165707264
0.11453513564416
0.12376774308095997
0.13322967204096
0.12243236640207508
0.24502760561673798
0.43539093709056004
0.5215959506560001
0.6009226368639999
0.672518085184
0.73580162540544
0.7935987562905602
0.8477695135360002
0.563350828294469
1.0290657902694402
1.1036426959359997
1.16926678333696
1.234321
1.2303691839633268
1.9711306377241604
1.4966890375109974
2.43237212292096
2.6360198095897602
2.82313656004864
2.6707866030240868
1.6796069534725866
3.3403849395840006
3.5054623549439996
2.971178534275541
3.8218498340070406
3.9775483933926408
4.128341276224
2.8905794763237083
2.2130442819298497
2.2314984407903204
4.738702044736
4.894048292700161
5.0390121068953615
5.1949130969190405
1.0697214097483432
5.50566053652736
5.666639325276161
5.818469552220158
5.9782440740070415
4.414547229661467
6.28317991977984
6.15654180377876
6.601487480895998
6.760432646922239
