0.35377986722747323
0.21634820084830508
0.4707941756631797
0.2520670285331832
0.387836349290275
0.6707097702824498
0.5005962483178195
0.20578137387612117
0.03464326822172836
2.2513590078250445
2.358895741668647
0.0007930412274390619
0.9802491828888833
0.139077643741075
0.8513903241905609
0.3097309810735851
1.513286772629499
1.0621910134417476
10.47130810580336
1.8404902511517776
2.3001758084828907
1.5119285977443724
9.121582269245664
32.73646335889407
7.96827943372773
58.4413118432667
35.090692062469316
2.589222656766651
5.757452871081114
74.53792445514046
89.71090006146187
12.011995385015325
8.699316423735581
91.8604824635695
2.587511703794007
1.7668269492933177
38.94076112136463
126.48143063821772
123.73873408505824
120.69377234219428
28.309214423054073
10.526540381535597
67.9605311284904
29.829679160262458
179.21605951339734
14.878367999655893
85.47216223636497
46.78581523846515
83.07274545169639
113.58575383480638
35.312015945775784
109.39771584478149
61.753272290596215
67.92859951965585
