0.06139136041984001
0.06948242946304002
0.07846811078656002
0.08633724422399999
0.095896747584
0.10535165707264
0.11453513564416
0.12376774308095997
0.13322967204096
0.23333691606015997
0.33645011386623996
0.43539093709056004
0.5215959506560001
0.6009226368639999
0.672518085184
0.73580162540544
0.7935987562905602
0.8477695135360002
0.9499480805478401
1.0290657902694402
1.1036426959359997
1.16926678333696
1.234321
1.6640339526553605
1.9711306377241604
2.22707628785664
2.43237212292096
2.6360198095897602
2.82313656004864
3.01019168809216
3.1654957058560007
3.3403849395840006
3.5054623549439996
3.6732390316441608
3.8218498340070406
3.9775483933926408
4.128341276224
4.29651973890304
4.426263927613442
4.578552315927041
4.738702044736
4.894048292700161
5.0390121068953615
5.1949130969190405
5.36696174223616
5.50566053652736
5.666639325276161
5.818469552220158
5.9782440740070415
6.1172643347481594
6.28317991977984
6.45677044350976
6.601487480895998
6.760432646922239
