0.3789343889607615
0.11863313313926582
0.35433412227411054
0.04728257269784564
0.34083529050195693
0.5981613728431014
0.19357982043537447
0.5186702631195459
0.23796952298638985
2.048264009948781
2.9663522365254096
1.4834114651227992
0.8056418689955649
0.6231751090646753
0.4614475249144334
1.8497640087729224
5.643243473248617
3.054882219916749
6.712780377926265
1.5705718287549644
3.552046079573529
3.2756258235328914
1.7508439342532256
25.624852582894164
9.405521574107297
8.948855928817466
6.305494916370662
5.543275572701532
11.977792812187545
5.542548319986963
18.237374423728397
2.969331461703405
16.34152271023777
77.51032745631164
25.799164022671903
18.119505445596587
83.35924779382549
7.032615313684801
59.924767575063015
47.67989833550382
8.87866306514843
25.685113496510894
15.70364903146401
28.984425355454732
116.99517315717094
6.682692335423781
36.95250266761286
33.7027313999788
48.49610887275048
16.689670448176912
39.17227312263276
20.61230795091251
49.727956975744746
54.70075267331922
