0.06102559952896001
0.06914880307456
0.07787760910336002
0.086078865664
0.09542860079104004
0.10496355876864
0.11403534655744002
0.12420154802176002
0.13331962479616005
0.13729933898339142
0.100860896033096
0.45978597685503997
0.5573207771366401
0.6453461582233601
0.72266592952576
0.79353604228096
0.7477221100504322
0.9152764207206402
1.0196249513190403
1.10404950405376
1.185154467904
1.2530850168038403
1.3182566891929604
1.7658769309572575
2.09697275741184
2.354555215936
2.5812715246489604
2.7880557119078406
2.982832959744
3.17107198710016
3.3517817716838403
3.524270308416001
3.6922883014758403
3.8094568694641464
4.022251660247039
4.188637051455999
3.7949898368195676
4.50772685662464
4.66018256551936
4.819654705789439
4.9814168915174415
5.142815243061761
5.29730363920384
5.4603276561433605
4.287947256439674
5.777700617751041
5.94155055087616
6.096648388976641
6.267572334144002
6.425324599541759
6.59615256216576
6.756863723850241
6.921916845352959
7.091586043210239
