0.6071267890066956
0.24421606933194795
0.3330777945235397
0.024699541456833174
0.5142205359260856
0.8702472383663462
0.5556507915919866
0.9775028615828489
0.30430995073263034
0.7105848515412276
1.0638577232305693
0.7339207597802329
1.4959079543826874
2.8363572278161087
2.4688978696542563
3.5671879135119298
7.0099347175550974
4.06969316730499
6.960861009477867
2.0125364437296867
2.4270550781666316
4.959311871182308
3.9355387774901374
28.930105134337737
8.184535407268413
9.833517490977101
8.476565202219717
2.907079805354442
9.454985605723778
7.609399850325644
19.699444927306104
3.8087110970263893
16.088108686948544
77.20609263615916
26.535719491799682
16.97130719459892
84.839235963791
5.21855690837765
62.01890153801651
50.05167518050439
11.521869772303035
22.777746841326007
18.859077207671362
25.572311697731493
113.32554059187532
2.790580258020782
32.826545930809516
38.038719853619114
43.94348693833308
21.426784002091154
34.25358211394632
25.683521942781226
54.936660900726565
60.43032699079922
