1.8392038021010002
1.5715328334192478
1.0661692084140668
0.17282305240614448
1.254458989805677
1.3315401442699226
0.594977996136862
0.0439150999821436
0.11872139364005818
1.235504312562739
0.46083172711823295
0.00015276543655318164
6.065031863773925
3.902140575457622
6.668962218156139
5.136714937858642
10.289508113040938
8.669367326713086
10.604601621323468
2.8199153294892767
4.061097747492113
2.343435911266397
4.933417325533355
35.54165161202718
46.47514425803365
37.171808753611
15.160669127319125
2.7741212796863692
9.844817949599019
67.28443329332185
57.81180945561391
5.904498903306376
24.355681901935895
116.45170813094228
79.96575979382033
2.517153838820377
53.562555819778936
65.32394159776595
6.215233623828681
76.36511781813533
19.12608453609937
7.137762022903189
13.217959832778433
29.095943891115894
36.01230152304197
17.293242644205748
51.034877448983025
128.00655755694606
19.560424472700106
29.081493492645677
84.41278031540423
77.03401004520128
115.00363458345964
126.50399804180562
