0.4949243572001123
0.4610578834998904
0.19356144055333857
0.45446355006009753
1.6259733584693166
1.4857018955960015
0.5554916908571386
0.19088619931103779
0.5550180018005477
3.4671140017119626
4.039540132363811
4.4426487267835455
1.148270937192251
1.1230459549018406
1.7910887729965452
0.5937508837394034
6.272423739175451
5.253849349246707
8.670952862949889
2.4626007638717056
2.754172126630692
0.7322487468397867
0.16570160925084565
19.294619495513416
29.224983198717382
48.20984537075492
12.76141945818381
4.282032115204856
5.597748876865808
45.03402402318898
31.02557810237522
23.434650927516486
54.58140414254376
86.92484131274978
107.879402831888
22.56807045323876
31.92503227146517
47.43541166081559
20.391555684040213
86.84212032775758
12.555407935986295
3.9525266676209867
13.398066771042068
31.58154582935822
40.61277737621276
23.465208783891285
43.84016944549512
135.75829458139924
11.850011386377446
21.92403991529136
90.40124777341407
72.48652123278589
112.46162971137528
123.70779268251282
