0.06997506278400002
0.07923909723136002
0.08913138598144
0.09981656709376
0.038029142084774856
0.08027362796604876
0.13128389849344002
0.14116912533503997
0.15168719247616
-0.07656606229333385
-0.04279743895814858
-0.0017392017154343464
0.5675368251801601
0.64585525126144
0.72078198252544
0.7854355175040001
0.6559344254401773
0.9034943537382403
0.8136647032354315
1.08666113884416
1.1614769496985604
1.23283537369344
1.29644275188736
1.7552010256000001
2.0741483882521603
1.9935396061565314
2.5690140008473605
2.78088976
2.97833593716736
3.17201229300736
3.351395120578561
3.5212972861440006
3.6895832789094407
3.5556083498982325
1.8253762977605774
4.18993388771584
4.357145244981759
4.519467817216001
4.67310945125376
4.25790045558157
4.995332280576001
5.1539969223705615
5.31205878793216
5.476461153856001
5.638018501181439
5.797770516735999
5.953482880576001
3.8119285360871475
6.283885805824
6.448186691583999
6.625838424156161
6.777374990256641
4.745131492023267
4.8707716588054915
