0.09983881033984
0.11274337321984002
0.12569464078336
0.14058780246016
0.15324030526464
0.16606472610816
0.17928517387264004
0.19194633044224002
0.20449786356736002
0.32318952120576006
0.43683216611583997
0.54852627937536
0.64554411499776
0.7291438437606401
0.8168139502617601
0.8852190449766401
0.95080596861184
1.01877208043776
1.11613984821504
1.2109681936000003
1.2940391134105602
1.36711843603456
1.4351541636326401
1.942277046336
2.27699408242944
2.5588686050329605
2.7983508410598406
3.0410504897766413
3.2467369383961606
3.451040373045761
3.6422043039360004
3.8396935485849593
4.00927256756224
4.1987288464
4.3854793003929595
4.543670812285441
4.71643030414336
4.90776321654784
5.070351041536002
5.247596038474239
5.416492856895999
5.60663595728896
5.762396409200641
5.932887805504002
6.116132600258562
6.293065932482559
6.4543556861977605
6.62973510985984
6.820053424138241
6.99601653600256
7.162157770352639
7.35953558999296
7.535903425600001
7.708396960000001
