1.1735551167851774
0.604401034278677
0.19784376884377508
1.351401040026083
1.291797020705033
1.2718377946717183
1.4575642632814407
1.2482024499837507
0.9532400633738973
5.131667284801495
8.682377359952568
4.681269011505265
3.0498830910152606
5.093405878599242
6.242480782740699
4.122131923452798
5.496348251227005
17.758927444569053
2.9148121136566942
3.439779026875158
0.6002744520512806
7.219876781155563
12.536714590514293
10.67559922575083
17.772065507763728
0.11872044377741986
50.27286007420844
69.56897980028043
14.229842916385678
25.766581751478952
10.774530418590075
60.2059961859195
79.75882716987326
5.198673398761457
73.03070996949828
99.94668716945307
119.20932141689627
53.6658753531774
44.54624996181883
4.681444154910423
25.800479940862715
150.6974372316472
11.394682792946696
34.06596400379931
60.66681919129769
86.13728474998788
47.293078471004264
54.94301678810734
67.93746479364927
42.7968472794455
85.77431978297682
63.441462734903325
4.307920098792238
4.738712108671462
