0.02536139407392464
0.11274337321984002
0.12569464078336
0.06144433691661033
0.07709404302103037
0.08355402303688736
0.07293448890548004
0.12526853127260235
0.20449786356736002
-0.3659050531609017
-1.2053257604884617
-0.10980584741518362
0.4488557595910637
-0.02568674088735079
0.5620257891495843
0.8852190449766401
0.8650564255772412
-0.7610445558744114
1.11613984821504
1.2109681936000003
1.2940391134105602
1.36711843603456
1.4351541636326401
1.942277046336
2.27699408242944
2.5588686050329605
1.8008794128226087
2.0946373948960364
3.2467369383961606
3.451040373045761
3.6422043039360004
3.8396935485849593
3.450066871001928
4.1987288464
4.3854793003929595
3.128527630438196
1.2263451714929734
4.90776321654784
5.070351041536002
5.247596038474239
5.416492856895999
2.3644020687977094
5.762396409200641
5.932887805504002
6.116132600258562
6.293065932482559
6.4543556861977605
6.62973510985984
6.820053424138241
6.99601653600256
7.0825945320745465
7.35953558999296
7.535903425600001
7.708396960000001
