0.3550783321381772
0.13986209571869423
0.03517666186494495
1.223393309611346
0.9580977519726233
0.7637287772137569
0.8018124138440328
0.4786763592980492
0.09519016028687588
5.929700607322417
8.414681011637043
2.8052480076763118
0.48245836062375247
0.04639552719351059
12.872941092297651
11.92409075301316
14.319329260997165
27.48351256631679
13.540445856897122
14.344296218755517
11.123610865902947
2.389512874007096
4.3273626547245385
7.711188921914982
53.119652466446496
32.00381215400739
64.81551419996867
80.43367719717389
47.381362935155266
77.89221018056014
54.27624512255716
132.87967097061482
5.15381232319487
67.04233685855434
139.08396356188314
41.41986153365724
70.56098544011547
90.20387049470082
18.630377740711992
19.24367776618601
21.40051827075513
144.84831832079362
24.45568408761028
53.61745533390058
35.91183812286181
58.18138417879527
76.57940043219423
83.96438673433295
41.18026018749515
19.901316012677853
103.53282359628793
53.56746936131822
3.0166502440042677
3.3183152684046946
