0.5163007159442294
0.6383855574098298
0.4415426049684612
0.7380347394071407
1.2816458531101205
0.07050316201929974
0.7092855670823184
0.3490791016479733
0.8582968869897059
2.223615379843409
2.9582405205286477
2.394258709749863
3.4891382412274083
2.347864307241025
1.6596063000046115
0.043675445108192434
5.567376239974578
10.430088582917165
3.4978262206179807
2.042708736272516
6.254886141023917
3.969107242664677
3.572014938494931
35.92978031071789
27.33471540821847
21.612237551162252
16.65534424983889
24.293035429451265
33.29492081540775
79.31315811720924
9.233351556504203
133.1073161749773
13.317287012094312
29.67304966196025
10.39335940303863
4.798700527335313
72.06186986093235
137.25546563476018
69.9491716774537
81.40835298986713
104.322426974275
165.43356698910793
11.5510837611655
3.933420862224011
38.28265467029996
214.1389578345479
55.53204529883078
14.676309813461557
54.80797299729602
79.44395143695147
52.28167178774311
93.94659810455778
7.658524341895827
8.42437677608541
