0.07466009759999999
0.08310997094400002
0.09318024871936
0.10276281680895998
0.10832048383036731
0.12115634485504002
0.13211422101504003
0.141923985984
0.15085207425024003
0.13253995159557036
0.14071099504787252
0.45385005466127615
0.36402736519767676
0.659447940096
0.73444351521024
0.8014890351846401
0.705342807123567
0.2589155589516672
1.0238234234905599
1.1109396097254403
1.18526943192064
1.25991106379776
1.3211277161702402
1.0222868316439937
2.09957317929216
2.3541771411558403
2.57426365318144
2.77977458094336
2.979794059264
1.9267005150949583
3.3384551967360006
0.6587356598594418
3.6758030824345607
3.84438527266816
4.00426993891584
4.16252702761984
4.31434108664064
0.42596727210150576
4.64052249264384
4.782017264949761
2.8883270739191147
1.5115019041059932
5.253968125992959
5.41018668196864
5.562963769960959
0.1019277249371866
5.875155472384002
6.03985281036544
6.202705809738242
6.365149546455042
6.51369217188096
6.282050354060284
6.84535639431424
7.003746297264642
