1.503035536853071
1.1890770595210078
0.34884506743080834
1.0270674365664902
1.9253336489052373
0.8260492661932162
1.9004536328513666
1.7668027716527064
0.7377975262919136
0.015160856651448285
1.9870866748601657
3.453288905135935
6.549593814599518
2.4564014035732953
4.211529087762074
6.339902404324107
0.8053774884391487
4.577223717172842
0.3951512259855008
1.129747045768454
3.7958751901671803
10.422506300550367
6.448720079081568
10.696077958996284
26.25121670776207
19.492550452358955
92.14432793778906
120.9768807053988
68.273346871385
171.8020568016782
61.41359638825452
92.5238936675778
25.8789880117547
47.760050081105874
54.4130600122553
59.50631064998743
4.996199078075733
55.175628398890694
147.34279794131362
16.409060843347106
61.46673033805928
170.87053218136862
43.06872667789867
84.94909470721905
175.29616906265437
2.2718829506193288
327.84636645430874
338.9335204817835
384.99858904212306
451.43962361631566
670.3815775282928
808.595582928785
816.5263318982179
898.1789650880397
