0.05181122859264002
0.05893086394624
0.06587476625664002
0.0729864256
0.08082239613184
0.08846008402176002
0.09717634105344003
0.104758384896
0.11388087141376003
0.20176914064384
0.29112844679424005
0.37614572157184006
0.45426521606400005
0.5238100095078401
0.58697908039936
0.6462230544
0.6973666231910401
0.7446751085593599
0.83681805746176
0.9102991772160001
0.97842800968704
1.0407394836889599
1.09707022188544
1.5112394638950402
1.7964319683481598
2.04228336559104
2.24402317444096
2.44138375005184
2.61964324537344
2.7995875315302396
2.95578067603456
3.1123621220454405
3.2836281277465593
3.445419041856001
3.590661169216
3.7456431022489602
3.896391749183999
4.050539439063041
4.194474395330562
4.343709566986241
4.49473242214656
4.64446635448576
4.79549733093376
4.944325805056001
5.10560416301056
5.252757938588161
5.407157748636162
5.53659394081024
5.722750976419841
5.867990753320959
6.024809811581442
6.184572134400001
6.333396357376001
6.496365127690241
