0.18814106345931592
0.21767783420535025
0.045408120926659024
0.23028864196591314
0.02930804161228906
0.17668347274447882
0.5293507194003269
0.12985222304192234
0.601846571534665
0.6465719145857349
1.46748474748955
1.1403310917729073
0.05470737807178239
0.26261392743231227
0.25636528891254784
2.386557235530404
0.008884611622647753
2.3139823254798557
7.625068201546469
1.2497129135697378
0.3810878418496486
0.9480349069363001
0.9286743237416886
4.781465219237816
27.608292361145686
36.401566394742986
22.92252323477078
21.46872304200042
2.94281478357334
66.5503461969729
42.06810764742295
105.45888317764548
22.34620449670183
81.05465917993934
17.477717689911515
7.4818838765822875
0.8977657410141546
38.36494065525767
30.311323153422563
36.06329776481289
20.59280713408225
20.72149862448714
9.415031767683104
27.605392776189547
86.28654957850085
35.12822143694939
55.139686729671666
207.9622008610895
137.0004310012664
24.52243916489533
24.88839686555002
43.27832963661058
67.3497281828677
74.08470100115447
