0.07034801382399998
0.04403198090795419
0.09136255845376003
0.08834453383864363
0.11313374423296003
0.021412453787196806
0.09958689522360031
0.028834022222894523
0.15758359302400005
-0.3157808173339044
-1.003198256164464
-0.13023317667758416
-0.36560524785102033
0.61621746402304
0.588636952633145
0.75192206766336
0.8118586650240001
-0.6362421455018843
0.9551159114524918
0.18565339605554343
1.1229556124159998
1.1944076777881603
1.259278974976
1.7283035707801602
2.0452020271513596
2.3067291392640006
2.5467767997337605
1.8196952566570266
2.9574148660249606
3.14448791151616
3.3335690102809616
0.7214390492647231
3.6844464668774397
3.8543992512537604
4.031080943127041
4.19144711704576
3.4410503968454464
4.531748567132161
4.68643524126976
4.848057110364159
0.5895364485394188
-0.9901069196973582
5.342851029936639
5.505330166336001
5.6759441157760016
2.3353130152906574
6.002366720739839
6.170136768575998
6.34811003047936
6.518274675517438
6.679495518784002
6.853831846709761
7.021643546114561
7.1907297096729605
