0.6459610439695673
1.065710553803438
0.012938781003263955
1.1070543293053134
0.47557938953775647
1.9515623074305495
1.0914615192214256
2.1077041428857513
1.0413054625722253
5.400822741830922
9.207842585408429
5.518733499971063
7.143380216911339
2.568577286494474
5.229558296253003
1.8163130034663482
4.261627142487669
17.21274238987212
6.454511927493968
16.208604867555778
6.305108766920284
4.949837451243411
5.168577227229207
2.0386041785209272
23.70196826960637
33.385854322841624
24.243234385250616
71.92674299667851
2.153852901623395
42.200974965926434
2.2260674604112864
122.33145069473903
35.65758464258033
54.18312898878867
19.957079413747124
49.068888830574
85.6251841133926
51.981565556641726
42.762193376820505
62.198349755606614
123.95079069587155
216.30994717331487
17.500571868797124
34.48111767478258
25.37046692922013
161.2760665645983
29.832470564077084
25.47384862619947
69.62785936939326
74.68352531029086
20.31430782193638
0.9176381952493102
54.53023593049147
59.983259523540625
