0.351312612140692
0.052759144134025604
0.2876314762649983
0.005645677050090114
0.408100486220512
0.016303753459851578
0.018236984475848317
0.10536390760792358
0.09479575869558232
0.5448761087438925
2.0046856716063814
0.06330906210178
0.7187029447635496
0.020773336178990576
0.16310093157778738
2.6831815633121323
3.0621951207060647
6.962394867578496
12.876556854893352
1.1547898863343562
2.566804943072384
3.374443529104383
10.652153191765137
24.569564031447953
34.649571282205216
78.36494506755844
22.560974966456342
10.510975973507811
18.26979522286456
63.914453410068745
95.30640005259556
84.52007831562514
40.09609804163483
105.2696613068365
10.801001238662138
25.350428979501885
53.714298754104675
129.79104570289928
101.84679319804854
64.43255621209755
0.7363717709340563
2.798739272970124
88.00122781249229
101.54530011427414
182.13659494708554
37.222055053920485
8.085039389596204
26.226614397397498
118.4390986278886
46.427913210587576
43.61941628417844
0.44269877501938026
21.37953528179787
23.51748880997766
