0.05662953052416001
0.06417831822336001
0.07188747641856001
0.07938779597056
0.08777046161664002
0.09560266113024003
0.10400779800576002
0.11267246915584
0.12138924937216003
0.21248559667456007
0.30265489982464
0.3901991161446401
0.46731114752256003
0.538122010624
0.6014957953945601
0.6611641344000001
0.7104790613606401
0.7572118401126401
0.8547194797081599
0.9257118401766399
0.9927204962329601
1.05692545753344
1.1159911014630404
1.5197761152640001
1.8050287933849603
2.0551814349721598
2.25003840016384
2.4450150826393604
2.6220936269440003
2.8027688472678407
2.95360245858304
3.11702132287744
3.2875839983641604
3.4496019219481595
3.594864537763841
3.7485048943513597
3.8925017137177598
4.059045101731841
4.187988708597761
4.340482224629761
4.4952548246425605
4.64446635448576
4.78563576201216
4.9339995416166404
5.10942262657024
5.24719287189504
5.396031660096
5.545211141859841
5.711641129216
5.850779205314559
6.00633437214976
6.1669020622950415
6.326577136253442
6.47924035739904
