0.05662953052416001
0.06417831822336001
0.07188747641856001
0.07938779597056
0.08777046161664002
0.09560266113024003
0.10400779800576002
0.11267246915584
0.12138924937216003
0.21248559667456007
0.2998534479930587
0.3901991161446401
0.46731114752256003
0.538122010624
0.6014957953945601
0.6611641344000001
0.7104790613606401
0.546842955651786
0.310480188601172
0.9257118401766399
0.9927204962329601
1.05692545753344
1.1159911014630404
1.5197761152640001
1.70698462122231
0.4966955107523021
2.25003840016384
2.4450150826393604
2.6220936269440003
2.8027688472678407
1.4470945421874204
1.9925114504794739
3.2875839983641604
2.151635467079422
3.594864537763841
3.7485048943513597
3.8925017137177598
2.467690295918414
3.0557248966100645
4.340482224629761
4.4952548246425605
4.64446635448576
4.783979500959659
3.243280895634295
0.70246761872595
5.24719287189504
5.396031660096
5.545211141859841
4.811296459525804
5.850779205314559
6.00633437214976
6.1669020622950415
6.326577136253442
6.47924035739904
