0.30604229713589604
0.08238735200982461
0.30150919679248744
0.004418888361350071
0.39025446870746094
0.01681216090836557
0.030978736877159463
0.0398735409125095
0.013274610919069119
0.7713972488912759
2.335179480353105
0.4754826953421798
1.220711737415911
0.6199399849664928
1.0150114960312067
1.516508927166683
4.604599510515413
8.98292625403053
9.369919729710205
3.9503508045511353
9.659489390914587
6.109021697264097
1.4779419237775073
64.45316353695762
93.15279385442773
17.46696491947023
72.99797286855028
20.566553100708916
27.88885652009776
75.58435964826276
69.20081628351363
48.3441258814164
79.2684711920665
139.81940501971258
35.373430623069
34.2106822634596
63.346842743634625
95.77152018569905
155.81431744126166
141.89023784572782
99.12281728565358
116.08079390809871
221.62248489577905
246.447246374526
30.365890245091578
114.51209931471385
137.88051177214948
160.22016918860754
5.246253123717906
136.20092520127218
100.79359792207833
16.15399840651662
51.86298860527313
57.04928746580045
