0.10808839782400001
0.12677017830400003
0.14708881766656
0.16806457786624002
0.18833933476864004
0.20965555961856006
0.22922339401983996
0.25028007840000005
0.26982456247296
0.4408428816
0.5730926040294401
0.688488381504
0.7906851763430399
0.8933516218598401
0.9708176664806402
1.0541408164249602
1.1235898240230398
1.1897573775999999
1.3088568091878403
1.4102987535999998
1.5028994611839999
1.5925309268070402
1.6591335990169607
2.2232957091840007
2.609853174016
2.9345773044966403
3.2202790605849607
3.46943969050624
3.7095561220326396
3.933583608936961
4.1657593747686406
4.37479725312256
4.566734808064001
4.76563569872896
4.975526394685442
5.165910762496001
5.35701764333824
5.542144638975999
5.7395203163161606
5.941722154199041
6.119005669173761
6.30826315457536
6.494929724631041
6.69469671788544
6.879566640291841
7.05142957302784
7.27488784
7.468222074903041
7.655323900815361
7.8534188569830405
8.043857999964162
8.23082131390464
8.426368596912639
8.6285537536
