0.3340579030911215
0.44754441658585264
0.5500961606550874
0.3198799675668482
0.2788306222229693
0.3326472894963999
0.3487027608094877
1.1796133769992707
1.5227832925982483
2.8297753452168593
2.0200688227432977
5.613650989573443
8.304230944160793
0.1217744013608808
6.2934137879059335
1.4381108519867212
0.961507870214632
2.9769285932228513
7.004268804531648
4.625539551181873
4.6905543282680355
16.021967379229636
7.425865940623908
11.590454547427726
27.40150305293446
4.520185544874039
39.3397672722549
6.478976082384179
4.479477171806138
31.934471539703736
74.91596978095367
59.42398572826278
52.30778600760459
72.60169158532881
30.657457533572597
9.042340168220107
25.123382056772243
80.55747396176957
18.342147528310306
93.52386984592522
12.573402999736572
11.473087826147093
34.74786606492853
54.83214005341142
7.383715079915419
160.4885770102046
116.89372295908834
120.49167607660638
60.36836762650637
84.75929611385072
32.192232087218144
61.03637373809761
93.24066148293787
102.56472763123166
