0.4033130465865007
0.6558226055353913
1.0052425558048839
0.9800367452282899
1.096352914925582
0.6129884517109048
0.6849081950394407
0.07947575164119769
0.38435948000628173
2.0554311085694223
2.0045002794053914
4.812080826558656
6.89655414000913
1.905063975592725
4.470108005814609
2.9926021329142714
1.9944695995834536
3.2259210101937015
5.062464075831144
0.0073567151878251025
3.029523718891596
4.834131245800336
21.407260959179894
42.38490841604016
49.63472758726857
5.380137806480889
36.76961087990094
6.562035460381594
4.817641530680703
33.88050789584668
70.75436073100536
53.29780132566157
59.9495723529144
81.37458770338708
21.259935161644535
18.474080337080522
34.083806225789886
88.59775740643454
24.93034075808464
88.8875703476333
15.146086588218168
11.514269520761445
31.992777815059526
60.873669611042715
16.707253664506425
147.92973265447654
133.89275755374547
141.51875178275805
85.43652563115756
114.23911583254085
66.02498178267706
22.838380512956064
50.39371327393019
55.43308460132321
