0.07612919759104002
0.08569717598464001
0.09645347644416
0.10665815412736002
0.11765339044095999
0.12832901948416
0.13752942582016
0.1475481744
0.15749976453376
0.26362556264704
0.3686490943590401
0.46517201403903996
0.5541194496640001
0.62835172874496
0.69533984399616
0.7584988594585599
0.8212100394009599
0.8725801744000001
0.9699161285862403
1.05164860920064
1.12269451849984
1.1882220831360002
1.2536761364582398
1.7040482736640004
2.0159592560870405
2.28502162898944
2.5019798825190405
2.71049071290624
2.904324907264
3.0997686994560008
3.27629693095936
3.4506480384640006
3.6172570835174405
3.7933451968614396
3.9383323313382395
4.10883926953984
4.2782984166630404
4.437379324477441
4.595892160330239
4.746674429544961
4.916813090365441
5.063220025600001
5.22882493157376
5.398730319882241
5.5559090959257595
5.72022506328064
5.876008706304
6.0552610335359995
6.201390883184641
6.365771210304001
6.54607371407616
6.697156019304961
6.85678105927936
7.04937334030336
