0.6495210302560963
0.501630230126004
0.3982481932757409
0.5786691152271359
1.215191720330239
1.4230343052402148
0.3350822809156426
0.19016315138162554
0.8410548408489689
3.4558910866030317
3.1468308419121342
1.796990950211125
2.202544742539942
0.10174834629242469
2.2841021845125624
1.7740124973637421
6.200909002919161
4.06876668119321
9.01839647637496
6.114764300190018
2.138014315688224
8.34425793590458
0.03523391803537379
9.766924260434735
24.50810187154002
53.70815321531609
18.68909427534345
17.466382401087685
32.945601451718176
49.365238371328815
22.24995337514156
22.932880666263372
13.41902618372842
77.05286401110061
124.47952602916848
45.961126917820366
37.90237481275835
24.30556435951803
11.676998636467033
78.63976463603831
36.86837229842422
99.17534063739004
35.53486852704373
68.0794116367324
31.519548221389414
61.692938864922326
5.6403530707684695
158.80686323275586
27.70890375275485
38.55540582580579
98.36116939632484
71.23391565803468
167.2043229807823
183.92475527886054
