0.052833780736
0.060591594792960016
0.06848395899135999
0.07738722804736002
0.08570748077056002
0.09464729190400002
0.10422359943424002
0.11329956000000001
0.12276670500864005
0.07896750606516925
0.22514617791509806
0.42307635642624
0.36924440651105955
0.5893276692582401
0.5742097645259072
0.72452237324544
0.78396999307264
0.8373011297305601
0.07604706395965966
1.0153996350361603
1.08845986653184
0.6682320633424653
1.21783407944704
1.3027657707097284
1.6573843737724898
1.8482407466542887
2.43649122621696
2.63596265979904
2.8196481590886404
2.266574601012612
3.06072582636827
3.3511373655654397
3.5128475487846407
3.6777604599014415
3.82852774757376
3.98520410776576
4.1419413509759995
3.1190412508104144
1.6181632044460894
2.4291181449528345
3.141498164449927
4.91759364219904
5.076931870743041
5.23301127602176
5.387529292314942
3.2408615981088156
5.0357498161480825
5.85529266034944
0.06392933667857292
6.18430952265984
6.337294704322559
3.7967246004403643
6.658538245076218
6.797303450434742
