0.6581858722777625
0.24226761770596283
0.10823911531240071
0.6954441115398211
0.5627894508116356
0.7510026752335364
1.2692419191630648
1.096265139335216
1.0832043395510595
1.2149000247579238
1.8379747824770334
2.739272161098654
5.703893743180345
5.566487178189277
1.1613466069654805
7.915318425716123
7.670598038729622
9.25543011190473
1.1871994670858612
15.646970163723154
20.70309667438073
2.5952823073439504
22.41631106478826
54.035948870135144
53.259477797852924
43.29569956816431
6.2455083261502295
5.588547886651213
29.529707811099797
101.52888251865079
37.962579950160944
82.09319912021238
52.79127287781375
84.04402092278178
12.021664412179234
30.473146276133775
36.48294874613566
139.04256763000012
118.47050612048406
104.58688760398218
115.8081759466404
89.41828497891402
59.734563126599824
71.29521109927009
1.0709300156013342
36.21900228325103
233.35093124229752
225.86637830195104
0.40083332631911617
183.6230232717935
300.17322925879125
412.6374045704724
228.4892979644792
251.33822776092714
