0.28810239626947265
0.08154257883540694
0.13624631541541987
0.4794074353052551
0.1916096338184019
0.23249642249418656
0.6126455774047344
0.32566077728802156
0.20950421773757455
2.4429803555546528
2.43581573630712
2.0745683269038864
3.4825596560285703
1.5852399001125832
4.696332783571279
0.4563016920176324
1.4580329127102232
1.411077297724546
14.82720890925873
0.1308881172724341
2.9884174726457786
16.909780411133397
1.7718551523289534
31.54784667798549
37.76036753520748
49.6740981641542
4.796299398461997
2.7831466284569615
43.68542621738561
81.97267382535392
61.39165086698267
55.011157801658555
23.315133306412463
53.261489592914586
42.729927752978256
59.544212285833055
62.06274203211069
119.73923811287023
131.10798343964052
107.07259587199223
127.68037782824103
64.19345849967067
16.60915254714928
8.211832431799849
85.53813085203728
148.41481192113133
98.34525446104817
61.54352194339299
200.37074200445204
46.109038429938664
37.763329944209545
115.94202144164592
110.8237729638713
121.90615026025844
