0.011907678402431274
0.12296162968811465
0.15260710998016003
0.16761753068544002
0.18218828795904002
0.10991628235395792
-0.17049268673252524
-0.17707003063642546
0.05282208737761579
-0.5014822751758397
-2.0915176989764688
-1.0795294692073847
-0.1928955922854273
0.8514033403110399
0.9404344576
1.02211452961024
0.8906220336581329
-0.4780825439001397
0.25215192934952646
0.9477930339927998
1.47147768680704
1.5546897843840004
1.6319510624665603
2.1738695142630404
2.5384697799577602
2.8352740394598404
3.0974760972390403
-0.641509006504434
3.5708784084582406
3.7787565407257597
3.977969617431041
4.18273178185984
4.37096962314496
4.12363603806619
4.752427904040961
4.937518645987841
5.11539183341824
5.299491293493761
5.475637440064
5.663036818024961
5.842182910896639
5.646798855262228
6.203494832578561
6.378033067338242
6.5608519250559985
6.7418662573081605
6.926084903119358
7.10330809729024
7.298262179676161
7.484295233536002
7.664481510400002
7.8547012853760005
8.037968921213439
8.22334999315456
