1.376969669587238
0.7885191081054757
0.19078722285662764
0.5701587327648809
0.5700492776326342
1.1259530453834188
2.4772528875431448
2.926938874988835
2.1637764136755067
5.070668302508892
10.707851416757734
8.087561966591409
5.843469397125716
1.6034213195694633
0.1683915071133697
3.204764477607
5.164748236479227
13.5759684162756
12.062536761955016
10.977974677006614
2.3051799615857362
2.9297068232733636
0.5550052090516147
5.612256802232878
23.464897147285228
34.83275205698919
32.39461658341679
112.56846986645542
47.72078775451155
9.715421758151933
36.345251749393356
15.74801826989642
32.19193452671607
71.41716692861519
7.960378120918904
12.15890922165272
33.824219915382855
10.276272253860952
51.96953167466927
17.005188378170715
11.809224018554232
89.85220670451963
29.10822958888457
23.498600839426217
3.797308798057202
7.302174229924276
11.140839640793274
43.347430985777464
54.590803300219704
60.165717435782426
1.9716399310418637
22.26282181726856
31.61286748155544
34.77415422971099
