0.3458822431309585
0.23371818332766026
0.14362137920667095
0.3465869378705335
0.3900858397406708
0.566126323637107
0.21013157374750335
0.9193577797067576
0.29381078949013784
1.7718828657496033
3.0545034728440896
2.1104279353647257
1.635913157311279
0.6240957937274061
0.8272075919797999
4.720184598789615
5.042528620838084
0.676152773265585
12.414609627869822
4.1928278697807855
2.559675137673139
1.0662140686831663
7.138431020110602
29.752959483339055
15.57842739951684
40.956168532345146
8.872911322239815
22.549673347693897
3.978736609025873
36.218808228628404
11.248192332705003
9.213477866338508
47.228280847066344
55.4405806892355
22.728030944872444
35.89346272755938
88.85800606031626
46.921657517930726
86.58113615858383
58.4259845314773
3.289565013630636
77.36230728791998
44.02088373028528
67.94655096645147
113.97775895737868
22.763916811767558
4.270156075661362
42.90957082230307
66.22477291710675
41.645866380597
28.721951212115528
44.51429038823699
48.08704435015534
52.89574878517087
