0.6721046699014828
0.41541620042005434
0.10525109353789475
0.4429317786399807
0.6129627193652851
0.9116312280595622
0.23933537778660252
1.4919478609833874
0.36662385229267613
0.41358172717943376
1.516056204146338
0.7865687407655173
0.7795501871235615
0.3806009716653307
0.3873933185542455
3.55861136399335
3.200630695245991
1.7811505863089678
8.70655897532788
8.784118767852306
7.951266584246014
4.941845423749555
0.6864414692943228
34.743397480996464
15.515472033375772
45.16279541588301
2.706677120544555
16.083851472658353
9.560235190960157
40.3170604286679
8.6690413944998
7.997839842435496
47.43430922143307
55.11909863697292
23.149478511586494
36.06627607574046
88.52633037291889
48.005431406589196
84.79333509676144
55.88731159809686
6.477549748215097
81.00839778693626
47.86338611495012
64.16314696838526
117.34706261927204
25.46730435468635
5.960683274031908
42.53121888689202
64.80940860199917
44.937193594167184
23.024874565751816
36.18200890230946
59.14337439095834
65.05771183005419
