0.07637219656704002
0.08531633442816
0.09490737135616001
0.10464448614400004
0.11449940018176
0.12478527990016004
0.13414345753600002
0.14609151684864
0.15527256535295997
0.21741438312466355
0.12218155915865803
0.48518914664704005
0.58044406841344
0.6659526179046401
0.742823344384
0.753945569683943
0.8758054896870401
0.92947492701184
0.41689349413193433
1.1159911014630404
1.19510023300096
1.2671518602265603
1.33369977182464
1.5121838355125283
2.1068220589081603
2.3723047563494397
2.59089457217536
2.7955251459097603
2.9918980678681604
3.1794769926374404
3.3518462157030404
3.5244024718566402
3.6983782264422405
3.8643570588902403
4.019569476904961
4.17920501154816
3.376417772734289
4.504588551682561
4.313658914639509
4.8089191784550405
4.97113042945024
5.134357191744001
5.287667137251839
5.43387429091584
4.46682142616001
5.75690537576704
5.913355536816642
6.067827183615998
6.237997767682559
6.388438231296
6.556975538544642
6.721408834623999
6.876427920271362
7.04012400365824
