0.08414826292224
0.09529815961600004
0.10733748537600002
0.11960530560000002
0.13099071901696
0.14309333741824
0.15313009017856
0.16454770376703998
0.17578498499584
0.296624015424
0.4174855276134401
0.52751052792064
0.63170449664256
0.71484725258496
0.7974918645760001
0.8715940224640002
0.9357977518489601
0.9916335728639998
1.0996156489753601
1.18795350851584
1.2702444074214403
1.3444124221439997
1.4116785606246405
1.8981829383193598
2.2302292233830396
2.5126815007360004
2.74263276322816
2.9628048384000003
3.1619269574886406
3.3779969773158394
3.5480333457817603
3.7293109690777606
3.90431675310336
4.083406313536001
4.24182693724416
4.4132396347494405
4.585710452899841
4.747978245007359
4.91728141403136
5.0760594673254396
5.254048810109439
5.41141486952704
5.574759210211841
5.75074164335616
5.91498199581696
6.075199603264
6.248200129600001
6.423986283010559
6.57320991145984
6.74634546217984
6.927011308546559
7.08446376622336
7.247854689856
7.4552414318694415
