1.5750779877144545
0.8460070696235924
0.2509049456667043
1.2207969167383652
1.2926708979413064
1.707990376924549
0.4942543559964747
0.15967718001292042
0.397046513638486
2.3023390885569768
1.4460998191905787
0.7295196825804737
5.184869758218213
1.4658588933610304
6.230059792473526
10.53474281250135
10.527524924779073
5.78833336734408
9.335034368367019
1.5933201831803672
0.8844157908442867
0.1223532090923527
2.395878540383819
15.672662521873463
39.68174498737062
10.643320606126508
65.71648677250232
66.1835725583096
120.83500534197083
62.52802476850593
88.42615560095146
85.75187167263721
97.70724013082145
33.819167396461125
146.04624057154797
108.26148925129019
42.81341835917556
69.53266506065847
16.94716242881259
68.43126951104932
78.34942740575934
11.603550271509448
2.460051065965672
116.40136337439617
102.93238173737336
40.28317498004617
96.47613415007072
168.63974512667482
34.38863441788999
12.631430879926484
68.76053427023726
88.77420715103653
201.17551543802983
221.29306698183282
