1.0768650939617181
0.46047785752952564
0.5130507850103356
1.3555900679572446
1.3079772141050867
1.5950965501169208
0.27424479371703114
0.1829267641304284
0.8609410325122013
4.073539054972514
4.416477444189923
4.565889548917653
0.8250002927370019
3.0564021709160443
1.7955658338403282
6.395958807739021
6.8054794750343035
2.540083201817424
7.245248349291728
0.6105435904862588
0.9763145399542736
0.9066001300816424
0.5908859850442241
11.317219884037968
30.28676787958375
33.90537666340424
24.8383236266327
6.608447721877383
46.22665868000877
148.45463225434105
1.5746301519757253
3.6053982904813893
13.528333479658613
41.169919369865966
81.68128985151634
57.13744071745896
5.9434272433463775
46.17421038361863
7.129934023643727
70.31411599944477
64.94041853525778
10.324729354164447
26.472184451842622
82.13299415641086
65.79107733094861
2.286310693642008
59.65802907397301
135.16143793256197
63.427218054406694
34.78815717926773
55.625564465575735
92.63541791661555
194.14011407653015
213.55412548418317
