0.4169857676861355
0.28437280105136864
0.2528926202127053
0.8477552684959022
0.44227666106318964
0.3561385392118055
0.7355633539824709
0.10471561772683913
0.8344091546013033
1.2888408057305867
1.6995994991906684
1.8460872484483843
0.7524238145655886
0.5442988151180543
3.66880072207357
2.936225514099192
3.7406332359176986
1.2127934326291552
1.0511766363695187
8.433159380171901
3.6559461556844326
2.4857808142999147
4.49144350665847
2.8808731076987897
4.630212370454501
30.47255803577991
27.354002251755446
1.688296079642896
49.52823263492246
26.87651512494449
47.973366519141564
22.210308111501945
21.228702745618648
8.002265564369736
84.6291963538606
5.7745063378315535
25.328762844288576
96.49857587812949
45.83667167689782
1.8901624747668393
9.639880854607327
106.87436394034012
119.01016678453016
40.944209024521115
9.414169087620394
10.660384499875363
4.901114908956515
63.79303245111805
28.21624089852412
96.061530756102
31.840686871386424
10.006598548046895
3.3123570945026586
3.6435928039529246
