0.38050558041208404
0.2991325892457688
0.25821590164969166
0.8298212472100133
0.4133108754238961
0.32049951337482696
0.7745119501145297
0.1434378254601114
0.8698611927943318
1.202018059184553
1.9354944655752888
2.1791680425992013
1.1046034557422786
0.8456198343841947
3.8721159172515627
2.8805655234140204
3.8436660372635743
1.4754946359718133
1.6322398997637038
9.293659436754751
2.6135280951577897
1.3252844028920663
3.2956057905566922
1.5356276154348052
0.2701636019464786
35.35974792489924
24.465401220792046
2.1261518301744218
45.47763417337774
34.34488730960766
57.77160168482624
33.14632340069875
32.18372885237841
17.97200263544073
76.34920533231343
0.013976904920127708
28.30910062266412
96.21523841216549
48.51979036535704
3.5618206953513436
17.45690456669763
96.95738010758214
107.61115516677819
53.22471864371619
3.324507787147013
23.280840634201013
7.033886150165927
74.55569547691266
37.188673400858534
89.55095355468075
35.780676907961606
9.380535069853067
0.2946792139846366
0.32414713538310025
