0.11459470713856
0.12436286886143999
0.13591550435584002
0.14550013544704
0.15720654045184002
0.16861338337536003
0.18148281606400005
0.19208515093504003
0.2045933824
0.31939859159296
0.42209241834496003
0.5177896197760001
0.6043383216639999
0.680915430976
0.7473201377382401
0.81477918886144
0.8723828994073602
0.92347794770176
1.01806162729216
1.1048263458918404
1.1739913196774399
1.24231175977216
1.3038278168678397
1.7593072487654404
2.0749088784793606
2.328700416064
2.5651225600000003
2.7714471665689597
2.9625019008640003
3.1588606949785607
3.3419291353113603
3.51482704528384
3.6862709771289612
3.8532936211686404
4.010047902108159
4.181652000317442
4.347011498621441
4.4965982847385595
4.661930449820161
4.8264574864
4.9851100456960005
5.155915000896002
5.317008786496
5.462055106816
5.6276592594534405
5.7871807903359995
5.950906544704
6.1073434604160015
6.274888728739841
6.452299026933759
6.606010286655999
6.77774154537216
6.945274127165441
7.112129458677761
