0.7497886610373996
0.24031627120711363
0.17842029856352326
0.4595144396199444
0.5730255866791296
1.1126145975953605
1.3555242660958697
1.1882068927513671
0.4665157740714818
1.141189581319452
1.6671246153752008
0.7600366375401109
2.4386315196313717
1.2841395321752884
2.6581878334097837
3.3896363209408946
0.41839731545462655
3.1121702547220593
7.9238823937731695
2.2186031601092964
13.301336100746767
9.33800505099316
10.590644270001576
41.69271290175766
33.98240179959612
47.154685646878534
15.89729979159165
22.606567148810427
32.19463918990368
63.03326640689738
54.62888042762461
67.94425303379467
3.0260548365949944
30.090523776238115
61.93128972771956
76.5553899587103
51.255650044269714
81.66198638164497
82.5702478436724
91.63613214188081
108.67201640576968
90.9546737333585
56.98771302660316
44.747943907030276
8.679057764013123
102.83686075590231
104.88320707985986
118.5372747685251
100.40717545978987
12.242394371722185
38.32350764081639
49.303332273309934
109.64173375445534
120.60590712990088
