0.39030384296157195
0.06592632593595127
0.16832790161595312
0.30639901214647836
0.27759552100121
0.6794952299563093
0.8004892939577388
0.5270534578752972
0.2850238600466781
2.4040430593642554
2.8213315675366175
1.4535980392658985
2.533721633424932
0.7076357992507383
3.928868170750434
1.5243905992404052
2.920028339456735
0.06074030075171777
12.087687550788246
2.813728953155305
7.493060883073667
15.991310359593854
3.3431300071104033
30.271422268119295
21.602874785581662
57.97126933259824
7.863195923901003
17.84926987972358
30.329861345997415
62.843619380486416
55.484774124619435
67.73214135472517
4.588301706342463
34.54952035335373
54.080021620080515
64.70715760502208
35.147109776702564
102.16422996200345
58.71710826076014
64.61999129098695
138.39299688166284
59.84505263190658
25.166574846662115
13.216178306814982
21.52943476294604
130.55863033262722
80.03552839629992
97.81643582417018
115.34430081627215
2.90075999347755
40.6805638106307
54.07226332540449
95.875302821878
105.46283310406581
