0.06420507312384002
0.072653967936
0.08102266216703999
0.09030169240576
0.09933893668864002
0.10910918836224001
0.11880319942656
0.12824076669184
0.13720327177216
0.1033284924152092
0.17240806348116292
0.4407727702118401
0.5267438347494401
0.60655685406976
0.680479807744
0.7398834831590401
0.8009849045017601
0.8524105048166402
0.3744182106453561
1.0326754474009598
1.10264448473344
0.7832627011689048
1.2334998854041601
1.3938295093120927
1.9809774307840005
1.4835537005947614
2.4501365407974403
2.6485505379942396
2.8343850483942403
3.02254080327936
3.1823648578585604
3.36171344920576
3.51891977158656
3.6822846691839994
3.8322478747238398
3.987874802728961
4.145882388736001
3.6876332994674197
4.451627372544001
4.60427224474624
2.706385376394377
4.91064890880256
5.06694337456384
5.22150285969664
5.37862926864384
4.077298922403642
5.679047408855039
4.661533317654644
5.046835356309136
6.1572030321894395
6.320381031754242
6.4715371069465615
6.647329747970561
6.78947654277376
