0.10226692326399998
0.11315742476544
0.12355731165184
0.13454341376256002
0.14517806930176003
0.155286436096
0.16562034843904
0.17704167047424
0.1893642256
0.3107447050470401
0.43434637526015996
0.54946520158464
0.6542557937766401
0.7501222812160002
0.83652828100864
0.90446490832896
0.96911896339456
1.02924433748224
1.1386016779878398
1.2334216982630402
1.3160348008473601
1.3894336455577598
1.4590359385113598
1.9353662112153605
2.25865310361856
2.5337049912345604
2.76623424
2.981313315904
3.17445774072064
3.3851819649049606
3.55546322436096
3.728359362816
3.9015351330841606
4.062875560437759
4.226978100674561
4.389682016586241
4.54539671044096
4.737859203573761
4.87965272484096
5.04596791885824
5.213060690083839
5.37373226041344
5.525500887554559
5.680557425664001
5.86262008271104
6.006593177559041
6.170923717263362
6.332599115983361
6.503275223104001
6.654410452687361
6.81095582404864
6.98159286671616
7.140695595264
7.307774661468161
