0.3757291143444519
0.4693766996783566
0.5991654401936941
0.9424010919028873
0.7816538559416841
0.036984990912287685
0.6899808412704118
0.7645617898940316
0.3390284929874525
2.0479723763612014
2.834919280795475
3.478928159176064
2.907251014887777
0.4093844621376661
5.269397703724394
0.9037270488901186
3.4175460052338167
4.434251176978819
1.5008297102248207
2.2438053037885766
3.8770502335341916
3.6795305796920275
10.769890161977173
9.869393469703937
7.214237634971141
49.97517961041194
41.788601521517194
49.95955417616278
14.741910982282207
159.61241858228823
38.08372109849006
11.770140974098467
17.18892008622788
104.78500871651704
137.7824867583986
162.02507934899404
240.01478537054936
79.03947522359158
118.84712240187946
52.67764410921518
26.626063770312612
40.198212637646066
40.559451032371726
88.8558248435802
142.33412202056934
32.02691866380337
0.26227121895499295
4.652554278181924
74.16522457800602
58.09056677078479
144.8460665915045
100.1122098039632
183.88513007518486
202.27364308270336
