0.06818950361344
0.07834983202816
0.08851243810816001
0.09887351981055997
0.110006315584
0.121315676416
0.13039263224064002
0.14007354169600003
0.14993746974976
0.26050816
0.371046666496
0.47443662340096
0.5685184128025601
0.64894238044416
0.7217685052441599
0.7876207504000001
0.8519555826073603
0.9072791101440003
1.005174677056
1.090370347264
1.169114537536
1.23796064871424
1.303908204544
1.7632780420710406
2.0840964496
2.35379909673216
2.57855767020544
2.7912892795110404
2.9870291858457603
3.183306836469761
3.36364990145536
3.5349835760870407
3.7021700456857594
3.8804272144
4.02903168712704
4.20060437381376
4.3688357109760005
4.536545574922241
4.693143379048961
4.84642965393664
5.013128164802562
5.1753556435046395
5.334636484362239
5.501449059082242
5.656923556669442
5.817790310492161
5.984442401344001
6.166989475637761
6.311800019036161
6.477896437309439
6.65550012641536
6.809853497244162
6.959381668096002
7.149257777052162
