0.054270829989427366
0.07834983202816
0.08851243810816001
0.09887351981055997
0.055764076697707554
0.04044239317052606
0.13039263224064002
0.14007354169600003
0.14210853378033722
-0.19115538109415275
-0.1813269324911208
0.32568407756213724
0.5685184128025601
0.64894238044416
0.7217685052441599
0.7876207504000001
0.6854341730454221
0.8452854667447885
1.005174677056
1.090370347264
1.169114537536
1.23796064871424
1.303908204544
1.7632780420710406
2.0840964496
2.35379909673216
2.57855767020544
2.7912892795110404
2.9870291858457603
2.9758737190956195
3.36364990145536
3.5349835760870407
3.7021700456857594
3.8804272144
0.8230899754722629
4.20060437381376
4.3688357109760005
4.536545574922241
4.693143379048961
4.84642965393664
5.013128164802562
5.1753556435046395
5.334636484362239
5.501449059082242
5.656923556669442
5.817790310492161
5.984442401344001
-0.08292056973705098
6.311800019036161
6.477896437309439
5.488086926176953
6.809853497244162
-3.9803690896649933
-4.088967386323976
