16.36330353731654
24.43230181133319
33.80557851247882
42.483309913792965
51.40563371782747
59.83645485449203
68.53668164681407
76.59466837645952
84.7098962249575
168.02087506543407
252.2584727664462
337.5332416902627
423.63559411042735
510.26439182438503
593.0830519226877
675.8038007569512
760.5318500102928
844.2892471493053
1012.5723271897094
1181.3848116713643
1347.0733008228526
1515.2921106655647
1679.6103366199952
3356.8984334389766
5018.447180129466
6714.773661357263
8399.927431752954
10057.082296512224
11837.279275421002
13493.380593458607
15155.577365576697
16772.536065067405
18488.593710250574
20171.070491906277
21824.563853253123
23502.403410743605
25195.615393292028
26895.957905768704
28584.38279422427
30235.641808979733
31943.027705215878
33621.357358465255
35331.00216604614
37029.529002487354
38750.58199659877
40450.98197364008
42088.80834329093
43801.225152964544
45493.72722938041
47162.68591000096
48771.576051054995
50373.26502467213
52089.51159629781
53697.14276665059
