0.017731002945620133
1.1546776405684902
1.0982884317089159
0.7699866890156315
1.4643453482154385
1.8485277601651973
2.346379749966758
1.973725007889385
1.1108045313299755
0.3613542713841582
0.8387259264374052
1.8478285245776647
4.3174649007797825
2.3790599950104365
7.9926862668733065
3.1693246310371705
3.334825517775812
5.332051346277922
10.164316478328601
19.67552769620579
7.487292571205444
25.750421563129294
27.273739993729123
54.186628845976884
125.85276864258412
163.53137965310452
113.27772828239176
133.64800015924084
118.91675449505783
0.7547057939755177
206.34159216580701
158.82592651903178
82.57042116318917
271.5474624277631
326.6927744955865
111.07246264581045
266.7579518354687
227.2009580695194
123.54503164049311
126.39314616193224
153.71073561808225
169.68746413592453
53.07129189747502
111.43128053125838
213.61076551754377
153.613026621053
201.91570355430304
5.5933592568544555
178.02764893462154
38.3351797633004
104.62586908365483
329.53887093332014
122.96980851470289
135.26678936617319
