0.6271069768180055
0.3525056719120947
0.163404551502488
0.2887897105377917
0.27139837659468213
0.531499158730206
0.9092664901801868
0.4331463083815237
0.5226830194563519
2.744581922831287
1.8461255102097027
0.7506080171357894
2.123931838036185
0.821665316586973
7.383142550513412
2.825810935573031
1.7034898427004919
8.610293215345223
3.7101561174488324
9.38807681034973
7.693952904434582
6.163336924057603
2.524926393654141
22.32827421094953
16.152884036500836
38.43400322061552
16.453258087876748
3.410802134514597
12.311728166871035
135.76353205288615
65.83610778943512
9.643051868570183
76.87065186055406
103.183371938645
149.29365658624738
74.8888641246267
76.13940474035189
34.28083134939152
68.02407042184132
60.16886613997849
24.246269343937456
4.108783278374176
199.98219290382985
17.24760370417789
106.96276944412239
74.70563553776446
152.13940182759688
18.14842249423964
150.6241998932528
24.701945546963543
1.2459459441161016
174.21654806908919
72.41311393331853
79.65442532665038
