0.15271713673215997
0.16740143126784
0.18062908002304
0.19373941709056003
0.20885046240256008
0.22376230043903997
0.23915386192896004
0.25326499111936
0.2666887901286401
0.41992266260736005
0.57704320624896
0.7212602123161601
0.8515657459302403
0.9606477599769602
1.0657737767142401
1.1422103175577603
1.2218384154239998
1.3012165663974402
1.4161990097305601
1.5197761152640001
1.622790636544
1.6992269599360001
1.7764837911040001
2.3132560500966397
2.6640977322009602
2.9542679398425604
3.220847587584
3.4535256766489613
3.675465656220159
3.8986850012774403
4.074164623936
4.27342168129536
4.470213746944001
4.633624765327361
4.808533231434241
5.0091882963865615
5.16847123369984
5.34635022974976
5.529307696704
5.700289950784001
5.8680760218854395
6.03656595691776
6.228945761167361
6.382211900416
6.5419315984000015
6.718397644963841
6.884368420864
7.0770641397350404
7.267104724746241
7.42595636369664
7.60699646054656
7.80574757357824
7.960514644994561
8.138376550656002
