0.051571139811840014
0.05908477501696002
0.06739215999999999
0.07490074240000003
0.08417889849600001
0.09244032160000001
0.10199694140416002
0.11074306084864004
0.11921606861824004
0.21495908231424
0.30432257703936
0.39165167371264
0.47225703433216
0.541743105024
0.6039005737881601
0.66256734750976
0.7183932125286401
0.76535062458624
0.85667316080896
0.93808057927936
1.0005216680166404
1.0678461166489601
1.124074930176
1.55565551198464
1.8465983388160006
2.0897408563609603
2.3086541539353598
2.50103344398336
2.68424446064896
2.87190234169344
3.029459997583361
3.1960057264537602
3.3684934714393595
3.52136333967616
3.6836357184000006
3.8355561709977595
3.9927968457625598
4.140938476956161
4.29440408027136
4.45029064786944
4.6071428563353605
4.752504640576002
4.912443144970239
5.05949804515584
5.2185272205721605
5.36810345812224
5.52922492604416
5.6728416708198415
5.8311276756198405
6.0040916254950405
6.153797076951041
6.31719564577024
6.479509158144001
6.63372360192256
