0.4528327982457796
0.1953267849079836
0.09273161214749592
0.7973275077632138
0.7031506834535222
0.7193703501963782
0.11721810083859907
0.2365453244311766
0.16575967845638218
2.5798665771024503
2.4939423525469238
0.8549246415452103
1.508555848617334
0.18933113454039585
1.5651533366685726
3.6154264349223695
5.4360283559542495
0.929109164040824
11.260333835832284
3.541139978638739
5.5440934799087245
12.474732517606526
3.672419907085441
26.570346456357584
16.632445143802215
50.76925129090432
12.878817799441094
14.001670132376603
44.92930144350612
57.635036256284366
10.3616084553978
20.80577624432044
9.402382470736484
41.57042894512415
35.056430411645124
34.73448352433843
38.15365702753843
63.01811704069041
113.6335755393593
75.01146529626203
66.62148618602805
25.778078081653803
36.21438540039526
45.93786732079025
63.346394644911925
120.63010424718232
4.347700802536565
102.87645025274833
194.53614095587545
41.040492778825865
30.205083681277756
29.056111788340786
57.66152043719194
63.42767248091114
