0.07818242316544
0.08744747951104001
0.09690221119744002
0.10760289362944002
0.11747235275776001
0.12773704737023997
0.13746416403456002
0.14769694314496
0.15866137165823999
0.2700257296
0.38480881263616007
0.492893860096
0.5873297209753601
0.6735865710182399
0.7510981689446401
0.8211143467929601
0.88449059229696
0.93716029935616
1.0457009430630402
1.1262405255270402
1.2042375969817598
1.2826921536
1.3411492864
1.8022869180518402
2.1238701883801596
2.3928426844185604
2.6109906127360007
2.8184070452454404
3.0093367455360003
3.20564101724416
3.3787086623769604
3.552742456384
3.720547192384
3.8895160408473606
4.045440323583999
4.206955420264962
4.366628763904
4.535046237399041
4.67653427087616
4.837754500508161
5.008321733184
5.156954109091839
5.320174747740159
5.470202482792962
5.638687166464001
5.80294181775616
5.950648941783039
6.101603476277761
6.291476584898562
6.431125581928962
6.595610148864001
6.760341124303361
6.9347955599999995
7.084557457162242
