0.07818242316544
0.08744747951104001
0.09690221119744002
0.10760289362944002
0.11747235275776001
0.12773704737023997
0.13746416403456002
0.14769694314496
0.15866137165823999
0.06615427377779143
0.23965238672539627
0.492893860096
0.5873297209753601
0.6735865710182399
0.7510981689446401
0.8211143467929601
0.8725256457776026
0.93716029935616
0.554037103415326
1.1262405255270402
1.2042375969817598
1.1858952814948927
1.3411492864
1.7465771106802812
2.1238701883801596
1.9553064725217666
2.6109906127360007
2.8184070452454404
3.0093367455360003
3.20564101724416
3.3787086623769604
3.552742456384
3.720547192384
3.8895160408473606
4.045440323583999
4.206955420264962
4.366628763904
4.535046237399041
2.718294792781644
4.837754500508161
5.008321733184
5.156954109091839
5.320174747740159
5.470202482792962
5.638687166464001
4.4019987605752675
5.950648941783039
4.115994684525971
1.1369396362125315
6.431125581928962
6.595610148864001
6.760341124303361
6.9347955599999995
7.084557457162242
