0.07885313286400003
0.08860671449344
0.101088387136
0.11243628335104003
0.125021645056
0.136864482304
0.14758874025984003
0.158843696704
0.17019255193600002
0.292802196544
0.4199910957158401
0.53495064097024
0.642549734464
0.732996247104
0.8175458124697601
0.8916556533350399
0.9600268522521601
1.0198382247961602
1.1276978735334402
1.2188054016230399
1.3033053573759998
1.37598155090176
1.44516558422016
1.9405114069017597
2.2732774952166404
2.5517787710694404
2.7859402097049597
3.0059181895705605
3.2087298953318397
3.4170557667840002
3.595398474792959
3.7738999013478405
3.9518959014937596
4.13227584
4.291340946647041
4.4594289336960005
4.631654928383999
4.798658261056001
4.96030580801536
5.12726099623936
5.29819485124864
5.449722167296001
5.614306571427839
5.793702916925439
5.9527099212697605
6.116480815104001
6.289887438039042
6.45972242688256
6.615694294640642
6.787825695439361
6.96207486433536
7.11879603069184
7.29426878473216
7.482754541813762
