0.9842332305272325
1.4174881944596827
0.013931619602637113
0.19025278535557533
1.0600572482896737
1.169557819436271
0.32908564998983536
0.25915949969891017
0.8868012943539441
3.712131692624382
1.3990996680605292
0.16901296674677724
4.973152728787113
4.860261148614256
8.179471138469921
8.89603167482585
10.727419615321764
8.51472443522266
5.780843906871951
2.534676495456779
3.839785811474485
12.697318050826198
14.482990951343027
7.74057598138279
13.776226938993204
24.108208204825132
17.339137886448952
18.09410286959428
44.96360336200269
64.9101994297198
18.606613651098087
49.09082778145603
40.09946826072337
29.38028496332481
81.96523233044354
82.7193288961862
24.150529705708323
5.50176185325472
33.070940539422736
1.1332494420457806
73.91348022396778
50.92466206088284
44.14256868432858
109.38338080009271
48.06328704588668
27.812102446907375
95.81164188082766
117.23580419153586
10.288776425826654
11.593741140364727
41.45753942002193
112.38685671699204
96.61193687538616
106.27313056292479
