0.07885313286400003
0.06306500472414014
0.101088387136
0.11243628335104003
0.04719876317852077
0.07301402028811493
0.14758874025984003
0.158843696704
0.17019255193600002
-0.41334933184073713
-0.08831871450786327
0.06161861441149996
0.642549734464
0.732996247104
0.8175458124697601
0.8258305567986003
0.5417551576224503
1.002683990383197
1.1276978735334402
1.2188054016230399
1.3033053573759998
1.37598155090176
1.44516558422016
1.9405114069017597
2.2732774952166404
2.5517787710694404
2.7859402097049597
3.0059181895705605
3.2087298953318397
1.8042751144570282
3.595398474792959
3.7738999013478405
3.9518959014937596
4.13227584
4.291340946647041
4.4594289336960005
4.631654928383999
4.798658261056001
4.96030580801536
5.12726099623936
5.29819485124864
5.449722167296001
5.614306571427839
5.793702916925439
5.9527099212697605
6.116480815104001
6.289887438039042
6.317888142565081
6.615694294640642
6.787825695439361
6.96207486433536
5.303508255816371
6.77458128531682
6.949638185488436
