0.5158954775579474
0.9404668698117149
0.45558642378711056
0.6373295059435051
1.467194632258085
1.526403385123416
0.6309329058872919
0.02372988528361475
0.7265129749549715
4.721474176363159
3.9257151193844493
3.9746459913666286
0.30124223929135496
0.14351081845148883
3.2840438224459376
4.473034431806354
7.069225781489195
5.781939664295351
5.265838553811591
0.7490863934076515
0.26143659317585843
6.612361889809108
6.6481174911082235
0.3224983058635189
15.433704745269097
19.662587428847473
16.880601356378975
8.705904209064101
26.367288486606412
91.49514588128659
12.424135063660287
16.28331057746618
8.151998450994142
58.12493596684726
57.56691868263442
63.982968339249055
11.855841209660866
0.373685714086605
33.21845014530845
7.01402919533939
62.91155037603312
65.69204304461164
62.07676301217725
89.15945287125942
26.84636049123219
6.585202759924869
75.66512542634155
99.18869875220844
25.54955833892018
0.30043346431921236
35.06445869806339
113.6739698849342
91.46515568316681
100.6116712514835
