0.061898255400960014
0.07050681817344001
0.07949693030399999
0.08836588569600001
0.09811127881983998
0.10754516830464002
0.11866977743103997
0.12666993501184
0.13605828977664003
0.23905058918400002
0.33428933714175996
0.4253231002240001
0.5105959936
0.5817320356249601
0.648205332544
0.7082555498726402
0.76756943298816
0.8174503335961602
0.90798334361856
0.995493089536
1.05743215055104
1.1242615373440004
1.18404343653376
1.6201909088358404
1.9199716054041598
2.1625702426239997
2.39376842788864
2.5832512767001603
2.76728814388224
2.958444032163841
3.11422538420224
3.29409722523904
3.453787339594241
3.6161860077798402
3.77260076697856
3.926465896573439
4.08988172583936
4.240304640000001
4.39573156
4.551252196648961
4.700924723714562
4.84766959595776
5.019198591306242
5.165110745344
5.322367119055359
5.470614127503361
5.642699990794241
5.77863136198656
5.939577290775041
6.114391674716161
6.2574422141440005
6.424253935165441
6.58359238054144
6.74442562081024
