0.6835465176355626
0.34501298231386457
0.036586852957483984
0.02325212646719166
0.5847396092795307
0.6534043529315312
2.0326993954694217
0.548983065707418
0.16883088919789202
1.3894057895289222
1.7615807331295912
1.9033603937477324
1.1923337928787987
2.2150900412802343
3.197319248863664
4.925223324564627
0.08563329523678931
2.9945115889978524
7.305453400396118
5.4546980587711005
19.825532915119993
18.828694780639125
21.591312752805607
30.377978314257234
37.82052766106062
61.310515432481225
56.2348649812684
17.51249830274901
42.12730710098367
79.97934271582562
79.8013017401463
44.144782126608334
1.7646706779050874
16.108695954120776
9.41789660698123
44.475041042380326
37.538832417722006
10.555133265443146
2.840821241348749
21.74055915878853
21.440981802516035
96.85661905862798
96.58189635750023
6.149450361641357
34.02209503531776
42.42874724727881
130.23120004047814
94.4705532792359
60.594657892557734
108.5235645612338
69.00534473337757
8.8258768262167
39.317113218705344
43.24882454057588
