0.2618912925585555
0.10734481195027712
0.09815471454784586
0.07504459814776254
0.32469788066929794
0.24915345665522182
1.4724270494289584
0.11490004463644254
0.6081601762481768
0.1429181506398436
3.348375076623796
3.0295642359032513
0.9383730321833355
1.4202994497955501
1.1650173196328524
1.5697726261894331
4.756176512442039
3.223872023489889
1.6646329629908223
17.318702545445376
5.832393376673963
2.5202222427049037
3.2437977713925648
2.122268930725113
11.161013529045704
40.077867485229945
71.03274708485696
7.743901124822514
36.54268405548464
82.08073385975149
79.92850906544845
42.02236545115011
1.7003453413090028
11.621296946468647
14.605639271139808
50.10175590297149
31.708052899033646
16.334977429189166
2.6415844123221177
16.810206860722246
25.595725321651116
100.01669909251359
94.87695236092986
5.926206839219958
35.63931900420721
38.85412910359446
136.3347147098466
86.18574535998778
49.53167742752703
122.8260981738058
51.89427495318523
11.72309393784235
15.335918281576596
16.869510109734257
