0.8722199315230004
0.37190203339445915
0.0316535384231571
0.23999926353551615
0.3413993680000402
0.18079570443176607
2.2519147909336397
1.2417630943230051
0.3769927259256747
1.2568365351750117
1.0737122193671667
1.0336835723447848
2.928120698171142
0.0948898212682252
1.636046871238932
1.1177775494875277
7.444220221954993
0.5635574294956314
3.6991121906407898
6.1664025559409765
20.522935468941796
17.725570099805736
20.17264412382997
37.373966344900964
79.70203838896214
99.81798702419837
29.396750925030574
100.79644253964943
77.5164820941136
71.39724282209681
3.636536696440089
1.290772482927423
49.04577417506516
25.857931560869474
90.55013089763452
84.25699824789262
55.74783572276283
152.92839228456796
200.03896092563082
72.31147596488881
203.55662124868104
268.57497997098835
3.0482722099113744
230.41181388357654
214.3699917996346
198.05671621720103
48.45262621809525
312.651435093263
310.46713931944396
36.08393076815992
242.59226061272784
272.1647397130946
156.72353442511667
172.39588786762835
