0.056336731432960016
0.06505519550463999
0.07401707889664003
0.08326225670399999
0.09263306170624003
0.10197445902336
0.07298726166862879
0.12296411877376003
0.13207584082176002
0.23977396675584012
0.05251252393434408
0.22904951370640037
0.53420428509184
0.611473953024
0.6828047424000001
0.7492993693926401
0.20721476079267787
0.8657215710105598
0.9634443287040001
0.4870253597949753
0.9997745435187992
1.1929847224345602
1.2566338256102398
1.71477139325184
2.0223615839257603
2.2756132813849606
0.761619262706992
2.4202416960766757
2.9020458059366403
1.543042110287156
3.27400363147264
3.4474448075161606
3.6131744575590403
3.7834108978406404
3.9428742291558407
4.107697727119359
4.273348915264
4.4258936544486405
4.332887595362517
4.75534432789504
4.90308551839744
3.5882074138073943
0.1917966548302097
5.3807519981670415
5.542641852098561
5.704913142016
2.5010411425563905
5.416374767966074
4.030512961883055
-0.8689908793039898
6.51288366203904
5.845427583251286
6.85189677072384
7.016514395996159
