0.28164211585525223
0.018187496780978307
0.09953539289816149
0.16040714241265874
0.06490711406805616
0.27729104770961754
1.5762283597388063
0.42125591200233714
0.583728282996546
0.7954264972417207
3.4714337479947517
3.283056182524774
1.1961782513612889
1.1318731285708736
1.8153434635474923
0.3017094289992883
9.454805565614834
2.494710570377606
1.7999490228125978
14.506127641219337
9.805016078984409
4.024880188003863
3.498303992202864
7.974082756865755
17.725398094194134
35.11440037129978
85.78743534037494
55.91202107936624
45.514633857932495
92.82190479202472
20.306036768350168
15.683894443252939
26.670227652917674
6.9847050734679215
44.003206075045455
20.450960686914186
27.568639718101622
50.625172567881236
78.06471715512089
70.65104940279343
43.89535175096535
93.27507427220553
194.26345761225093
29.801842889311956
5.597154006187338
15.63641634798114
166.7901432218423
98.9217895864931
101.60907128143299
234.69867941810662
53.80089929253154
97.72608665732696
1.200791597038915
1.3208707567428064
