0.6184525362301905
0.02556846351826536
0.08421809342088693
0.40911436170044624
0.37890580498311976
0.5119904956973897
0.4451098447896271
0.7418894268828495
0.07494381347785861
0.46029409282178335
2.612868627132542
9.102280367472929
10.398735739637914
1.8274962455093373
0.9151672205672412
3.0316855682401638
0.5166552513527449
10.901989150633199
11.662505554984932
10.855657146214753
13.540399422895916
42.29001930398772
12.732250253485518
29.667347602945483
37.7669116937559
2.1166665931141324
59.99837726360602
21.432123576492813
2.823202357858463
7.049887509732798
98.6893859157808
89.26664644565608
22.075090720467415
66.12878743790498
56.47049383787453
24.01304007786166
84.92646042484921
96.72846588172251
250.45614536032735
12.449012726759975
130.68853189625588
172.64027475046896
92.85021635230805
12.138754810213868
134.58163933043397
275.5487241444862
57.315372389268305
166.98677944374504
133.26616610394558
61.678876185484114
70.51058374600689
61.89987547881174
14.435427727774368
15.878970500551805
