0.31815847302595657
0.42915521619182684
0.07576439985608374
0.06120885478496518
0.2936112219374962
0.4311764729858041
0.7330911920984562
0.6266239289183488
1.6242166416925414
1.6460705149539478
0.866577781583004
8.000480980410941
10.109995909505983
2.4931364648672343
2.4472582705805053
5.367612727222536
2.630689357372944
6.944222481177462
6.434980608793353
4.600600838465198
6.4645934633408615
34.53349726604574
4.651647814024955
35.608620006754336
38.980040612776975
2.2619390205591117
57.35656541017124
28.783364939143212
15.33969567706663
8.904782818943204
82.43816694207635
76.62472417537356
27.67651281009239
60.79048100889122
36.474032446494675
13.553741617884953
29.083560736798972
21.300374783648294
157.25048382297246
101.75725193972903
1.3367928806655982
30.065676351434377
60.140948942673276
170.97353130357806
25.005860945631866
119.51133717319317
88.03330317579821
35.985084676322
23.77568335167598
19.407598862002487
22.61227898148354
53.55814642398036
52.76223454324645
58.0384579975711
