0.17717499334656
0.20232291873024003
0.22940881232896002
0.25447101318144
0.2808321640960001
0.30626749812736
0.3269932149531293
0.35587428870399995
0.11452624338328715
0.49991916577341466
0.7713673269350402
-1.356540388374675
-2.119660903841887
1.16109762379776
1.26176874191104
0.9272562603101446
1.4348589967360001
1.1378098568010795
1.6533351297126406
1.7704367496217601
1.8774348861030399
-1.8734259076794937
2.06023077078016
1.2263215281258801
2.1581737756900163
3.481842548124161
2.688811519327606
4.062307971082241
4.3248027074560005
4.572754559999999
2.7408659257029075
4.064005710620898
5.2606670158873605
5.47547270473984
5.693988619263999
5.91267077888256
6.117351395584
6.326488599101439
-2.9166337300443903
4.976373645480631
6.946294587189761
7.147281433600002
7.362496145664002
0.40506919209344083
7.76694984085504
2.8697522291856803
8.18483578159104
8.375662002216961
8.583943674634241
8.796975668124162
9.00047040614656
9.206398768343039
9.417464699005441
9.644691732572161
