0.968565282328262
0.4962265330883753
0.18455248380957556
0.875896550881059
1.3400028571922107
1.444223461446981
0.9294857769509548
0.6401185899368755
0.40157404661111684
0.4436630898376279
0.7169431255131542
1.2317179516119268
3.8268724883661775
1.823309864286216
3.704332363979802
2.932307346087555
7.487183939560282
7.142534793242703
5.582182385945771
3.7102062359956562
2.0337698791290677
9.113343748865418
1.7075109637962669
17.673541884498263
5.78718040955755
14.155342859343364
13.87720530849947
6.383388247413677
4.303857276896451
5.497577175894548
51.95334658770116
6.12773124283558
23.63234786909743
8.390052336108056
80.70287081308197
16.92667972223353
4.867840537041047
8.004145000784774
17.41206963512741
73.35972706329267
25.522691409536492
12.37680586141505
2.6669514818422613
28.10573012175155
25.388834920915542
24.325714470236562
1.5549126443875139
109.58629724522325
19.552845976810204
47.6078994043055
17.522389281817595
79.93100800759566
76.8696872609944
84.55665598709385
