0.08011345306624
0.08984742471936
0.09972761889024004
0.11077820528896004
0.1177381277264252
0.13180733558784
0.14161915085824
0.15185174937856002
0.16227104210944
0.1167553103884065
0.07500723875439841
0.4783481837798402
0.56907590738944
0.6462230544
0.71913927723264
0.7832844731289601
0.7893456996782675
0.8997175079833601
0.9962307585049601
1.0808712907801603
1.15484769075456
1.22148825993216
1.2879598776422405
1.7444450156953604
2.065336888384
2.32918388048896
2.5556600809062404
2.76980661565696
2.9684422997222395
3.15842277890304
3.346499470336001
3.5195140749542415
3.6951973062681605
3.8643570588902403
3.0810406338817335
4.199738693736962
4.363392916776959
4.525905644789761
4.691389652674561
4.845189870512641
5.0121824551321605
5.17823884993536
5.339922348259841
5.505412757954561
5.668734332828159
5.832912812277761
5.995469579799042
5.137360581001118
6.326754212416001
6.50165954715904
6.668037786319361
6.828789153303042
7.00104505222144
7.179501604464641
