0.17351006398723
0.18638814386980584
0.02501382021202403
0.10226768874510128
0.7298141183063578
0.2084027427634254
0.235709095351055
0.10695050349080759
0.01206026159580631
2.6595605303817536
5.193044775273819
4.035284723583629
4.097726310016299
2.5314227015446136
1.603620560774857
0.005570129345301211
3.4201492972910046
1.2597240989337024
3.733068993406505
6.934033055752252
9.95027283415493
1.1435461204944204
3.571696904720511
25.70110111724216
15.797801998683099
5.491320604775865
12.316022173912643
26.380428316817415
6.681322478458242
5.731150628103933
2.9369034743431257
28.235472151834983
5.518976806335559
38.94212872940989
9.411661908023234
44.215395941781026
14.802241065943235
22.8008912232508
21.635131489911146
43.86655031896589
12.6941284260065
14.533699686769978
25.24896264733252
9.77443672985828
56.18147417084401
57.683904594050546
9.794670866627712
38.508051033248194
64.8968138212731
53.646277143656334
58.721405841723026
22.55765176542627
17.9265943459759
17.9265943459759
