0.07109688959999999
0.08300852454399998
0.09587494791424003
0.10910918836224001
0.12375595906811546
0.13695565365504003
0.15145422290944
0.16602169579776
0.18089846342656002
0.49489194717025886
0.9201476129817915
0.7840197248451412
0.8759363704462795
0.9156361460041286
1.0377610994713597
1.14311336955904
1.253647876028935
1.336465475136
1.5063968594329602
1.680023410125595
1.8328888188725283
1.9100832097177598
2.02466489981184
2.8715762338351256
3.4223283221529597
3.8912517577753594
4.30119062233344
4.672348550594561
5.0113944318873616
5.33439258460416
5.648219954882559
5.954857154357761
6.243273810639362
6.525825841244161
6.81729593442304
7.0877433176985605
7.373579636008959
7.641013932034561
7.912716957207041
8.193095610050559
8.456743170304
8.72477375401984
8.99360753550336
9.25484454994176
9.531989361664003
9.780720829327361
10.05541350313984
10.318413863549441
10.58240456849664
10.87037780705536
11.1411758656
11.40638764942336
11.677846339624963
11.938628173824
