0.25103248011022217
0.22705797004116235
0.023238756633389812
0.13964625879597037
0.8096299256267017
0.32573347511495143
0.3934996734861187
0.3046490655484604
0.22565465852933642
2.0475740556189805
4.283322285771533
2.919613090480823
2.87751263523694
1.2881230404282178
2.801802825411869
1.1137028621940317
4.395617396170792
2.0860733625810326
4.202115186378137
7.017161652331652
9.649796772002901
0.5031999765708406
2.5958116019337467
28.06704667179156
17.26119465629381
5.462448878185569
13.533917273271072
28.188749940747584
8.51117610230176
4.292638704584533
3.7335240411648556
28.299102015876997
6.119870771883143
40.08205472035115
7.8928033331394545
45.89760384613692
13.147304537022137
24.260560096045083
22.75816751293314
43.196284393401584
12.505339825707779
14.8472887673488
26.038677971533616
8.584518894873327
57.6943469838734
55.995057959975384
8.059072877622384
36.8894924081178
63.56694028965285
54.45674097898882
58.8444785778338
21.81998258556996
16.117971774590842
16.117971774590842
