0.0309840351966173
0.04217562586093493
0.2972852972349358
0.3411817254871039
0.030425760481989528
0.3727983449768786
0.3237983725786364
0.14408098451372098
0.46243670342093424
0.5451830899906156
0.7680463222491198
0.7217623838895406
0.46488994784425586
1.8151825238822994
0.17194964595705642
0.06258196720000342
0.24521250877069178
2.487925116461838
1.5237733594356087
1.5199731686661835
3.1274152312234946
5.29707659228734
7.176428646924023
18.93298639757859
28.358582235132417
5.338087892173462
1.0617709482467035
1.639717369007485
0.2810992466947937
23.951483426111736
61.4142905095141
26.525785770150833
26.264366782172146
36.58288075561359
54.60302496880104
19.255394371415605
1.077672283125139
32.61538911947355
52.80912511912902
15.237277538260969
73.71536380542602
11.584975366939034
44.021299799154804
6.69342315637914
10.076823833645904
96.51985631768912
37.163237355591264
23.889606867160182
22.08875584296038
32.82960681091208
10.68019101680693
10.51432039224892
3.663638252641249
4.030002077905374
