0.05083834429696002
0.05762227415296
0.06502826404095999
0.07187803896064002
0.07990436413696002
0.08746829910015998
0.09633326137599998
0.10456479387904002
0.11350107096064
0.20540619294975998
0.30120427051264
0.39229077209343993
0.475746785536
0.5528624386278401
0.61909452481536
0.680915430976
0.7373423335449599
0.790434796096
0.8822409070182399
0.9630643092505602
1.0331762946278398
1.1015358908646404
1.1567019708006403
1.585342882816
1.89009263748096
2.12890043925504
2.3418793024
2.5381332951040005
2.7229646598246404
2.8970109668966404
2.9747772599096036
3.2384334693990406
3.4007431673881596
3.56130643787776
3.7204114010342413
3.869340780096
4.025711585589761
4.176183249469439
4.33681624600576
4.483098185955841
4.630064211970559
4.787946156533761
4.93744043003904
5.09360122104064
5.246547837583361
5.41018668196864
5.552507853376
5.713576159357441
5.86978152327424
6.028179887319041
6.18255892021504
6.344208357949439
6.5037240576
6.66213089698816
