0.13196073369600003
0.15145422290944
0.17346092138495997
0.194918718016
0.21440455987455995
0.23630487654399998
0.253459888704
0.2750792704000001
0.29419428865024
0.4587125330022399
0.58697908039936
0.69674946511104
0.7993161044070402
0.89621513994496
0.9758879271961597
1.0535626506240001
1.1235898240230398
1.1897573775999999
1.3008150678758397
1.4026593406566399
1.4943673772262402
1.57963069808896
1.6498066647040002
2.2061659963622398
2.59231123630336
2.91729679369216
3.1965091731865605
3.4534602624614408
3.692829424936959
3.9160800387174417
4.1397924839039995
4.348039022103041
4.54464627966976
4.74606093127936
4.94565648724224
5.140739982400001
5.334555183823361
5.525418145392641
5.722666770332161
5.919263219752959
6.10360346742784
6.29836520743936
6.48614134153216
6.67985941739776
6.87855109368064
7.056010441751039
7.261032992604159
7.457356025856
7.647242477079039
7.836756815472639
8.03008692158464
8.230417371996161
8.424325134973442
8.626692691978239
