0.5732629055038032
0.2764693966685421
0.011456066042583757
0.27682569696067105
0.07017534151310656
0.8090051059711953
0.14672501157464524
1.0712499678656258
1.400120495234333
2.321488855925452
1.58810050227342
5.9073710205628345
5.075685194731761
1.2299600032580429
0.45761430536720127
3.391289151794581
5.495756099449977
9.29808313021772
3.887510263897184
3.3546946890544405
2.7187961077374894
5.688530037020655
9.653063103732393
24.15439023220233
19.574260761737605
31.270397727179443
33.7884764262526
40.77608373838666
37.878321910571685
3.3284576519381517
41.566248182589334
15.254953208990628
62.199056955410924
65.057242466748
53.722592093887215
57.78750709322776
55.15776633925634
65.24489266742967
9.868309412529925
45.80167836284818
4.234388986769773
38.13677915554581
16.626546547900944
43.60900344661786
108.41969074462395
19.879084253632755
84.30543467681855
102.76482461133128
55.40723025198531
5.654966692702146
45.405165936746926
38.191224787376996
97.5712748616279
107.3284023477907
