0.0168010486601311
0.8029384629848835
0.4584432882585787
0.15163655667614506
0.4715679553037333
0.42708283468151365
0.5209054371440374
0.6980718141216897
1.0201893969763631
1.640054589348665
2.72088196385684
7.49733240076506
7.086966596591026
1.1147675394724956
2.9878116087547824
0.7902114690087956
2.946668541050826
6.914551882018486
2.0597982667716224
2.342007097988244
2.6512799432775864
6.612627449391539
7.895720219299392
22.694016130453747
26.859541972790794
20.227972432997376
24.67805404081082
36.044684643582514
37.68811073692814
6.731209481216865
47.453851121563275
22.339886985722842
54.89880550491944
58.298744513787824
48.06860102149221
53.568877916171914
52.542737354051496
64.2394177085007
10.434657703237463
43.85989795270871
7.226087289003772
34.3369341765283
12.371046605716401
39.23416696842469
104.2993998422171
23.451217781308515
81.73411703929014
101.50665506280347
55.73232454826939
3.4609816471129307
41.02732116685365
31.276965904144163
87.95822303650493
96.75404534015543
