0.13196073369600003
0.10340097282176314
0.17346092138495997
0.194918718016
0.21440455987455995
0.17223566539010604
0.253459888704
0.07962607858048307
0.12513845957856368
0.4587125330022399
0.17535606282219857
-1.178057242008097
-1.0350025109468195
0.89621513994496
0.6871366365254454
1.0535626506240001
1.1235898240230398
0.8833492600996945
1.3008150678758397
1.3686673816215131
1.09557831443016
0.6064896611851069
1.6498066647040002
2.2061659963622398
1.6246604856898146
2.91729679369216
3.1965091731865605
3.4534602624614408
3.692829424936959
3.9160800387174417
3.7772586141518634
4.348039022103041
4.54464627966976
4.74606093127936
4.94565648724224
5.140739982400001
5.334555183823361
5.525418145392641
5.722666770332161
5.919263219752959
6.10360346742784
6.29836520743936
6.48614134153216
6.67985941739776
6.87855109368064
7.056010441751039
7.261032992604159
7.457356025856
7.647242477079039
7.836756815472639
8.03008692158464
8.230417371996161
8.424325134973442
8.626692691978239
