0.07055355940864
0.07998398484736001
0.08847055360000003
0.09810025353216002
0.10646281482495996
0.11691803971584003
0.12594435690496
0.13627910559999998
0.14495015501824
0.1316134408294523
0.3454110370022401
0.4372743097958401
0.51887934275584
0.59319818148096
0.6640007309337601
0.72155918647296
0.7759185677337601
0.8282747292160002
0.26464661634244213
0.9971092920729601
1.06682787357696
0.6188947793259344
1.19210061008896
1.62162498364416
1.9229479836159997
1.462585116636875
2.3841929285222405
2.58483562475776
2.7671124792960002
2.9556596428902404
2.1971202970594623
3.128577965501173
3.4535256766489613
3.61183639348224
3.76392282292224
3.9187274744217597
4.071820322775041
2.481869276917603
2.249301090513089
1.516843775920231
3.6657433858570876
4.83442592579584
4.993444310722562
5.143773196925442
5.12328132123495
2.874980791259356
5.605135798282241
5.76155146445824
2.282177779653315
6.081708396544001
6.238437352744961
6.394934638512641
6.5699614310809595
6.715569566210562
