0.6736447317397811
0.3065442896157471
0.05400588795088623
0.6278491641816188
0.17439875534131488
0.7192560849093681
0.18791132523907095
0.6563486230058118
0.4007846702432687
2.3323149715536147
1.6747162793986092
1.255195946489323
1.9064940255615284
1.3621341980050943
4.263145571480663
0.554670486411851
0.7969430385497844
1.6484248415368938
13.89417242323077
3.326740915264054
8.262806418296577
18.550471821680276
6.992234764648856
23.340657914224266
17.70258528289378
57.8231256819945
23.169863121263916
3.381246421680771
39.58274335594797
64.41711268770268
75.73879783375014
71.45386183059236
42.38981375533331
26.957826947433205
31.584290691283968
42.99194422809887
58.854107823870436
134.0924732043095
121.59508447582994
121.64218441811681
116.6524046106606
74.25093734942493
5.005782518404885
35.94002476089372
88.81625653019728
150.93100005970336
56.44246612471761
52.78439641012665
164.30798577612586
0.5966132375833695
28.177653435828688
70.56854876843863
66.15422816450155
72.76965098095171
