0.5091890409542401
0.28952587654722706
0.4364497800393323
0.3138482649545651
0.10431477871939165
0.1979435744731859
0.26526519745047494
0.5572792234182913
0.6477058220039709
2.0965602724583334
1.9987497781759203
0.26859902724828544
1.0607655217618799
1.140987980752186
5.984385344497127
2.140726656267816
0.00843458740700953
4.467586809669342
2.0735781526281016
4.900446435809954
1.5130189970755055
7.715984650672226
2.605297613312814
2.7117691220046254
4.635039828172921
6.169136911744317
19.64401356973758
60.28877443523743
11.787512015394896
83.27267939082776
0.4034509856519435
26.193694067609613
34.21008323335627
27.81747441193511
27.862767674316274
89.22612475897404
99.37667064888592
79.03614904037386
54.884730655812746
47.03301861133514
31.778427841130906
14.707874927102239
101.52122011352913
16.215797211392783
21.422048140186234
49.51524397690082
19.18755274934665
19.106874836266798
42.99785579513264
121.02496173114923
102.35946250801499
36.86313300082111
4.148518440510088
38.03074029662821
