0.5091711112607094
0.28953465514293697
0.4364512104309739
0.3138525027071779
0.10430503077439113
0.19795746113276635
0.2652477406769975
0.557259184075491
0.6476840830303559
2.096567806406256
1.998716096239832
0.26852682736534916
1.0606710946630074
1.1408877119430372
5.984476029574353
2.140798577615328
0.008480398872166006
4.467599358186021
2.073522249066059
4.900568327270321
1.5128329553815547
7.716219404416506
2.6050207035536914
2.711624291435328
4.634731368109897
6.168555096408454
19.644590698651882
60.28839399633944
11.787578469431537
83.27243275341607
0.4029795373280649
26.194308065434598
34.209424458938884
27.818087944502622
27.86326505981924
89.22580334133454
99.37682529134327
79.03611031672699
54.88451146472289
47.03339789101665
31.778921413006174
14.70844377848698
101.52182435215218
16.215199536833097
21.421494885704305
49.51571300118667
19.18791119955131
19.10709410232812
42.99791124297917
121.02506738901866
102.35976170621143
36.86261580486462
4.147798010337283
38.02980591967935
