0.6082624647118493
0.2522132215250288
0.4520490583709318
0.25451236290388835
0.20985882735185868
0.05386572216423957
0.4473129092571071
0.7723946660730974
0.891240943148432
1.7503264934871368
1.7754996219764223
0.28592651315608464
1.3442435211753718
1.6841883506744466
5.190740248174279
1.160815050697579
1.1276415379053333
3.1998784243015734
0.6519797401441565
6.3749501434754166
0.06514399347565814
9.0815217519214
1.3812342187520699
3.4966322293266785
2.794154976635582
4.683960323527572
19.76838994838363
61.85815703837579
8.367887017970133
78.35715261323821
5.380713414057027
32.291684011768666
28.4391187514193
32.71969400726084
31.364739049266063
87.67116962558066
99.05665029527518
76.39715470139708
49.83134441799484
54.60055954854033
41.600059649201285
26.620747972083336
115.41916380866314
0.8059523920383072
4.67733442701865
67.31444457503676
37.64610321019427
37.895576567992975
61.76758800740208
102.5694309855462
84.58232584215875
53.54219473540434
19.513860752020264
21.46524682722229
