0.5091740871901109
0.2895331223418971
0.4364508589600433
0.3138519229960295
0.10430654104024484
0.19795522551760314
0.2652506348034649
0.5572625935973718
0.6476878783407756
2.0965648205448417
1.9987183330199514
0.26853464323727394
1.0606827603071451
1.1409012970524373
5.984462376057763
2.1407862463631773
0.008470408346738623
4.467592683776502
2.0735230006395113
4.900559898933807
1.512849300733933
7.716196664372319
2.605049430122108
2.7116514233262023
4.63474872104598
6.168604155744106
19.64453626456634
60.28843393666102
11.787565252172499
83.27244740439892
0.4030146435052302
26.194259681589756
34.2094775061596
27.818038175249967
27.863224605935102
89.22582962970046
99.37681223650725
79.03611223963526
54.884526869591355
47.03337114067472
31.77888719485054
14.708405336728902
101.52178489375365
16.215237162999983
21.421528094942914
49.515686595514126
19.18789270504203
19.107084608484
42.99791130686208
121.02505887713778
102.35974422099389
36.862641872110544
4.14783057745808
38.02984366756573
