0.11874254377216001
0.13087608582400004
0.14248148707584
0.15311631608064005
0.16563467390976003
0.17735283523584003
0.19039189745663998
0.20336925083904006
0.21620119265535997
0.20067096796575268
0.4253692541582232
0.5867363905638402
0.6881379388646399
0.7789601656038403
0.4554768689554911
0.9357977518489601
1.0002048104857602
1.06381236400384
1.1695332373401601
1.25935797740544
1.3457187866214402
1.4166179353497599
1.48925119366144
1.9790952435302405
2.31293483888896
2.5855147797529603
2.8283436058239997
2.34224998844682
3.2507339956326406
2.2995096818467795
3.6325371453465602
3.812153158696959
3.9967366658560013
4.16511280497664
4.33732938977536
4.284538077646282
3.249754651204588
4.761240326044372
5.00706141143296
5.18296584112384
5.34700137005056
5.510782542031359
5.104337370340033
5.839205471447041
6.00504042873856
6.179058458749439
6.343765061962239
6.512344683356161
6.6843179798630405
4.455818808300615
5.506535550665541
7.199132934400001
7.370043479349762
7.5492442138854425
