0.09793536471676845
0.2153448649335914
0.22304059958297984
0.3202015317698823
0.1729651054433674
0.4988448994488337
0.5508870425261421
1.169607523801801
0.47057074086669104
1.7673112756826015
1.775151611352129
2.443469334866222
0.7385446684326098
2.021251950436749
7.859086434735218
2.0781627145365746
2.329854160501668
7.693210843646625
3.7046044868553736
6.153981663339664
13.472914560246636
5.509249407568177
8.26455678274101
12.273325975453645
27.047023839147187
20.463560661789415
58.2542576079868
17.658097456127507
26.688224573259504
95.0290916242866
87.36450273820446
73.82881393000571
188.6933740495624
43.41873593942728
61.28386630548266
117.74923830524494
78.10770175737343
89.62103755169301
66.14700237206125
53.922690076036815
20.478464087693283
91.64168437573971
131.7626557431213
102.39973192613252
46.814648338753614
41.61919871097052
27.719590664411953
62.55266205587395
212.5258867612356
71.72545052718488
100.07783132955956
146.55918139553978
98.10538462634577
107.91592308898035
