0.11720385802499322
0.2107328677085789
0.2009563150493534
0.3537520963380487
0.13516624726076998
0.5350158467234607
0.5795807423712205
1.1843059435925198
0.4702431230863482
2.1589729816319334
2.82600059897851
4.254004953763399
3.3420240217258765
5.346655608312744
3.804044634559773
6.627022722968718
7.342403124555858
2.2826288984333587
2.0969070646033288
11.993141373641038
7.9655713989432115
10.507752582368084
12.493111266602682
19.648887423512406
15.235260606066731
14.359794712247094
51.51466581775276
38.15547498502201
60.68267077067685
49.23483799990936
140.28839301213156
131.9780616240314
127.60793525911504
105.17550289964493
122.89616110894713
56.645409351236594
139.09614785856684
151.28512554415283
2.268130636170099
121.21257461776986
93.3812351818051
171.74933015794522
40.586218866184936
203.87527974679688
70.03153561560612
91.57160775501688
178.62851562679862
110.01338552052039
15.26943145916448
289.3214023063483
343.3299120650772
128.67399116655724
398.5273111468705
438.38004226155755
