0.05952194642944001
0.06721865134336003
0.07530589732863999
0.08420953964544002
0.09230124524544
0.10180592015615998
0.11084851089664
0.12066675058944003
0.12812734342144
0.22254843990016007
0.31659977958399993
0.40289994553599995
0.4833030400000001
0.5533860197606402
0.6251191997670401
0.676710245376
0.7304970473574399
0.7859659378278402
0.8725801744000001
0.9463834219417602
1.0243933719782405
1.08050536509696
1.1378130491622402
1.56334811505664
1.8473159056000004
2.08719738602496
2.30774501917696
2.492912578816
2.67496753987584
2.8624850045440002
3.0132460455961603
3.1794142275174404
3.3656514878694392
3.502167902464
3.65693106594816
3.8281145116262407
3.963730591744001
4.115334808189441
4.281429726914561
4.42226579705856
4.57682013398016
4.722012443568641
4.894048292700161
5.02511487565824
5.19146381926656
5.344478422243841
5.492370966128639
5.65583524
5.825943828080642
5.95657521961216
6.112128841984001
6.29500874100736
6.432375366883839
6.594977361533442
