0.05952194642944001
0.06721865134336003
0.07530589732863999
0.08420953964544002
0.09230124524544
0.10180592015615998
0.11084851089664
0.12066675058944003
0.12812734342144
0.20349696624777774
0.31659977958399993
0.40289994553599995
0.4833030400000001
0.5533860197606402
0.18881328457872804
0.676710245376
0.7304970473574399
0.6002343921270326
0.8725801744000001
0.9463834219417602
0.7736410979885644
1.08050536509696
1.1378130491622402
1.56334811505664
1.8473159056000004
2.08719738602496
1.9012256487048305
2.492912578816
2.67496753987584
1.683480884496377
1.8273407094975995
2.2768709434573053
-1.1713142494080517
3.502167902464
3.65693106594816
2.425060890379802
3.963730591744001
3.1807695010216612
4.281429726914561
4.42226579705856
4.57682013398016
3.709362241563527
3.3779498861879
3.6532234577337905
5.19146381926656
5.344478422243841
5.492370966128639
5.65583524
0.39653470098248444
5.95657521961216
4.6381831978716095
4.10454152579554
6.074102008244088
6.227647323296825
