0.23097612605258888
0.04895736623949887
0.08034502245529751
0.1657735326229215
0.19743754879534947
0.7135162806605067
0.2972813501593379
0.4789589960726346
0.13953786872865237
1.9525929474881139
1.3932239217464826
0.3163249248805755
0.25286593125520085
1.6585376308962623
4.061330525231256
4.40758363753298
2.3529637100282343
1.127580017314017
10.419623290335153
3.354423567322101
1.354734664536636
4.731448569039003
2.8691635993525324
58.69261762279439
72.45257044269238
22.98053752240594
82.28482505647298
11.317837745347788
29.451753441840992
88.67199545160474
60.81836122008099
30.346756584029208
52.60341729706124
133.88106841521585
19.372693074878043
9.971541319635435
47.63693477446577
61.07113124620082
143.19677886928912
141.93239646268557
65.33020350829611
137.79436769135646
200.60237470819266
227.96733442983532
27.33244942336023
202.59251706270152
167.64472267242672
139.48936817720096
48.50917320620647
190.85166714888328
9.416815356475126
19.170923019526526
25.18390172036743
27.702291892404176
