0.06328967873536001
0.07131292520703998
0.07945723641856
0.08817763958784001
0.09695700619263999
0.10650876090624001
0.11527491686655998
0.12489721446400004
0.13410478369024
0.23304794870016007
0.3358990666240001
0.43251562334463994
0.5195895456153601
0.5987144417689599
0.67081603792896
0.7346245240857601
0.79134261313536
0.8441434580198399
0.94491153070336
1.0249634790630402
1.09766020317184
1.16405800879104
1.2287350046822405
1.66031265337344
1.96446461956096
2.2248705600000003
2.4267209002009604
2.63184950296576
2.8142719722726404
3.0025625703321603
3.157609586728961
3.3326693136000003
3.49768993260544
3.665956613693441
3.813940271933439
3.9687078405145613
4.12169255010304
4.28740423778304
4.42359830651904
4.57825104335104
4.73939169780736
4.8865755136
5.034430217512959
5.185370223024639
5.361988540170241
5.49435100161024
5.650897272514562
5.806927835146241
5.96886660637696
6.109692413552642
6.280444985858562
6.43755434096896
6.592988798978562
6.75027741839616
