0.06651777442816
0.07595447808256
0.08609952169984
0.09607123415296001
0.1063020816
0.1168819344
0.12783771193600002
0.138104397376
0.14888979173376005
0.0681303970923586
-0.08904043367179343
0.49235033165824005
0.5925477003494399
0.67923179368704
0.7581003795481599
0.5131757771278842
0.8972484618240001
0.9535194398822402
1.06174394377216
1.152994898176
1.22760372553984
1.3039885946982404
1.36740655155456
1.846359180864
2.173454341696
2.43451362173184
2.617889524812126
2.8848016996761596
2.654806877136969
-0.16207792730599957
3.472653121231359
3.6508081183974412
3.8231574198681604
3.9913199141094404
4.163460687935999
4.33197952574464
4.4970461493760014
4.66405875130624
4.556672758368254
4.992736414026239
5.15943240499456
5.319038140416001
5.487504895797761
5.639355871395839
5.80777610051584
5.97050068113664
4.601360254480031
6.297393506736639
6.468134804707839
6.646875985192959
6.8067307224294415
6.977966029056002
7.147751966784001
7.322055000156161
