0.09412820353024
0.10555741081600001
0.11719503237376001
0.12836685140224002
0.14038989834496
0.1519752256
0.16451914761216002
0.175755469824
0.18833933476864004
0.31917980160000003
0.4442617076761599
0.5636189559193601
0.67254695202816
0.7639039682560003
0.8515332635673598
0.9273381842559998
0.9965118471193603
1.05605712343296
1.16629977815296
1.26307388686336
1.3403748743193598
1.4188392754201598
1.48800572211456
1.9823648780390402
2.31845205943296
2.5946921037030406
2.8439935285273603
3.0561696746521596
3.273048326986241
3.48059469947904
3.662048667904
3.843488103938561
4.023522480384
4.198584592407039
4.365010690416639
4.5444962009497605
4.715360134144
4.87584339641344
5.050792376650241
5.224479346944001
5.38728610038784
5.549853948643839
5.728815442831361
5.880105091491839
6.04911270363136
6.214721922703361
6.3925314730393605
6.557426222307841
6.715113480232959
6.904609688373761
7.071353149442562
7.232510909155839
7.4231748821401595
7.598940592629761
