0.09412820353024
0.10555741081600001
0.11719503237376001
0.12836685140224002
0.14038989834496
0.1519752256
0.16451914761216002
0.175755469824
0.18833933476864004
0.31917980160000003
-0.0030032376705422803
0.3302662285233499
0.67254695202816
0.7639039682560003
0.8515332635673598
0.9273381842559998
0.9066413329814105
1.05605712343296
1.16629977815296
1.26307388686336
1.3403748743193598
1.4188392754201598
1.48800572211456
1.9823648780390402
2.31845205943296
2.5946921037030406
2.8439935285273603
3.0467938782007686
3.273048326986241
1.4095547131669535
3.662048667904
3.843488103938561
4.023522480384
4.198584592407039
2.7576264693319086
4.5444962009497605
4.715360134144
4.745841085398402
5.050792376650241
5.224479346944001
5.38728610038784
5.549853948643839
3.6263160011489592
5.880105091491839
6.04911270363136
6.214721922703361
6.3925314730393605
6.557426222307841
4.3828666055161865
6.904609688373761
7.071353149442562
4.2548121118677384
7.4231748821401595
7.598940592629761
