0.6891604324325122
0.028268388115279208
0.46046427318601957
0.3285588446906189
0.5868285598335561
0.3319518813612845
0.5692400214985014
0.2302607182956251
0.243841479455412
0.6797502158751172
3.5269941933324276
3.0181727638072857
0.31235398668218295
2.324714624587955
2.023303083037149
3.382032136952489
5.490178051989915
2.5713606579068937
3.7235802431229104
7.055212844098378
6.977390582783983
1.6829869272644373
1.7120022655221874
1.2457701230996463
12.901166617971285
14.2643800593396
29.790140586881535
48.705248492397004
17.873930084506355
98.34404938660555
18.73625103863924
11.529266454042954
12.535035363693169
25.829258660607593
95.25632807653892
14.669317803552985
0.6835416774774785
77.40228852883956
0.46873384994614753
72.35239264395932
37.57752185722347
1.0882537756988313
128.8850605490734
26.22824832729384
7.488129724784812
29.42752229762118
62.406110800337046
16.452355041430565
109.84872221350815
65.39911342586856
5.958498319843784
118.66591366422654
27.68615065918857
30.45476572510743
