0.08859228343039466
0.10260490239999998
0.11472581894400001
0.12500919920896
0.13733368692736
0.14826565878784
0.16130826342399998
0.17185203414015998
0.18484221251584002
0.31379356585984003
-0.08538686035974447
0.2718422695952109
0.65761979109376
0.7462250741862401
0.4838707870868711
0.9042640611840002
0.9710257731609601
1.0293514732441604
1.13702469354496
1.23224918851584
1.3105890202521602
1.3861577319040004
1.4543626761241604
1.94762790593536
2.279810089216
2.5569545063040002
2.79634915954944
3.01257395405824
2.0340386408520352
-0.43279765225757805
3.6121039864729596
3.79293386407936
3.9633801989760005
4.13900470567936
4.31258653165824
4.47974495806464
4.6497021419622415
4.8088419878118405
2.5195295992626567
5.151759615101442
5.317089953218561
5.478685490544641
4.551759155107121
5.8011612736
5.97222100144384
6.1346016462438415
6.299160291043842
6.469388180400642
6.633632941056001
6.8148146704000006
6.975920536330242
7.148410739261441
7.317198121024
7.496048223037441
