1.6058014821248499
0.3455825165466493
0.8787819881028298
0.38413081491066947
1.2013442750326604
0.7770756149597915
1.6907393826023736
0.681474528215162
1.2493668991428137
2.35173908410124
0.8792142782178587
0.7243185007269517
2.291706240217195
0.5844278934972067
5.143122669726154
2.3304782740652854
2.744003210628307
0.5948759179282206
0.6726083100047617
2.9244341020616957
5.767726931151856
3.1710809746673476
1.97490767457748
26.15423091662069
0.8109091240758062
10.091158629146776
52.93377257858447
113.59765335354496
171.1210075543695
17.233990480966895
71.87501069145219
80.36231975608098
139.60091965718675
111.10929034424407
71.34252913399177
72.2600957373761
27.577131379064667
81.42023657303434
96.55452965858422
82.7903207368654
104.34091519267167
85.22930988658482
164.52952567640023
24.826296598883346
83.57164037171606
44.664493516444054
17.453473345536622
35.39727936121926
18.515316976161557
81.06216213600419
29.83832582543255
43.63806010178814
107.3540049770454
118.08940547474995
