16.30484158205834
24.54064306784803
33.43562243451868
41.92402105542619
50.460486060916864
58.26587887333287
67.36604387875774
76.557522268113
84.18185636774825
167.47389378347452
252.53013490755131
335.61640711889464
420.580374245719
504.93221088006317
587.7516540879643
673.6675771230953
762.2806468248175
842.7967058621381
1008.3811460714908
1178.9950912387972
1347.641241148355
1521.7473265533865
1675.5097998252172
3350.678321241997
5055.545213520199
6769.277682407821
8392.045687027634
10113.810850017315
11788.21579517215
13484.080037625608
15115.282654212924
16771.748765844597
18477.255129541718
20160.566056227886
21911.96225883864
23491.772349143303
25181.9129640221
26963.6745022265
28633.48071985545
30266.21606641294
31987.163177906514
33662.58969238441
35275.38195068385
36966.46737677527
38724.17603345535
40430.51455078668
42066.177792460934
43700.86942122959
45394.48177332803
47063.72505733281
48792.99237579396
50483.00234641786
52158.13762663866
53784.0664832881
