1.6654885022787127
1.1142860234952359
0.6411239494189758
0.2717771641074336
0.7321506995974545
1.1022477899042897
1.6659221312930583
1.8659384047846572
2.1705236943409005
7.0884610826607855
7.424264918880368
4.989055754017102
1.319287681647836
1.6881213950732672
5.856953538565108
6.624288171586386
15.54575300491399
17.061053074297092
22.209480871802384
23.130391951939828
31.246555583390773
25.173067535690507
28.945519398096394
3.376122356969063
43.40356299306859
86.6546057439673
76.9815133811262
101.96837899856473
65.7498743490778
58.640278656837836
39.28433093344756
5.386186999410711
65.657198070101
66.97107071848222
76.4215227870518
108.4498285207228
166.584464778658
123.22596769794109
138.09004726603962
72.6448146717994
92.45729187582037
53.32318761495844
38.8139065357027
101.68166918068164
144.7897259862075
203.9196408410644
149.69366852146777
175.91921878459834
101.86268133424164
11.31071475031058
88.38639531347144
343.77118462804356
163.71872200661164
163.71872200661164
