0.45769122074252877
0.21811715526148845
0.07678436901442609
0.5098733085084817
0.6137303072751052
0.6151394357669915
0.8138307078980631
0.6291454525634634
0.5535768236180161
2.112233614025314
0.28201188784603914
2.656936765287469
5.286623912575749
6.075208889802582
7.12745329007555
4.335570585942492
8.959957894362446
6.324057207967826
2.9789447894376053
3.974138648921098
3.203916245239725
15.036543369737274
16.2100494939059
39.01515564443207
13.40288192448861
10.12014037060817
63.84482330708306
51.238857478465434
71.09881417201905
39.66868988231181
5.124770943202748
23.439274464562914
17.813573548839486
75.2490875011681
116.1406039379217
122.24851758916338
86.12925040457412
132.29192828808664
99.99343186027545
128.26434333690486
46.87954980312497
4.818475772612146
0.8506356443904224
54.32867840009567
140.86692952189333
212.65847343676433
392.72253293225367
448.16959400114865
532.320207832694
532.7420278929712
345.32673735080607
116.06337714366236
575.1830249660197
575.1830249660197
