0.16416240476416002
0.18188791988224
0.20020684904703998
0.21784100014336
0.23683561963776006
0.25630323769599994
0.27550405327104005
0.29576194559999996
0.31588716307455994
0.51268578603264
0.70905561255936
0.8928526403174398
1.06014864507904
1.2096902598246402
1.34714834915584
1.4681063850393605
1.5900887185638406
1.6940459386470397
1.88457984
2.0498862999577603
2.20532954523904
2.3360114508825602
2.464096225536
3.373857751080961
4.0019458365849605
4.505634531904
4.952860932405759
5.345536360130561
5.72064601008384
6.066873432885759
6.39920804782336
6.72204765855744
7.042365709519362
7.34321548263424
7.640624732224
7.938382886184959
8.238093963264
8.518786340415998
8.80856812109824
9.084302093109763
9.374629037762562
9.655188998400002
9.927016353802241
10.203966475479042
10.483815088384002
10.75925019279616
11.049720588544004
11.319176593922558
11.591758742755841
11.850371121994241
12.079394974197761
12.301473157839359
12.452677868759041
12.55935762585856
