0.16416240476416002
0.18188791988224
0.20020684904703998
0.21784100014336
0.23683561963776006
0.25630323769599994
0.27567688418303776
0.2966134375399622
0.3168801796371777
0.5257075718093654
0.7161898883793857
0.8955380658738842
1.0656587248923868
1.2148094846225297
1.3520913394985588
1.4691810928216404
1.599076407870202
1.697738631891186
1.886743966557679
2.0510370833757077
2.2076312734340404
2.3387762577765066
2.46484977073782
3.3760587193090967
4.002549653207817
4.506581687129995
4.953505086978125
5.345832951181584
5.721445269263055
6.067019550199423
6.39920804782336
6.72204765855744
7.042860497816691
7.343473287371957
7.641071013433355
7.938944799445193
8.238363187312617
8.51966453278436
8.809089148953188
9.08592228614846
9.375158051595744
9.655719279924073
9.92820390931211
10.204996578508903
10.484686074032716
10.760328347172008
11.052353533632628
11.32285653711267
11.59722310840967
11.855986076792444
12.083412288005679
12.30282851115428
12.453537188738817
12.560197223131972
