0.23869746813418047
0.13448412308065727
0.03184039556599316
0.09967512539241596
0.25961072753856484
0.21913002410042282
0.08403413056265663
0.023870895527693392
0.12926539556666228
2.7571507740801167
5.506944871464441
6.170624571234043
5.229779435339083
3.177938601880726
2.6273860201160915
0.7724605086095835
1.0984105763758407
0.011538570622747102
0.38154855877724003
4.89966901760863
10.18771912547868
9.24373358019011
6.87733173455058
23.772867495428727
22.64796013929754
7.9420652376984435
3.5481001646148798
0.7885877335793339
26.9104723285036
2.728935946144702
0.03362208760700014
19.924687749477016
27.97126308094812
27.81381152270842
40.4895432017438
24.58535093568935
23.0410969204313
26.919418497862353
19.15123659614983
8.966567455081531
27.066904713858094
28.1029262209413
4.004459745068743
0.9691107546896092
17.280778697655478
19.471043802550412
0.7259477585175773
39.49278034620511
9.180265988616156
49.800943066657055
13.807576285631512
51.813986428685894
5.937450071243802
5.937450071243802
