0.39700120511443515
0.046943848784760434
0.015599601882200886
0.15997426860668895
0.4005737666885949
0.44152480070651734
0.21926341230989976
0.41385193402180676
0.34595671609179135
1.4462892699826568
3.504040950314817
3.6802758172880203
2.4674986036343967
0.3353289251060687
0.14274340209954062
1.8068291152316078
3.3989517010456893
1.9595317017076468
0.8106042103196387
5.214238067326733
9.621257205978054
7.86542735790772
4.753849038056842
29.14533331307848
25.98462990427288
8.132522325725404
6.511199502987438
5.149614786480015
31.30165107837456
0.6833685678557231
1.7818572336200305
19.918668208982126
26.275007576899952
30.813168386663165
44.371834813788155
28.84393599359828
18.924105565492937
30.477541539090453
21.78811700543156
7.504137563551922
26.89360389516878
29.210342030972242
1.7385021963782492
2.2898616011661943
21.267765506861906
23.844136717001675
5.105692182580242
35.50416691808641
12.306368641380686
47.9138809770011
13.89579299709294
49.664028094710375
10.613027863066236
10.613027863066236
