0.07401707889664003
0.08594466183424
0.09773676658943999
0.11022824964095998
0.12327289528576002
0.13637008180223997
0.14935194993664003
0.16326513009664004
0.17698243197184002
1.0211958742974439
4.432901595689639
2.6588088979253097
1.2815022755974337
0.8590575459882746
0.9503941340185599
1.05117939311616
1.144694569216
1.2289691274854397
1.3843348488217602
1.52777114972416
1.8390174827051096
1.818991473919065
1.8771455120281602
2.7701356538818778
3.2279160510908467
3.6862033946214408
4.08333518365696
4.44501996902656
4.788100202659841
5.103059313623041
5.411578638400001
5.713492020797441
6.00581677805824
6.281591821148159
6.56022080733184
6.839923809495042
7.12180170383616
7.385532383848961
7.65678485442816
7.929856000000002
8.200250777664001
8.467187448586241
8.728413181565442
8.99497990023424
9.26394898333696
9.53057662343424
9.794265969072642
10.055078645455362
10.33074222326784
10.590077977600002
10.870029643939843
11.1470512384
11.40983549288704
11.680853745256963
