0.08062237790464002
0.09150087091856429
0.11410667809024
0.13178177790976
0.14807596548096
0.16675396936704
0.18337716449536004
0.06357658980279215
0.04308000516244709
0.15030819388859812
0.48315622491136
-0.36768699453573117
-0.9417452188556026
0.42298772416937414
0.3033276642642293
0.9044983850214403
0.9698467968639999
0.47128054094088545
1.1372499101286397
1.2302572015641604
1.31284664034304
-0.4442103787776084
1.46001402274816
1.6693118227109651
2.3515314676761596
2.6619723706470397
2.9257801452774403
-1.1645660699501188
3.3918559432806408
3.605617650792961
0.5109329349357368
3.1487092483172514
4.206666632255999
4.39890554650624
4.590460511295999
4.78040093200384
3.66415771384292
5.145210294991361
5.330978573437439
4.9814761956442855
5.707267486525442
5.878910165032962
6.065919757117441
3.898081580614688
6.437107795599361
3.318773500625807
6.6822535722701115
6.991082897103358
7.171863962728961
6.979022197757345
7.55562876150016
7.740681355264002
2.5428364585563505
2.6125622543354954
