0.09134128041984002
0.10231195493376002
0.11316926596096
0.12394117398784002
0.13464672491776
0.14614533826816
0.15724841287936
0.16922099867903997
0.18073381638400005
0.30467220562944
0.43147451843584006
0.54923039576064
0.6566210954265601
0.7479288533094401
0.84036382442496
0.9074802918297601
0.9766530839577602
1.0426795192422398
1.147520858176
1.23811731293184
1.32760908484864
1.3993678634214404
1.4685755751040002
1.96313277081856
2.287523151936
2.559206461504
2.79929305663744
3.0071388793881604
3.2149121139097603
3.4305381541094393
3.6016752048639993
3.78265779291136
3.9686377167360005
4.129986411274241
4.302796824578561
4.47743568642304
4.63082166190336
4.793955791708161
4.971679818856961
5.135473893890561
5.30232781382656
5.4680621799654405
5.638687166464001
5.78904388026624
5.956317494026242
6.126496230975999
6.290064
6.457217670351359
6.624841781578241
6.7834244172006395
6.95687467788544
7.13608731463936
7.293413199424001
7.477074611776002
