0.985396617219104
0.018003812476361958
0.48894931541563125
0.6272222230779789
0.46367706560355515
0.6758136792175407
0.3939314149291988
0.5632647870273217
0.24813295929965307
1.8477541853833088
3.1091442882183173
4.5596412066425955
4.549714132611712
8.095525630266934
0.010125447774385066
9.171952264616039
7.9945720143601875
2.147888511010251
8.136762272824626
14.571267612967858
0.9457240244760214
6.09412289424904
1.4697622494297775
51.251774021411165
5.17318809102926
20.060377831066035
39.511932347595575
145.15895618554532
136.25719968048907
44.87664745660368
89.66967209663017
78.42066388396415
30.765363298134616
62.81007677845264
15.317917531119747
73.21114468896121
40.01401807548609
44.085990147032135
108.21245431881471
118.65175788270426
159.2833857671103
184.21821285427723
252.82895450545766
106.25804804606014
123.04197753762128
157.92243118408805
114.29859987554664
93.88246612295188
64.67029660049593
66.48820127432555
66.78600621371879
27.36255962271389
211.77772887934407
232.9555017672785
