0.06765742018816001
0.07638192457984001
0.08446509938944001
0.09319099398399999
0.10196321876224
0.11144700903424003
0.12045897318399999
0.12958041673984003
0.13892974019584003
0.16644453241994725
0.3292813279641601
0.41514620057855994
0.49380865231104004
0.5641476047257601
0.6300549376000001
0.6868829186559999
0.73824938516736
0.7866838503039999
0.6309950915586273
0.9532101150950403
1.0208693610086401
1.0886067671142403
1.1403676943999999
0.7707859701369499
1.86712766546944
2.1159263265817603
2.3273577226240003
2.5324724809753603
2.70962150621184
2.8963519664358404
3.058077597696
3.22577692360704
3.3938010564198406
3.5504206735359993
3.7119971770393603
3.8638035103359996
4.02119279679744
4.182155881024
4.3292692115481595
3.443417624273138
3.513271859093229
4.7952660842521615
4.9495712960742395
5.098607353692161
5.096876745430208
5.419688294901761
5.56570384961536
5.725193222453761
5.8917192676249615
6.036911899363841
6.207089904970241
6.363728714506241
6.53581087213824
6.68641128745216
