0.3230760962476431
0.31005537459421006
0.42814884054961055
0.07494217251797863
0.5243585462598546
0.1249454312100653
0.6483046678517326
0.13322287794119347
0.24291661920474894
0.6333958736463785
2.6678918856283076
2.6394453183847304
1.1187514653946664
1.4946288916254957
0.9615956110679917
1.645256351170815
9.636327373979157
0.9132916286509953
2.5367157164395167
15.257929385049692
7.739325257630526
4.128404557198337
6.518226802873414
22.15784314078701
21.61745432371481
45.92826819610673
78.14109198544247
49.60298552197855
66.53417861964226
140.22416091169362
2.7200829897192307
8.728822214874526
12.495000779395923
12.06424570013769
10.083401891806716
22.9428671882888
8.479995757556026
82.17165381251834
29.240613311514608
8.98269643841195
7.099611707311851
32.955695145479694
170.89069196434139
37.373124447978626
8.942243408222566
24.94626164467627
96.56510541989701
12.216072905139299
80.95177544006583
178.5615191635734
98.03113783569279
60.1509837156118
25.846282355385483
28.430910590924032
