0.44072970034071446
0.3535838505308746
0.4548347966382309
0.1548009087567621
0.653578633048916
0.0399064560398017
0.846455654899458
0.08554433419533325
0.47782547282476173
0.5791079857766022
3.176749098771552
3.8888476752416636
0.9318237915902046
4.24641069152284
4.369499610366006
2.348772670727044
5.114459268283781
5.791158045116731
8.032971167840515
9.318269944482381
13.892384300051617
10.431031555882328
12.898194328015734
13.615524190487577
39.606710027927875
80.19341977813656
22.248711310247018
124.43068372445487
159.77192377694882
30.158055541196518
117.25951822686329
118.01997413894787
142.03331198976957
141.03505275922726
135.72204160863475
143.24447360200793
104.94775741855483
188.5376222608138
127.74524455380742
100.11285455081816
77.42896131131783
112.1315825474594
96.30991292762337
109.67758800837328
62.287506538341404
96.82994118300121
22.0419923043155
90.69123962298909
165.06084245033708
85.59540420527628
198.7817394917438
171.93709164043685
150.23015568955452
165.25317125850998
