0.09795698116864003
0.10833155973375999
0.11994640835584
0.13044347996416003
0.14224242422016
0.15277216497664
0.165434173696
0.17609504391424002
0.18850740961536003
0.30864869139456014
0.25889767792325286
0.4465974703805663
0.6268458936960002
0.70801858099456
0.7836583559270401
0.85351582142464
0.3212160199246059
0.9700201308160004
1.0701753532518399
0.4794236170969536
1.23486856151296
1.3075282147840002
1.3715670257766401
1.8453548865945602
2.1570350417510404
1.9331768702255148
1.215389184513115
2.8555213733094402
2.0194433313247213
-0.5222413289120813
3.4298210309017603
3.6073556844160013
3.778209157634561
3.9482580181017606
4.116048916503041
4.280482930915841
4.44776627113984
4.264690018759807
4.76947861226496
4.9331395069158415
5.096064248872961
5.253484034303999
1.4051948310218254
5.575922817456641
5.74230353314816
5.901463508131841
6.030354790558419
6.229560737917442
6.21772201803748
2.4439725712462597
6.125764997749768
6.889264267184641
7.06152815543296
7.23544580678656
