0.09795698116864003
0.10833155973375999
0.11994640835584
0.13044347996416003
0.14224242422016
0.15277216497664
0.165434173696
0.17609504391424002
0.18850740961536003
0.30864869139456014
0.42250416001023994
0.5284824730240001
0.6268458936960002
0.70801858099456
0.7836583559270401
0.85351582142464
0.9207062647833603
0.9700201308160004
1.0701753532518399
1.1672883610854403
1.23486856151296
1.3075282147840002
1.3715670257766401
1.8453548865945602
2.1570350417510404
2.4150552404070402
2.66134066995456
2.8555213733094402
3.0514332159590403
3.262994253376
3.4298210309017603
3.6073556844160013
3.778209157634561
3.9482580181017606
4.116048916503041
4.280482930915841
4.44776627113984
4.602082116712962
4.76947861226496
4.9331395069158415
5.096064248872961
5.253484034303999
5.43436662345984
5.575922817456641
5.74230353314816
5.901463508131841
6.07632754443264
6.229560737917442
6.387459606837761
6.57862582964224
6.717850228418561
6.889264267184641
7.06152815543296
7.23544580678656
