0.07644030566656
0.08540889350400001
0.09485315870976002
0.10387161759744
0.11292073095424002
0.12333469705216
0.13315259384064002
0.14321320059904002
0.15271713673215997
0.25694517688575996
0.36107984856064007
0.45626026127616
0.5428577358054401
0.6189560512537601
0.6911780721894402
0.75024423248896
0.8118586650240001
0.6879443670352685
0.9530039264486398
1.038980644416
1.1145413400985604
1.1769298984960002
1.2383523278438398
1.6848953804390399
1.9906500972159997
2.243021419584
2.4646488064
2.66404027884544
2.85433185773824
3.0430150917759993
1.363009308929977
2.436034263896237
1.4932153856561803
3.717017422666241
3.8767530763878404
4.043882901104639
4.192456088381442
4.354867796224001
4.51602620891136
4.66717606907904
4.82591618049024
4.977410974525439
5.147526041855999
5.29665553207296
5.45843599983616
5.609970362613761
5.774232140554239
5.9316017981439995
6.10134263202816
6.248200129600001
6.416672616471041
6.58539886369024
6.7419576547840006
6.906459686607361
