0.30175943102678104
0.03619348624672014
0.380432141330985
0.15541833906630842
0.24050283205884426
0.36757285642656257
0.29300534746364804
0.2862838688486562
0.29172244962336435
1.4407188512007565
0.9078698703117993
0.8679934970876957
0.12952610044652602
0.6221545028892592
3.2156208554442856
1.6536471965721375
4.73649096092845
7.323188357651134
5.6584686554963355
0.49427527865691445
4.6156704003519735
6.7125582044300245
6.724937776682964
2.9061553935030133
1.7581833057474796
7.99860064690256
11.92315041418442
18.265904104144283
24.267951364279725
35.47735409356392
87.01826551186605
62.00407838112733
87.37734135855135
7.923294211526809
32.19977687603023
39.94638910923095
69.29855588501232
21.127173337808927
21.752139504224033
37.857161417618045
13.651833930271096
67.17181438879925
77.38626360052876
6.889541512558935
39.06117571013601
30.703665175540664
26.855293631742825
2.523524748175987
97.77397304067563
56.20481477463909
3.0940156178257894
52.04441385944665
35.81504706826672
39.3965517750934
