0.30175737353417986
0.03619255223361151
0.38043211109480524
0.15541756773502868
0.2405041940100432
0.36757098014609824
0.2930031281586736
0.2862814233194655
0.29172500577857363
1.4407184338783168
0.9078633875401465
0.8679820584051186
0.12954001796856573
0.6221406920261643
3.2156322982687016
1.6536393740108224
4.736493473093674
7.32318506090337
5.658483030252569
0.4942488378694634
4.615633499867954
6.712602878124926
6.724988725100729
2.906136199947923
1.7581151336089533
7.998720484606565
11.923268099595589
18.2658276448401
24.267936390697287
35.47730306555786
87.01836626858312
62.00393816149153
87.37718519990085
7.923447965164087
32.199913072654454
39.946284196252236
69.29862543496347
21.12720005587107
21.7521558167864
37.857107270941924
13.65174521280278
67.171699427774
77.38639862277341
6.8893979199565365
39.061318631829636
30.70353236113442
26.85540534055326
2.5236067395744612
97.7740131849423
56.2048184498999
3.093953711228096
52.04428591197211
35.815242480013694
55.51133432478673
