1.2115546669649397
1.2350873599668866
0.3680289635432885
0.04722985427627435
0.12085332117621306
0.8154886289696748
0.42933750892993316
0.8322891913646799
0.3585089717231966
5.840503043049523
8.491420937528545
4.33608880057443
2.564160428027378
1.8162936427463023
6.64405062142464
5.157814121994534
11.701127886359927
20.2435655712045
9.559331052618631
1.8586679493773772
8.317030598090696
6.8116926138725375
9.526859393362656
19.284565865780223
46.35592564310355
31.054589645561464
23.79637062760594
67.13617124790471
2.748671975412435
27.122433242257102
6.633880809857146
97.6151187314099
17.413360745515092
38.719349552051426
38.31006787170554
96.00738403049036
138.4413365931323
65.93384887935827
154.12573037759648
126.38899334429152
100.87282600985782
105.15104872206575
101.21260042961512
114.92553718509589
5.204120392460027
64.37141004036675
64.46713392201491
64.08207911437057
44.017926038388396
29.350465397365042
59.79406933887367
5.283240425269469
57.88997821602243
63.67897603762468
