0.9523066369803992
0.8053150519478436
0.21778765374683928
0.7528872190231084
0.9180736718416611
1.6877977918672684
1.3498957991999276
1.7884383227272025
0.6145044626942848
5.175976237295316
8.607940019191602
5.388605568517562
4.426883344182841
0.6971610111654059
3.6912403811006698
1.9906984107938115
8.50309039393153
17.217328755095195
7.238750318343591
0.7016160709872565
7.987039264889063
4.604616567952462
5.294773757130315
4.635187421722094
16.917798554213732
8.316638977758885
12.544659477074674
67.00898065210822
4.608871035803531
37.95895457767256
3.788599934454396
91.24026050938119
17.88467011881221
31.31074597555562
55.10768537081458
70.63543759539243
104.15209235255315
109.76291690690778
103.7219235601624
69.44816363388236
38.82740712228406
171.02444949197525
33.74472267534293
47.16911114587856
61.061899635860755
127.39315979836101
5.771404404033092
11.566321844271442
0.7192798845135258
64.52505851934256
34.58780247688264
7.727305282365705
57.516042090108385
63.26764629911923
