0.083465521216
0.09438756929535999
0.10669264435456
0.11856066973696
0.13007505854464002
0.14250806200576002
0.15350222500096
0.16559169935616
0.17548994479104005
0.28070160304383995
0.38132304618496
0.4797368710041601
0.5659468642713601
0.646364545024
0.7199155952665599
0.7826926744806401
0.8463116823040002
0.9064410931840001
0.9991841664640003
1.0836177081241603
1.1587471859814398
1.2322101144601605
1.297886005504
1.77512348037376
2.09646305972224
2.365099500544
2.60110319620096
2.8287580086374406
3.02449941823744
3.2159220207206407
3.407822330429441
3.6004060626969596
3.7667915883417606
3.9400090349593597
4.120692130621441
4.277788776898561
4.442719666175999
4.631048908963841
4.77624590181376
4.945499927104
5.11419771326464
5.300625810557443
5.446435737600002
5.611554552384001
5.7893826561049595
5.96387976155136
6.11926689071104
6.288386761423361
6.460438160816643
6.638982992181761
6.80204790301696
6.981034830359041
7.15019898900736
7.32796161163264
