0.055130713216867695
0.08134183274912715
0.10669264435456
0.11856066973696
0.11072982433550432
0.03545312034140778
0.07160751422087121
0.06868783005343022
0.17548994479104005
-0.2830408998781341
-0.9403169963920888
-0.1884999021541623
0.0926353453687524
0.646364545024
0.7199155952665599
0.7826926744806401
0.28233480940067035
-0.6147619489982794
0.9679459153083233
1.0836177081241603
1.1587471859814398
1.2322101144601605
1.297886005504
1.77512348037376
2.09646305972224
2.365099500544
2.60110319620096
2.171636188323623
3.02449941823744
3.2159220207206407
3.407822330429441
1.909331798718142
3.7667915883417606
3.9400090349593597
4.120692130621441
4.277788776898561
2.0710083849612575
3.5922869961688897
2.9028076581645212
4.945499927104
5.11419771326464
1.4865710028177528
5.446435737600002
5.611554552384001
5.7893826561049595
4.3615221204012675
6.11926689071104
6.288386761423361
6.460438160816643
6.638982992181761
6.80204790301696
6.981034830359041
7.15019898900736
7.32796161163264
