16.32023307094078
24.55284131132589
33.44408373339017
41.92863825173922
50.460965791901174
58.262339909195695
67.35754014558218
76.54370514616525
84.1634098864823
167.39371457392852
252.37395651163234
335.3840055117184
420.2748586485218
504.56189133016437
587.3259516256685
673.1927372438158
761.7632209848157
842.2469377200835
1007.7809798981306
1178.3613400199072
1346.9883898864946
1521.086067847427
1674.848540473602
3350.1991068920065
5055.249931222056
6769.0343928466355
8391.735815586138
10113.346506350788
11787.56220231071
13483.236205596839
15114.287849619119
16770.65476666257
18476.129734090307
20159.48498214384
21911.003590358003
23490.982479835857
25181.351882334693
26963.390711701046
28633.472183109916
30266.47414850099
31987.68264567822
33663.32915965815
35276.28889523468
36967.49266965618
38725.25296240991
40431.565156987934
42067.12816760031
43701.64384136543
45394.99292780622
47063.8962976537
48792.72859282469
50482.23410011947
52156.79477495149
53782.0979452973
