0.10077526438144004
0.11049720588544001
0.12121761383424001
0.13293432672256003
0.14311996934399998
0.1530061456
0.16484769300736
0.17581450264576
0.18705832600576
0.30837497135104003
0.43101220783104
0.5466248185446401
0.6479502981529601
0.7447054845542401
0.8268017572249601
0.8951491095782403
0.960509763136
1.0252129507839998
1.12870735876096
1.22020478578944
1.300895362624
1.377468406336
1.4418245776
1.91860617093376
2.257277875776
2.514076621056
2.7454316059033603
2.9580202361881605
3.15460793798656
3.3486891873177607
3.537763743951361
3.7234673057894416
3.8845887160959998
4.05599621366016
4.222203040000001
4.386511360000001
4.52410858082304
4.685673256450562
4.8616298720281605
5.0097397847270395
5.173514015295999
5.343583325808642
5.489566526709759
5.649223874652161
5.807012658895362
5.99055778579456
6.142014508157441
6.307644305205759
6.470104449599999
6.633360962173439
6.789935147100161
6.9626321423999995
7.129318662146559
7.2891360256
