0.4357988520028364
0.4680328521456971
0.054604897334073144
1.097657290179491
0.6820909233118542
0.13903864064685933
0.35021718960486226
0.022517803263525593
0.23744832962850637
1.0846773804705094
1.6612787960392268
1.0860124986294863
2.587076746149819
2.235071389595987
3.1789620522308724
2.1883953268369396
3.322827582253126
2.9464740149689987
1.5552430381101203
2.988608677435195
4.987911424552976
2.5787519199445796
3.3903350800560474
17.365672036858996
21.29138518671698
62.86567928345903
102.16528883747014
118.5576084503009
140.46136952865527
84.16584095851249
8.65860311643155
134.86957812530454
64.1696385557334
130.5070764589691
169.47910002971548
206.66435088311846
26.377169514045818
0.7008537440560758
180.07268404632123
65.08516602075179
111.80459304836404
217.79784599890263
62.948963813629234
41.585228945063136
10.223560640966753
189.04521329369163
46.49875546614203
34.05914915762696
24.88023769256688
90.63570217685628
236.5887934489292
240.36742839801445
318.43591152921726
350.279502682139
