0.24753108165153392
0.3646390147630072
0.07737086541528271
1.0460603222500708
0.5762689092819357
0.2891224965497372
0.15698647165045543
0.20191196324763894
0.48586614033423814
1.213869517177244
1.2485555453437485
0.017836574052864762
0.9741413476932621
4.233925212986719
5.3330128350825134
0.06345117040712012
1.3819589096931395
4.543262046202358
0.8418494488382748
3.3470601444923886
6.42455885816139
0.12424162291290486
6.586879395375263
11.701079276928795
57.59992224128564
1.5363438551494255
20.54333888387191
34.463576345851834
67.3673244585425
33.40657966701656
29.391817277910377
121.52704097707101
20.234862698602228
55.383213230594265
67.3556982361697
82.42888634163319
164.8911543780996
150.50506707805107
25.050436649373296
88.5390305489891
34.225838502232364
86.09823025926744
51.51596209663694
49.18457942652458
73.00015360834368
164.00389423818706
56.35303876150283
85.52805424886901
70.51327484352805
51.61807603421039
47.15246981708333
3.3148484887788072
20.508546482160455
22.559401130376504
