0.040180540435411416
0.17581837873345663
0.0729687583138201
0.21625606478986725
0.25318485850233685
0.12051842012103009
0.5332628716587067
0.03427190563635918
0.08352546714529296
1.693300290265313
1.9323117807835501
0.13614669806162283
1.2083778167054788
2.3558247979002545
3.244826183666646
0.7962500376654589
5.912123035025388
6.6367155905045365
2.7406947156310935
3.6540714061595736
2.1541235313166
5.876356178438073
0.517553195990331
27.029250415276238
31.50296009336671
12.177345109086673
2.504165499818555
12.115409506697688
18.96973132081621
61.515488045644815
38.45323300912423
70.81154254810826
14.980110925411282
25.91806572008136
51.5650171375637
24.383295419851493
80.80506755498573
34.016898549190955
36.190159009562194
50.42428668208959
81.12338500109763
73.49122719917796
99.91603645228315
20.702472981640312
41.405418285263295
101.57413062660635
33.70338990473101
22.675671523727942
79.40380305454164
2.2715774582975428
22.536151909822365
45.216361811661045
36.95303400485864
40.648337405344506
