0.06089523548416002
0.06835505670400001
0.07652791911424
0.08451625780224
0.09358900429824
0.10234573519104001
0.11197643378944001
0.12077682287616003
0.13058336231424
0.23855175198976003
0.34503876000000006
0.45350634866944006
0.54909996976384
0.63953416479744
0.7121712607257601
0.78565390418944
0.85270301892864
0.9107358238950402
1.0104399066009602
1.09950491689984
1.1752502608281605
1.24906909982976
1.31111293747456
1.7633715264
2.0882654549222406
2.3415022467302395
2.56641937922304
2.7722090160230404
2.97062598134016
3.14748474287104
3.3369118039065606
3.5135073189990402
3.67701794504704
3.84397118178304
3.999763203504639
4.163676162877442
4.318070700810241
4.48108609867776
4.64545258169344
4.794649453693441
4.948866516183041
5.120408660224
5.28022308157696
5.4266559759385595
5.590811068508161
5.75555413821696
5.902575204866561
6.068781009308161
6.236151679549441
6.391285565040641
6.553550848092161
6.716846689344001
6.8845531381862415
7.051523045276161
