0.1386529792044584
0.21110483791012769
0.21863482598917727
0.12995803194016275
0.3776406030396089
0.5432239148831641
0.49990797414481847
0.27453354393809093
0.5394548735916231
0.3116250504574509
1.092321692877448
2.1658925008743495
2.664996963452438
0.5723154124917755
3.1535585596415103
2.311794529714234
4.36913530675281
7.788321081727304
7.634528301601108
0.7720562063022953
11.862334254019288
5.044212588812343
1.0785794919420368
17.94435050392667
22.52846286808108
12.86147698712466
7.389308000545498
17.05552944201372
1.025236570787456
84.9848720777245
56.708467061282136
82.63756248867139
4.740714493742416
7.726424143442273
4.79885379751795
56.80006827079342
33.33486357342554
53.99038728718733
39.52004027005751
30.033723579370417
80.54920286458946
61.69199173292145
41.1312855041906
3.3769179230439477
51.15465952404338
72.05893446032132
27.049865996996232
16.076991709327558
31.633339659369085
86.7490432073173
62.808442707158974
9.87691450517741
29.08679006841703
31.995469075258736
