0.26959759888479695
0.28235549859772036
0.2023552608386936
0.103228472509997
0.44443787083403663
0.44855031226683195
0.6226941104997934
0.415682488479888
0.6944352592697669
0.23828404961975025
1.2817461677193478
2.6113245077665965
3.284663500315844
0.12020453563593492
3.821442483466285
2.8738873062193306
3.9912324008101905
7.639895205175094
8.018355982506023
1.7247442497894099
10.347710121183809
7.212693157887088
1.632933586742638
11.610757644950809
30.923461932391547
23.364605248914813
5.330025739445773
31.652485758020703
16.623048892803126
69.39357431120698
42.165988877077325
95.06214135172922
14.679894899174542
0.7372929071098042
8.657594959506241
55.86601993992008
35.239829746959
58.30458003905733
33.110770455241436
37.86969167182906
89.34864542591458
52.38534249855729
31.868397957878187
12.152500258860528
59.03707792638306
65.59206221002387
31.943661629200506
18.985358136080322
31.036082634556806
88.71995257761591
67.42711104133923
2.5335215298982803
18.794282489077887
20.673710737985676
