1.5257192003141125
0.33232679598244985
0.3361350204222475
0.5671093515848256
1.1932466599900025
1.079244015038384
1.4012214462258186
2.473235264861316
1.9880738170980692
5.445400071734269
10.411763195698626
8.246282780805359
5.958720215978076
0.6508090253405499
3.4324578999310233
2.1219623064072266
10.07019795128872
15.334067601076072
5.667277708620304
7.271923824719579
4.538493440620414
6.010016570285416
1.793890813589087
0.06497684701071194
25.97947428471707
30.635903880286605
1.741591121939564
93.3146421804795
60.32116453927665
3.7272216761029995
23.901228854034343
21.117742481364985
75.26016821576195
47.19321438013867
52.0446260922472
34.0725867076726
80.1654977092112
70.18055481405463
12.094621656578965
23.853294241704134
35.98710577496968
151.15754069697869
0.4571619499256485
28.74681642568612
85.44203833279607
42.50106365378451
11.292548964032903
6.047040999976161
28.42138149298262
64.12898948699149
43.846958961032215
8.861914224973589
66.58258236018446
73.24084059620291
