0.10429179371776001
0.11916745860095998
0.13364113244416004
0.14772400006144
0.16271090657536003
0.17665679739136
0.19148395788543998
0.207709885504
0.22133788078336003
0.3523134736
0.47881085587456007
0.60288888926464
0.7133897013760001
0.81528764131584
0.9054024898969601
0.9821571102745602
1.0600036773990404
1.1291935682790402
1.23925342494976
1.342780358656
1.4278261589222396
1.5098118175360002
1.58693882085376
2.1197682721177604
2.4765442796159998
2.77320543867136
3.0406821975270404
3.293458388605441
3.513243403479041
3.71830695199744
3.92053939323904
4.123693753344
4.30527972692224
4.496971503720961
4.6817119340569615
4.86644305920256
5.042410370173439
5.2380048760934415
5.407894438144
5.589812352706559
5.761382482944001
5.959152782133761
6.12135686373376
6.30322483538176
6.48874136568064
6.655318507932159
6.839923809495042
7.0241621783449615
7.210187336112641
7.39902670127104
7.5733454856294395
7.76694984085504
7.947708212224001
8.13807529945344
