-0.07112378773137079
0.11916745860095998
0.13364113244416004
0.14772400006144
0.06955063994321305
0.08070804761329434
-0.014935614156016352
-0.16356359950175864
0.01198973878953169
-0.5383248007904567
-2.027446333110718
-1.4394507921388746
-0.7755067273035813
0.81528764131584
0.9054024898969601
0.9821571102745602
0.05993891121899275
-0.5783227218085694
1.2075511554133032
1.015451986753548
1.4278261589222396
1.5098118175360002
1.58693882085376
2.1197682721177604
1.8702019706730617
1.9206374136362823
3.0406821975270404
0.6139109914809988
2.788605179051327
3.71830695199744
3.92053939323904
4.123693753344
4.30527972692224
4.496971503720961
4.6817119340569615
4.86644305920256
4.238097081756177
5.2380048760934415
5.407894438144
5.589812352706559
5.761382482944001
3.0342936064472608
6.12135686373376
6.30322483538176
6.48874136568064
6.655318507932159
6.839923809495042
7.0241621783449615
7.210187336112641
7.39902670127104
7.5733454856294395
7.76694984085504
7.947708212224001
8.13807529945344
