1.3571254255281797
0.8949594232510734
0.09834658206575853
0.46322274741363145
1.0968952590254162
1.3280594405718134
2.376602289050794
1.9721791933222903
1.8005444067148346
1.0181180840212392
2.539493213198
6.338865826772803
2.8264688182066493
7.436451013227327
7.185877172886535
9.369568255090257
4.1846633014697545
6.546711620826386
1.0466369273939335
20.25052337412353
9.529504441958125
19.494395042113183
25.17142915645013
114.38256376827167
4.789192792927679
11.521591341192106
36.44631392282099
125.63077183538189
163.70990598733442
53.281361882793135
174.3025048524578
190.45219304799684
101.42612510509935
93.81013160807561
90.69961207143933
56.13551193502644
11.147328861839924
3.864479877429403
60.38989212411616
108.44328527504695
69.88858813280967
19.376957564163604
209.66972061950946
17.74050883151358
164.9452226262947
16.65874999335938
157.51273610440694
45.84311968155089
89.02982438736217
88.90236908551014
108.27057571484329
155.67140313752316
161.64494698875205
177.80944168762727
