0.06138263912704002
0.06943604445184
0.07834983202816
0.08699007550464004
0.09619128566784
0.10523743617024
0.11539445944575999
0.12417673872384001
0.13337104000000002
0.23125019087104007
0.26797391788294034
0.19963559275032103
0.4982462452633599
0.5674837905510399
0.63344025538816
0.6912366019609599
0.74838555261184
0.7962349824
0.8866437046297599
0.5052721153780517
1.03500183638016
1.09972638662656
1.1575349885439998
1.3697266981220746
-0.13902845214853232
2.11946078823424
0.37296823913549604
2.533648961536
2.72058369732864
1.3738370042537118
3.073485834496
3.2390035966182404
3.4100970173670406
3.56981422178304
3.7265924161945594
3.8844499634406398
4.044024472575999
4.196060548669442
4.35354567983104
4.5102681896166406
4.659422718044161
2.868654683266921
3.6794657702411047
5.116426850304
5.28588655995136
5.429034208829442
4.540884492296784
5.740869670525439
5.897701619138559
3.817763644457537
6.2223586295833595
6.38336798947584
6.550127052226561
6.707362388277761
