0.2826917528128057
0.18965249561936304
0.19173375105095403
0.0070731318211443295
0.30835247689276457
0.259085558707703
0.7790036152802315
0.988478180857669
1.9596512858093575
0.9985766032980337
3.501446617607513
5.851289901586313
8.289795756784542
6.019029920498269
7.225263640341041
1.9104254817038964
2.9992553404752016
6.59283156776894
10.893395840901235
13.002741241265312
6.658740326422503
23.086083444851738
10.175109938091964
24.4158812863775
26.058461645215175
4.385976850650877
50.2814158989695
65.23425137842969
6.098697762026859
3.9917894241916656
59.9737298057662
65.58937259357481
0.25956617149859085
30.257378996688203
1.5183001264849736
57.65281682339992
187.5075605662896
47.93202806747286
34.95798136567464
48.211688721868995
14.232216905184032
38.197761870978866
45.13955515876296
7.830018755492347
16.49261895451491
33.594816287914
19.021870014410524
49.599751599889714
37.4900934918187
79.96545563561813
4.45791693495994
43.60125643187348
35.53888265164278
39.09277091680706
