0.4415270350750333
0.5975299316019473
0.3985302452559907
0.7100833782419116
1.0766027882352915
0.5360340645896855
0.002692792249320064
0.2519838999487689
1.3029132466981963
1.841459073274848
0.8190658712380525
1.4976565761057827
2.733410073004336
0.19835878285368835
0.9854831808652307
3.704684790733836
7.374808595923241
9.209682147519516
8.77354014505272
5.008863007543368
7.534366760261946
1.6278220974788837
36.77724096172233
64.66314647363515
19.276936075653794
42.20228375522038
92.18256807966645
32.92827329971624
22.525198180541338
2.295332372726989
49.48053322592568
47.266647105727316
21.99532057476972
7.128380024430953
22.94674471633698
75.62239257075271
201.07529309222082
40.5961421730899
36.914169743758976
51.94913422603713
22.74431989231016
50.854585837856575
29.499865196165047
25.58935760102031
35.110929477807076
15.326685447405907
35.62292003945913
63.243634992868465
47.01088605613768
83.97280358358694
2.216129045606067
53.25955502715806
53.94647209766845
59.3411193074353
