0.08626485919744
0.0799296710134116
0.121622377536
0.12466256125255398
0.05510090382462762
0.17224624865536
0.18959405977600002
0.15126507189000915
0.045158308258877865
0.2518304679320194
0.16674221430760777
-0.13699755339121256
-0.5378356529305002
0.24467933637419825
0.0873668905723568
0.8992501309439999
0.6377336394638505
0.4772435210606293
0.37904937900711344
0.518600223710395
1.3068842906521598
0.1873988079117921
-0.5475801469684409
-2.0913825396932246
1.0026696742759795
2.64992557502464
0.7022163500309009
1.7256492820023552
3.38757865701376
3.6036795688959997
2.6823852372090466
3.424913554492224
4.21482870882304
4.412722019904001
4.60057198715136
4.78347989684224
6.055430215966288
5.168791337205761
5.344885309040641
5.538664771594242
5.7192990348313595
5.906253101506558
6.081621589711362
6.27233191301376
6.45873835746304
6.63934578557184
6.832193002792962
7.023602443264001
7.211321600412161
7.346230744983103
7.589337367575038
7.776664752355841
7.971840538647043
8.166417283791361
