0.06167869232308041
0.04968404797684636
0.10066355253504002
0.08677461540942902
0.12167148564736004
0.030650106374891697
0.10432341774213627
0.10228355785500452
0.16363513593856
-0.2023667235656974
-0.7037769612364198
-0.11439995668424624
0.25824299895362857
0.32157043684142655
0.6826011523302401
0.7440980823654401
0.6980031715636201
-0.1718025278438683
0.27225274044168757
0.3420725679014738
1.1100122734694404
1.1768153396454402
1.24160565565696
1.7053351108710402
2.031833579776
2.2993573543142407
2.5348257153049603
2.75553094443264
2.9519088445440005
3.1447375929446406
3.34012760832256
2.7212455328328207
3.7010864705126396
3.877307551744
4.047068858595839
4.217502966335998
2.361953961217225
4.555308202762241
2.4335816190161736
4.881907926016002
5.051029704540159
1.2512658819482434
5.38957397287936
5.5520931389440005
5.7303320612454405
5.8979580734694395
6.061759140096001
6.2332512359039995
6.41141292109824
6.581244322920958
6.748631343843841
6.926455457856002
7.1059351644160005
7.276786792704002
