1.4580586577099854
1.6056263996787052
0.1701508459086014
0.5850317241098892
0.04436990922672379
1.2293537436070565
0.47799234538578617
0.9978264083162145
0.5641829402862442
5.28090602366845
8.080103582654004
5.490040151141841
4.553077400117672
5.248591359256409
0.849890783961996
0.6207616866485068
1.3324238978567564
7.441430330932576
2.5504841426241
1.6892645478294526
17.625830071354585
28.300091393027742
30.191399246176843
59.20476222295065
33.20932518569043
1.643238636116621
17.434015095062932
62.16817911708495
4.96552769430491
13.7091969381745
48.040516296932765
102.55841279640663
31.094803245006915
30.9078879703884
7.453156326238968
20.177084307480982
134.68409556461847
33.39814962131277
163.96874736875543
124.33475461676062
105.27074217355403
88.04427357602981
62.983099244127516
112.94647051838547
9.789190097013488
18.877692051406484
72.86952953405853
58.581376512716815
11.871665639853745
9.692325340911339
65.38509837241145
31.33106832538033
6.0701751224914915
6.677192634740641
