0.07893222822144
0.08873249440000001
0.10066355253504002
0.11196465516543999
0.12167148564736004
0.13385997881344
0.14355975389184003
0.15491214348544002
0.16363513593856
0.26346292842496005
0.35930529547263995
0.45253497693184014
0.53543991525376
0.60949373912064
0.6826011523302401
0.7440980823654401
0.80334938776576
0.8609137875993601
0.9552044218393597
1.0410267823718404
1.1100122734694404
1.1768153396454402
1.24160565565696
1.7053351108710402
2.031833579776
2.2993573543142407
2.5348257153049603
2.75553094443264
2.9519088445440005
3.1447375929446406
3.34012760832256
3.529360389744641
3.7010864705126396
3.877307551744
4.047068858595839
4.217502966335998
4.37612259225856
4.555308202762241
4.710393078336001
4.881907926016002
5.051029704540159
5.237360406783999
5.38957397287936
5.5520931389440005
5.7303320612454405
5.8979580734694395
6.061759140096001
6.2332512359039995
6.41141292109824
6.581244322920958
6.748631343843841
6.926455457856002
7.1059351644160005
7.276786792704002
