16.319328586885938
24.55213562137836
33.44360263542887
41.928380960429834
50.46094277675938
58.26253903416756
67.35800759399783
76.5444535090758
84.16439855378725
167.39767928560798
252.38131268426014
335.39463504529334
420.28856820040005
504.5783083620615
587.3446809846712
673.213529231213
761.7858211608241
842.270934764284
1007.8072357566377
1178.3892352734338
1347.0173843672214
1521.1157832218462
1674.8786226742116
3350.2265189332034
5055.2740155567135
6769.058871589742
8391.763868459451
10113.38048206779
11787.602635150168
13483.28256875704
15114.338349273348
16770.70719102212
18476.181324425932
20159.532837577535
21911.04467220881
23491.015288733914
25181.374110290733
26963.40057186687
28633.470056189308
30266.46060771064
31987.658080323527
33663.29545647943
35276.24836749654
36967.44748418195
38725.20601216232
40431.519762537
42067.087454123444
43701.61101686646
45394.97169744436
47063.88988557264
48792.74102010159
50482.26827249305
52156.85363206248
53782.183612533016
