0.5006714131140626
0.6778643786216421
0.19639736457113344
0.12161903957016307
0.0009427767593805925
0.6074609658324448
0.07800759399782464
0.8544535090757961
0.06439855378725667
0.8023207143920104
0.08131268426015481
1.0053649547066357
0.21143179959994995
0.021691637938488384
1.355319015328746
0.4135292312130332
4.885821160824094
1.270934764283993
1.392764243362194
0.9892352734339056
1.4173843672215298
7.315783221846232
7.121377325788444
13.773481066796649
9.274015556713493
41.05887158974201
18.23613154054874
21.38048206779058
13.60263515016959
27.28256875704028
23.661650726653534
49.29280897787976
25.81867557406804
24.467162422464753
45.04467220880906
56.98471126608274
48.62588970926663
51.40057186687045
39.4700561893078
9.539392289363605
29.658080323530157
23.29545647942723
45.751632503459405
36.55251581805351
39.20601216232171
63.519762536998314
17.08745412344433
30.388983133540023
19.028302555641858
32.110114427356166
14.74102010158822
22.268272493049153
14.853632062469842
16.33899526871683
