0.07490074240000003
0.084536725504
0.09408501059584001
0.10397374454016
0.11538250240000003
0.12479771459584
0.13358966520063997
0.1435197456
0.15355739449600003
0.2598976713625601
0.36430205633536006
0.4617452559385599
0.549543481344
0.6263443501286402
0.6921148459033601
0.75467165849856
0.81373100655616
0.8682780760473604
0.9609237833958403
1.05034949806336
1.1168837306598403
1.1882988243174402
1.2451774619750402
1.6950540129177605
2.00836967516416
2.2681853976601603
2.4871914197222402
2.6929020048409598
2.880976654336
3.064359482173441
3.2437566082662403
3.430081794304
3.5854604053734405
3.7634448016000004
3.9109966853760008
4.080561601600001
4.244292188224
4.39528876923136
4.548699341824
4.710163892797439
4.8714916995993605
5.030560935037439
5.1938701712409605
5.346024674467841
5.512352665600001
5.672673995253761
5.821611560962562
5.988920968419841
6.155019619133441
6.312595950143999
6.482018233968641
6.63843882068224
6.80278235636736
6.98001182162944
