0.546392981076405
0.11839500187797114
0.2230971768321126
0.5806251465953736
0.6355472453990103
1.06395649533507
0.8877860298535154
0.17206688144551663
0.7700761545365964
3.831357432416411
4.879464674065474
3.487936293489213
2.2941571708930724
0.38731049623049785
0.3317107240823134
2.34995014780111
6.435217687646514
10.33885812667711
6.967485463111984
5.206265924681247
1.2755252131989891
8.698626547108006
4.622970243020518
30.483924105759343
24.075219727726108
81.09147795657645
11.598745399665859
11.273203636097605
57.75504499825547
120.24750072898314
65.78246060047786
29.489966782530246
40.73473284413194
158.8494385239319
92.78411573575431
52.70634316681753
48.62304529811081
39.66717054705077
24.763623973263748
97.93814675099566
35.60961299401242
45.86999720190215
65.40036091787624
99.38930988965149
30.274971519727842
1.872123537119478
8.414339247516182
261.81678962109436
77.48523116581782
87.20573054756096
184.85289147721778
148.57610595339065
181.64801069496752
199.8128117644643
