0.04300679620864
0.050830407935999994
0.05901634531584
0.06761164850176002
0.07624578877695999
0.07767374455748337
0.09451738599424
0.10268384442623998
0.11152928160000003
-0.1175033492860088
-0.2153346719876726
0.13086947040667318
0.49492238045184017
0.56963367518464
0.63883061465344
0.6998968828825599
0.511521308753101
0.21596306649659192
0.8995823100502487
0.9931414005990402
1.0643933349913604
1.1286699623654404
1.1949078364185601
1.2987885902179532
1.93918770422784
0.2815142052149058
2.4204738116838405
2.6276824977638396
2.380957440497699
0.44622735507049516
2.9930218069859937
3.357777715776001
3.5257242425574398
0.2578369228625701
2.718585448125176
4.015124670261761
4.18474774702336
4.3429026189542395
4.4952548246425605
3.1759877385071835
4.817182156864001
4.967834730496
5.124710754549761
4.819354609384952
5.45317398529024
5.611054257768961
5.772371435775999
-2.130541381231091
6.092911672629762
5.4572700670631065
2.182573150711212
2.658135912222808
-1.9371757455242777
-1.9939768753357079
