0.836748232121959
0.2041546380649848
1.1475152082972002
0.015951255833265066
0.7036116702095256
0.24519025252331517
1.2398850212852466
0.0038875556582240733
0.7160001059095293
1.729920751109347
4.101160423590073
2.954062706077025
0.9317727475312267
1.3142552878348965
1.8610912877876444
2.1395745354215023
6.884644565027656
1.3046664732939917
3.7932691000596606
14.042885192156291
4.589244975189786
4.622170665211343
2.92063747953398
1.2753363057495335
16.052795615068135
26.93836644273233
53.11767144871919
34.362228553951354
64.5124344665619
154.3244620266978
18.24002358666621
18.471257303652237
10.660808907039609
24.41168364803889
34.86345830067876
44.44277836608671
11.893670240126085
39.051831488748576
37.962857021178934
32.470165518177964
18.270412461450178
67.55384314194089
159.86993595831154
11.097745848259365
7.814120335278858
29.433787831047084
125.02962118061987
106.79491669243725
50.221262469778594
185.3211057853987
79.29461328689649
65.5280590452312
4.209851253021043
4.630836378323147
