1.2955610251911605
0.46189222157116916
1.1014691572252673
0.09134806254612471
0.9992633853290229
0.7003124780939629
1.877895147410186
0.7770965536696082
0.1978717566699828
0.4016502214491027
1.3213400407993845
0.00942949584833741
3.624809483885201
0.8719392508647843
0.37246162305802955
2.771895384391428
6.588538228167408
0.17022763979321098
0.8833633923169373
9.461535709046075
10.370846573464632
11.514313567190356
10.6800578603752
6.305152741293114
21.52624762071173
36.26734239631878
33.883071053072854
65.09428375984135
107.26104378499076
99.70441948915868
43.645800331363716
85.50104808014657
80.36308895646653
94.56189018929217
103.79978076654879
111.04799029543574
51.66905949513239
99.65111932646323
95.79871957744035
23.165484200093488
36.183610518357455
121.89480692061625
104.18209560566902
69.08331683142023
54.115566100874275
96.56738883665093
50.472277347085765
188.3996508785567
141.61783477743302
81.48682566620846
193.37983334269666
193.00152912344493
138.31321410322562
152.1445355135482
