0.09034400809984001
0.10744130174976002
0.12370583289856005
0.14040308761600004
0.15694147789056
0.17407720129536003
0.1928263744
0.21110863758336004
0.22846564516863999
0.4214523302809601
0.6158030562534401
0.8065706774118402
0.97804504627456
1.1385641180390402
1.2852448535449599
1.41209681716224
1.53792539321344
1.6465981337625601
1.8432515368959999
2.0183089315840004
2.17703650886656
2.3122389577830402
2.44292398580736
3.36339167560704
4.00279088664576
4.5089974336
4.951764265535999
5.34700137005056
5.7186256066790415
6.07181640795136
6.408471998015998
6.733003646730239
7.04937334030336
7.35896264798464
7.657564086684159
7.9560461138329615
8.25851492967424
8.53440968818944
8.829056316579841
9.111376057231361
9.396304411056642
9.6825524224
9.954984143104001
10.226129500224
10.5043402816
10.790215871592961
11.08379636336896
11.357460774922238
11.628940239178242
11.886508414978561
12.11710479975424
12.337178554624
12.495071202634243
12.59905815503104
