0.6324774665017578
0.43036235129910594
0.5570254048388534
0.5376557461296372
0.1418182190463142
0.21573351622272696
0.05240412966607266
0.29644898614479587
1.0981549093894074
4.935735986766559
7.885141888063401
6.19296857944471
5.197924182984764
1.003844964127211
4.1422355737398675
4.66974586634683
12.048522893796644
13.509659287280328
17.043662901048606
21.809838535146355
28.39974617247549
23.61253628876716
26.89788248405239
10.464642078998622
29.72504488650611
66.88674070691468
76.63045232020158
94.60785933501575
79.78055512209357
45.52606781489885
11.668446942083392
21.824760264320503
59.35000522028349
95.7448580151322
96.91776499004845
116.16434293941711
171.57167611852856
82.07560239739178
105.5992418622518
60.09492639813834
30.69218855634972
9.806212738774775
89.19522086204961
190.7493220538163
240.5884656856433
224.87971525385365
125.72580435292184
91.11996206662297
13.658169763497426
142.24835225167772
217.68539485550718
378.20454386527854
147.09628244730993
147.09628244730993
