0.5063200042416298
0.37339066422398304
0.3976708260237132
0.33120495252060067
0.06390436641197539
0.3794563431487319
0.13003544170953774
0.2562866919882367
0.9200896470253213
2.3156599659326673
2.5388291663634845
1.0024777580473483
2.4362269879599125
5.711921667605225
8.764179142173816
6.478316472293386
10.163015191057184
7.753461215329253
2.9114603168012536
0.8389537268781169
2.3141151658790022
13.796327098027632
16.43786212746363
49.55607190171486
0.016494151248480193
30.691506099917206
60.84924562642118
48.513120031126164
39.279868194298615
27.237769360797756
1.7490725897368975
29.002211140108557
53.8295700560775
71.92322917873389
112.01804885256206
118.71306555889532
70.57647608660045
147.90017648023786
90.24784592150536
82.23213172366741
37.61505734754246
34.245747369204764
37.55869124183664
46.8082882854942
112.82503082986659
238.61387192014809
423.51491319937486
489.62879026147857
547.8354852403136
521.2343677250974
323.99934799430775
60.71194748086418
602.7430300836568
602.7430300836568
