0.12384156531054229
0.10745824923506413
0.12370583289856005
0.14301970841037184
0.1585316335283608
0.17591003581698123
0.19834178073288158
0.2152667486627202
0.23066383360671802
0.436056839913183
0.6455226714681976
0.8257555815379011
1.0003529593137463
1.1571893296986078
1.2982326249573766
1.4231888890342757
1.5479831590185473
1.6519112566562144
1.843860496159047
2.0191460546469013
2.1792245450787058
2.315282863926038
2.444479979098141
3.3681095148016262
4.003187029479133
4.509034689621489
4.952355139533751
5.347377034125492
5.718975203957774
6.0721981984313915
6.4087022234587
6.733009616103324
7.049457113285161
7.359175792455169
7.657937788387559
7.956623407315097
8.258582158111922
8.53604455221808
8.829842006655408
9.112566358398595
9.397326881065728
9.68293124944414
9.955883043360998
10.227382255152133
10.505215594132155
10.791160961278292
11.08718283447553
11.362391032854841
11.635203736034757
11.89248694091486
12.121148619583593
12.338330875635798
12.495948487972797
12.59991509743954
