0.05859959742925485
0.061504740322284285
0.08988963385600002
0.04590457777454779
0.11120037347584001
0.09019939830688645
0.06093987612935234
0.09117796011603829
0.15288225120256
-0.394496341201848
-0.767360873995007
0.006597711119960714
0.10157882236817006
0.6034082970009601
0.67592864934144
0.7381586549145601
0.7961721643110402
-1.007789007405853
0.9465888931839999
1.03131661701376
1.105122357504
1.1728474131686402
1.2370600218240002
1.7000988819865603
2.0131114858905597
2.27306521049344
2.50509882870016
0.3857798662407532
2.9216873458713604
2.008763365553766
3.3034312951833606
1.8116224913451684
3.651144410890241
3.8269437975577603
3.9996224089113603
3.7262564238739126
3.905802235062561
4.50854897422336
4.65949870000384
4.8249109786240005
1.406602839026354
0.1043164082774215
5.328621917808641
5.488329501698559
5.665633859184641
5.83503833118976
5.992453327421441
6.167164304181759
6.342701214784
6.512614169909759
6.673947293122561
6.85097540199424
7.021083911395841
7.195827710016001
