0.8936704222737522
0.893395695793572
0.25629112643630236
1.548756396646823
0.8101192868098721
1.153221093035512
1.4765987907570945
1.7295891371989711
0.09541231777637904
5.938107338833106
8.11519986495233
4.682057778080718
4.8053060851714235
2.434432946004506
3.3269559970228784
3.4247309047315184
4.319057457315807
20.688158295966105
5.738503737627525
4.70890317745193
1.607367789752061
6.676297612065582
6.2943834435538975
1.380443569545605
17.863543889724497
21.836095168350766
15.941205836086738
99.41896251649268
3.187991139362566
75.27587677882912
41.176994645653394
97.1773674050637
41.64955851024206
15.078081822884997
6.178224974897603
82.44183001439524
76.0091228387355
77.96194533827656
69.31275119237398
65.8056568696993
113.34707742282626
185.7685871943395
19.32601890989463
42.9596753144433
66.11685580403719
87.00426418561256
21.00590762410866
33.521518972484046
84.396774088229
67.77091145061422
44.317034085077466
16.815671682597895
69.37217554537347
76.30939309991082
