0.7298240694795872
1.0272328542083429
0.14745551874708696
0.938217604133186
0.07927499899076196
0.3271952419963924
0.5960836724540712
0.8309832047352899
0.7947322106870587
5.744417147478771
5.845293772842467
0.021726349201742323
1.957606758814336
6.157314941766515
13.4110598269815
14.527078584406695
16.090563893392414
32.8138919095569
17.573513141726266
15.216455737803471
6.752185536533261
1.2087132785145513
4.457035022867103
47.927274021662015
107.2171199347913
125.82276076982453
114.57242313777715
17.037901894951574
63.6252925090248
129.65106153966735
5.697847395033023
50.4554083667208
93.62882325408646
77.76252734664013
70.98404175375981
175.36415116986245
186.74937266275083
52.14268970914418
214.69072666108696
226.19691018836238
285.90209246635277
2.3628944523297832
169.09366267899168
233.29747690795193
121.96652361659653
94.51773564417817
192.5598573790703
122.66052611237683
51.894808925455436
45.18212653932278
131.55903055861563
72.07558719679946
90.40358339001978
99.44394172902176
