0.5050373668070236
0.6812968646775133
0.19875759158028217
0.12289426538439585
0.0008189607102480068
0.6064797766062497
0.08033892686890454
0.8582145465826017
0.06939446748017986
0.7813962648386052
0.12124425889822987
0.9466146735749703
0.13471784089449557
0.07093252865041677
1.2490733519036894
0.5319048928105303
5.014768528065929
1.407969539710848
1.242943489907475
1.1478552096257317
1.5813390973648893
7.482545069254911
6.95391112141192
13.64221616597979
9.367700032907123
41.14523191417902
18.130440038956294
21.525046246555576
13.792617973536835
27.516557302378715
23.394376871876375
49.00580046979303
25.52911079012847
24.193567676138628
45.28326974632728
56.79147882693724
48.4922927525804
51.463358231965685
39.46358754390894
9.612163250614685
29.52101987385322
23.104926129846717
45.98226347535092
36.81074513904605
38.93690125556168
63.258994659212476
16.853108901559608
30.578401366015896
19.151474895021238
32.14849921788118
14.81049126925791
22.462249897151196
15.188929562704288
16.70782251897472
