1.2824772847836226
1.4726691772527332
0.71558771457223
0.24386585111164294
0.8553737528121346
0.11807775617016603
0.7324763475426153
0.06537342615942521
0.6200382957210735
8.481562452477448
12.775614792611037
11.361652858592379
8.830266001026871
7.30097830784257
2.6760901276508093
1.497200981904939
4.665852985840729
8.296912028692873
3.6970901526216267
0.9593143960694306
17.01228465960321
21.066495814162863
34.36466733451766
28.988175778559253
29.534248506424774
32.660923244594414
18.315037411257435
38.863420735486216
83.21395499658138
88.90153233164892
29.28546627702781
73.15561488335516
13.340095886524068
0.4665868335941923
57.30634186332463
67.76254375079952
64.61147195430385
88.96693097884054
14.039111695525207
110.64915528046913
76.16988219866107
180.70205691673618
6.24548767250235
9.358881978456338
106.2816203273178
155.866317705244
37.36705206474289
53.842113970866194
14.345756452348724
53.308222880528774
85.45316352741065
19.549028899804398
64.338924243777
70.7728166681547
