0.9963919614391834
0.8836593939119979
0.18782713275002294
0.9415186819103809
0.5599739396658734
1.7892666766713674
1.1289954811239227
2.1404930025060764
1.6197041364721514
5.201212375549176
9.16678329586756
7.807265607749571
5.448091609353469
4.0169650586389025
6.060274179402086
5.205669408117387
8.976365980104106
13.481107119139324
3.6506156369395057
11.428206781700965
3.421520288608235
3.860718904234318
13.744520140993018
6.71536038981867
9.327455436838136
28.725128894565387
24.95337107330488
25.243522701823167
64.02912382419345
64.39755745639377
0.5189135605432966
37.61351681859378
54.0395339443603
45.27537592891895
7.138241605178337
121.06481365142099
120.27403513542595
32.07556400080284
42.71647795728859
55.39244902497376
23.564953247063386
132.321462490072
37.510461036727065
28.124076788262755
76.6258645226626
134.95223868858739
25.240897292198497
56.20932306008763
23.605602937052026
32.55421236092661
52.24483233985666
66.99240975194698
3.55964527890319
3.9156098067935092
