0.04654141839760268
0.06896362746565884
0.118936696384
0.11740891713479462
0.14493675387136
0.008964096037484687
0.0789747083706506
-0.04460522070940012
0.10409714665613808
-0.4090575283908343
-1.356948005698413
-0.9801667476567043
-0.2595442562593535
0.1279222139303985
0.6575529793979975
0.89981767600384
0.2632531578305729
-0.1668397350441837
1.13649927491584
0.5671475593372383
1.3165194166502396
1.3948743783039996
1.46256708944896
1.980234355264
2.32327831228416
2.471790981654027
2.8533209643417603
3.08849974960384
2.5376192610657378
2.7980132467816508
3.6979720753254397
3.891460069826559
4.065856055050241
4.247556121600001
4.4308566016
1.9514661516512755
1.3757010163288879
4.955289698304
5.119452884592641
5.3007878943360005
5.468720690076161
3.9217086769252134
5.80531630162176
5.978330139893761
6.161833148415999
4.1521051672781315
6.504621773055999
6.67167409613056
6.85678105927936
7.028827504680959
7.20602913026304
7.399601200752638
7.57421733519616
7.744599199744001
