0.11650917262335998
0.12614430822400002
0.13746416403456002
0.14872684806144001
0.16003840230400002
0.17267016729600002
0.18331687528704002
0.19463908651264
0.20799875033344
0.32314950021376004
0.43161325993984
0.5309931967718401
0.620868354304
0.6951930905497601
0.76670618142976
0.83321552388096
0.8918218535142403
0.9435091663360001
1.0304777070823994
1.1254935330918399
1.20095648121856
-0.1908662772507752
1.3317898570240003
1.79732847976704
2.11771880083456
2.3862043665433603
2.6162829580518396
2.83414800765184
3.03246281505024
3.228875485411841
3.4149739020390406
3.589327280704001
3.761259947850241
3.9374242658713605
4.10177852111104
4.277351966975999
4.435748193986561
4.600647487744
4.767556961896958
2.072678036280116
5.101866633853438
5.26131291752704
5.4218191103999995
5.589729130416639
5.749306727549439
5.9179786899481615
6.074939324016642
6.25268828901376
6.414978580848639
4.55921130857385
6.7536616464486405
6.914232385251839
7.08586919535616
7.260748442421761
