0.537950692978832
0.3850142396459013
0.17122861436489956
0.15202894710998294
0.21827629765321888
0.5751481751009848
0.1505085410068716
0.443712022211713
0.6717448898780418
0.9828561432339313
1.8713614676795487
0.8762937221315497
1.8118185418273924
1.941407428108164
0.2530194081780337
3.8201069895472983
4.805807961507526
1.9788153777337811
7.525945592722678
4.259845687243569
3.3893925906659206
20.35242145870825
0.6917143978600961
3.7756648715057963
14.616171709997616
5.416422325875828
19.811217442927955
10.936384444565192
9.54416497724742
34.50488565337946
49.720591897159466
3.548587861838314
28.93956824698398
10.547196703962982
41.58079405998069
38.269763469659665
39.489850157380715
39.82709760801663
10.748890636863507
115.6091624167675
68.05437886354412
30.712871213414473
3.3605729927294306
49.46671802282799
5.541348409133207
48.968255022562516
34.10211606438679
85.60118699218583
39.338622747789486
107.56383333728445
57.31053360164515
37.3616772578971
34.689522851731454
38.1584751369046
