1.087938986559898
0.035167420444377484
0.03679809854982352
0.21259106700937025
0.4568287889867122
0.15739344224741103
0.70433356561972
1.1281128151788522
0.14902876709911084
2.3057255664658953
2.758765158537784
0.7233519190309607
3.362072301120179
1.0469086477955898
4.322154911581379
10.015546915171853
12.515844580986595
11.070259629710222
19.31225665561567
18.254610356493913
19.279558448534544
3.090676714748952
18.01539942979798
23.917873140546817
2.058566904403051
9.265146069507864
22.43556541878388
4.548167878312597
16.836503555588934
28.651551985187325
47.055938476452866
5.089995786074724
22.48658546713341
22.43796030196245
24.55412626965699
60.56757818602637
12.826715723542293
9.173391942935268
23.24201275174346
79.25786126032835
106.25057776244284
69.6497908200763
42.18783125964546
87.2591266498057
41.48988721868227
82.08044731429254
4.418614992049697
110.52672843155597
59.15295518909261
93.20388707595703
64.30252096914774
37.37120927180513
42.77001593852037
47.047017532372415
