0.3658239952250284
0.4227441513765555
0.2966571585095892
0.1368561954068639
0.07223822287478043
0.06288790362354746
0.3338619364031672
0.3023729791251242
0.6250830373211471
0.5913121120563289
1.2221485628863888
1.0673467415718392
1.7630496905729274
1.4021217147424636
0.731423736896204
0.47515376176204427
0.31704903666536666
2.6208848545938963
2.8568145240597005
5.705347039644039
7.700149554192876
3.933779545676998
2.589150288887595
24.757058228573896
4.822863553711613
24.788391658827095
10.804714597927159
14.665696546406252
10.565299218065775
17.387140979213655
51.488391166745714
4.561040315380524
0.382207843955257
55.553860762123804
28.927392002580746
28.211754105053842
12.914044209745043
45.209754620151216
37.49946686930707
66.23093531521954
4.356910162325221
5.401577211494441
45.398538517503766
57.971818669750064
23.73784991903085
98.38879260719841
2.1130746277121943
2.1757432861049892
16.156668200674176
4.5515884819906205
33.441561126019224
59.39409808575874
19.1512758779063
21.066403465696933
