0.36199898458335156
0.42487077789257555
0.29707246280704425
0.1357514241683333
0.0746774395679779
0.05934505545533142
0.3383952432593702
0.30767935880341213
0.6310273406411113
0.5861845143405446
1.2252684859356862
1.0806141012562307
1.7851174176862514
1.3734503219912426
0.6991602560013916
0.4417716070283859
0.3493955428858726
2.591528315794335
2.837455066041116
5.699992480425863
7.69087173247749
3.9612006775846567
2.633709353628319
24.590295152752788
4.997047906228545
24.890715074839136
10.805404636277672
14.554268393017992
10.361750482245043
17.652311829768223
51.77865430468228
4.835067636027816
0.16595374286043807
55.437145510761184
28.938043655078218
28.37735784663164
12.579850970341795
44.69665002194961
38.205551370654575
65.35815326574811
3.3138733533887716
6.5893000630967435
44.09563205327868
56.58003964397358
22.288858918815095
99.85762989354407
0.6624743714201031
3.569246410530468
17.45318841937842
5.713972886420379
32.448036985057115
58.60671545169316
19.681150829361286
21.649265912297416
