0.33712197127757193
0.43834820385521667
0.2991943136230617
0.1279299196979764
0.09107735290223928
0.03600039304223657
0.36780058302623786
0.3416359653664358
0.6685316203930398
0.5624590378667449
1.2625616866539247
1.1856932653038825
1.9433272839319784
1.1812669445874349
0.49487673715839264
0.24266121594359902
0.5293906755082389
2.4430761159501344
2.773000859917147
5.738255442656964
7.5540172932867335
4.211928649314132
2.9850503126683634
23.728150559686583
5.681182869174336
25.140318219077926
10.997887377679945
13.968238511431991
9.482347043593109
18.717786673536466
52.916133650604024
5.912250314071571
0.7056903408956714
54.935761601631384
28.937020189689065
29.019526951840817
11.199883525241603
42.49399833732605
41.33931756428501
61.38353497559365
1.5567245952915982
12.255479669671331
37.766493293631356
49.710062461090274
15.037025240053481
107.29356415449001
6.734102357011579
10.704069951054407
24.086980534724717
11.61617487170588
27.49809549530619
54.84757325643295
21.92367051445035
24.116037565895386
