0.3486663345230454
0.43217825551736055
0.2983470912130173
0.13170923094721587
0.08334314129346865
0.04689936157589614
0.3541830535427266
0.32602336323959946
0.6514198621824079
0.5711167790260561
1.2411203174514753
1.1323757303252933
1.8663632579199998
1.271813131086276
0.5883112241818935
0.33069264680284505
0.4532034680881907
2.501733828466172
2.7881864629538313
5.703094855154632
7.635617341152965
4.078659931785751
2.807883467874035
24.07273512210213
5.472900433072937
25.12359160832966
10.86653275421304
14.20223947463819
9.77907427836908
18.3846716705375
52.56862874563922
5.57806704140603
0.4223036309776944
55.1169663615874
28.966483666546992
28.83814491526209
11.639165589633194
43.236512096038496
40.23736664035823
62.82290203576122
0.2545593174472742
10.103145144130394
40.21190075271443
52.402856074186275
17.913387590728234
104.31640176861401
3.75636442432733
7.824096804099099
21.41370635567
9.256655433040578
29.4400265962322
56.25924466067954
21.195458165937453
23.3150039825312
