0.09865830098292924
0.14143375949824002
0.16281031320576
0.10401954035838432
0.20473670246655995
0.227322982656
0.22460646305420776
0.2365241112178893
0.291565441024
-0.8089378096100943
-1.0250544680274434
0.6520648006048009
0.9008864818201601
0.44909475740965954
-0.4277992040428469
-0.19872994851920645
1.2551742634393601
1.3263926201574403
1.4495697667686402
1.241746119883006
1.6535161782374401
1.7405883751449602
1.8223315238937605
2.248132899674782
2.8419162454425604
3.1843745807385604
3.4784935651840008
3.7442126160102407
3.995399723420161
4.2261820698240005
4.45734784954624
4.680417249699841
1.0378895504387375
5.11499377787904
3.5014272906931483
5.531791104576
4.112198348296593
5.92937304892416
3.8829143984893166
6.342080678461443
6.537430785600001
6.749271460095998
6.95186205235456
7.136463445056
2.3795782338455798
7.54827709360384
2.9390328753761734
4.970647598191606
8.16732262646784
6.377015483770405
-2.9974854559095316
8.791756336028161
9.0021601296
9.21003046273024
