0.7865966733549179
0.15578991439706513
0.05344711701083327
0.8573305553952792
0.4866433582558187
0.1241001412574434
0.8766670715938858
0.8895649475541347
0.17257048735442027
4.800193666663205
6.931732880059172
3.075607031293373
2.3858127270015643
4.929964331783026
8.507564140092654
7.8581481011266305
1.728349600595152
4.870886162616898
4.996412361039916
10.382821174480114
1.1901397358569739
2.4611267086932003
2.909273119821364
27.295471283186544
1.3632834806521714
23.32277785630413
20.083931907329315
5.714591821366412
13.026058198222017
35.53475971411899
16.57740483658381
6.575014181569713
97.70854751507795
35.451019110067136
91.97724557682886
36.105333449806494
92.41184743152917
58.92686706610766
103.24994879146107
8.859456305053754
40.84554044247852
49.802517095748044
63.35387791875837
75.13489763117104
120.12508803568198
8.256683425388474
144.32872886851692
131.03070445675985
46.45598577790224
97.30239692656323
167.87802115451632
47.2862939534898
39.85818330812617
43.84400163893879
