16.321557716965167
24.553872631169554
33.44478515275543
41.929012315671216
50.46099850608405
58.26205007092595
67.35686199071448
76.54262181351548
84.1619809440062
167.38805839843192
252.36355357846338
335.3690594568319
420.25565813652065
504.5389600917309
587.2998364131894
673.16377985369
761.7317667259921
842.2135479775363
1007.7444365595018
1178.3224690776074
1346.9479129733345
1521.0444825230447
1674.8063335050745
3350.1589646692223
5055.212979693414
6768.996169156915
8391.692561779862
10113.29543419762
11787.502837124453
13483.169399588447
15114.21605369368
16770.580978195027
18476.05767070524
20159.418517281432
21910.946810891368
23490.93732637647
25181.321473139593
26963.377451278408
28633.475495671464
30266.493214527043
31987.716910030667
33663.37600933859
35276.345134440846
36967.55530449505
38725.317997351274
40431.62800778353
42067.18451861682
43701.68925912894
45395.02228831617
47063.90514088547
48792.711352858445
50482.18675284877
52156.713247250205
53781.9792899267
