0.27014604500733697
0.1907299752942997
0.17154025744463297
0.47721082912475055
0.12668504085853982
0.26998938961513375
0.3374994793725534
0.4214708430609875
0.3562611167023704
0.8942097420215873
1.3985550702346359
1.3158803946590751
1.2961157369344392
3.8039376790299
5.565785773301286
0.8980709746222146
0.6713905537239953
11.185346066291231
0.17268396796771412
9.175506552464412
9.457987071735488
7.442933369479533
5.457325500839943
21.826192905478365
26.229817814703893
32.03046162591181
70.79117395978392
58.77762931931284
20.073586190961578
71.99709592852014
6.205841129522014
2.192504440277844
140.17954163418108
84.7525646380891
81.98416191322758
126.724225819813
113.35524021682431
116.9994290806062
42.07628714487146
23.229331610462395
57.25245738565354
41.55023150606576
263.5702338933115
52.09040975878452
4.716315090357966
21.407627622087603
17.976830284460448
32.843977675926
214.10930947943416
22.38147918417235
98.97497569567349
205.19607798586367
136.39514689652424
150.03466158617667
