0.09549385483264003
0.10547737161984
0.11611301591296003
0.12697078383616
0.13691657650176003
0.148360550976
0.15957404387584
0.17097761883135998
0.18134788182016004
0.29827501639936
0.4120674488550401
0.51685286805504
0.61053845180416
0.6917342050713601
0.77474077348096
0.8382354647040001
0.8994170373760002
0.9623735568409602
1.05551459582976
1.1382636607513605
1.22444670582784
1.2873207907225597
1.3521373288473606
1.8171557635686402
2.1225366306918403
2.379195191296
2.61913051977984
2.81067102683136
3.0104970541465605
3.20671250031616
3.3777382013337607
3.55254341668864
3.737200377856001
3.8820221931110406
4.04713967190016
4.23009057689856
4.3683207067878405
4.5281524765593595
4.7025275653734395
4.855112578624001
5.01037009428736
5.17023192564736
5.357506481789442
5.486515450493439
5.65022788363264
5.8084547574169605
5.96929660436736
6.129197440706562
6.31533787472896
6.45569716228096
6.612525847882239
6.808016484149761
6.94091482419456
7.111941713141761
