0.5677223263579414
0.3652775421182106
0.44144366514630917
0.468513934956853
0.3797448672552264
0.25249586021981685
0.4376984366373904
0.600047083163787
1.5929748144574631
4.064967554376807
5.708666942650382
6.0949487827804205
6.064716702866008
8.278817083842853
1.6052896735569675
2.571672917795354
2.2917095132567056
8.727544237114557
1.6924952422417618
10.821177627093903
7.558971108871219
9.9346178421074
8.99225456423278
4.287580968173188
75.17157483185201
94.24941686424063
6.394452209746305
117.9107512966093
69.53214305898109
32.952474925723436
37.91321554787828
29.85960835057267
111.81387180122329
117.54202383315715
123.84290804669217
70.41071604208628
183.05376159876687
204.05138313757925
65.23095174124319
148.5540861368827
200.455914633083
202.02295057339506
85.102805497605
241.18560551906558
204.89434432920825
229.5125118518772
231.17582355677587
248.06856089608482
0.35415205641038483
232.3466740120857
302.05747938065906
14.441727216057188
316.5139140581523
348.16530546396757
