0.10905106034944
0.12119310438400004
0.13418213695744
0.14523172221184
0.15635634372864
0.16832442685696
0.1832867344
0.19557197211904004
0.20762968089599995
0.3405460083942401
0.46531607102463995
0.5822422503040001
0.689803335936
0.78188320717056
0.8667043961241601
0.944535184384
1.0161801249177602
1.07568095222016
1.18366044307456
1.2860430926745603
1.3601306655129604
1.4379386582246403
1.5087307164160002
2.0103655455769602
2.3447890379161596
2.6161121536
2.8734535119769604
3.0771278256153605
3.2937777991782404
3.499072529328639
3.6738462259839997
3.85280995787776
4.024864119400961
4.20190306119936
4.37354572824576
4.54059502403584
4.695049975080962
4.859689744476159
5.023694649600001
5.2067937855999995
5.363700365928961
5.518387325975041
5.71643723901184
5.8676496852582405
6.03414463734016
6.197709830400001
6.3730558188774395
6.523488108544002
6.693239567196162
6.885199668328963
7.0389098953113605
7.207068569282559
7.39232585524224
7.559112379456001
