0.7078081770545062
0.024311901371877553
0.9839117364029093
0.377476025516863
0.3378646002896417
0.6229106956666612
0.9397493169987001
0.5918649844912949
0.004514579533051233
0.18624127840561755
3.0121577075162236
3.615547214726405
1.458671247662437
2.432019294493273
0.8111563414310012
2.700113680548384
7.831697495330445
4.774640714771749
1.6022865173739547
13.861727946242354
7.4988129268383545
5.429348342960566
3.383552132105706
8.691151091092252
16.900760096027625
48.88857068128527
62.07033560562559
62.67287478570324
28.207590535217605
121.9668477427931
14.780128654325381
3.3760193689777225
44.342631466483
2.6135449939829414
14.16841907387061
6.007647967016965
114.60703875008767
121.7499949746234
128.23944103760368
64.67408345014701
9.911643077408371
108.8433301381665
230.81619952615438
86.63475586380082
90.57812149813981
56.182959385019785
129.7478903704614
55.707942847053346
60.27567859158444
139.4852709312836
47.69254548841127
106.85800229113374
16.36408023599506
18.00048825959457
