0.7552021284552488
0.46029486952982523
0.1451579596082695
0.003221052224972709
0.7652263464199507
0.6249949120381828
0.21280052017490902
0.3879872899833572
1.4429537523409124
8.415731544888104
12.629684538601452
12.910271650484276
8.874187361323322
8.37212223990332
4.28833459745988
3.548536256175339
1.5176677496483535
7.630423204207887
4.180051077263215
5.824224903729146
6.034179042645292
11.103589615884403
10.165791209463578
24.613236317513383
24.369890501175178
1.2219939601527585
23.50069895247725
57.80544686485882
0.5258226408968767
33.68294603817776
51.62450350052677
38.67679914393739
36.41048494708593
31.414140281674918
37.00866037417654
32.03697126030238
48.621589440488606
16.604684442794678
64.8931622939599
31.357963549544365
34.711796327421325
72.69413593365607
53.814318165546865
7.310504764500365
36.1614630577169
75.86808997011394
56.90627702360507
4.757553431052656
100.25826438182412
14.413456730500911
49.86944178336853
11.871250851036166
59.83292209747742
65.81621430722517
