1.0144387252296134
0.44389018402534575
0.13738521592361508
0.5373114872158951
1.558846544215271
1.6440356475883107
1.4423986243562439
1.0403862549465828
0.1666868187339361
5.20886181718717
8.231395722392705
7.626461831082565
2.9532867925982487
2.0501900678466427
2.2869258113103115
3.150001022892525
5.214315459415047
14.320297407626072
10.660059584855048
11.982298959388572
0.21347213996568826
5.640687589392883
5.054670466190373
20.42403295035956
17.874946128159536
7.922667281192844
12.686515584347944
69.22701919114661
10.586161861110668
23.479949262722585
42.71584359350891
45.99487495764333
30.591437705385033
35.64102844207446
39.8064082663077
30.467244047293207
48.15320559619431
17.077808476089558
66.07577164314716
33.08702085983896
36.78153062969068
70.46622926260898
51.62138154164859
9.308763956170878
34.535319839305885
74.77272233743861
57.39633738366683
4.435943246389797
101.55428810714511
16.689738439534267
46.50148160235403
16.51851316622924
53.91681933691871
59.308501270610584
