0.04584630145632852
0.07293888518399999
0.082957824576
0.09301914409216
0.04125523867498229
0.04773425082735021
0.08522048338941214
0.13353820786944
0.14268085945344003
-0.26035188059992553
-0.6848471340613156
-0.5126150942335521
0.5063039717401601
0.5800418713830401
0.64996359969024
0.71154758467584
0.6632853756761337
-0.3160093249463096
0.41738096504324207
0.6141128078119561
1.0728716963430398
1.13946572779776
1.2029246135526401
1.6578189939942405
1.9748388598681603
2.2380686595097603
2.46481459273984
1.753998918320414
2.8785275681817604
3.06528383234304
3.24730779602944
3.4356906049945604
3.6026773171840007
3.78128870327296
3.9510562412569614
4.111551068415999
4.275896094976002
4.44398104885504
4.6035169693286395
4.77063178834176
4.9339995416166404
5.108229203376641
5.270440513536002
5.42895219212544
5.59830428061696
5.76805913702656
5.921575724669441
6.09438884217856
5.6647991190399045
6.43487530107136
6.59940751033344
6.778108110400002
6.944439261084162
7.12086236283136
