0.5264286419680921
0.6978287690093019
0.20990468317712896
0.12877483643059406
0.0003556455010240711
0.601888392474855
0.09093928895228487
0.875002805981353
0.091399612036966
0.6991032398155426
0.2658482335270378
0.7459382074487166
0.11619348187275591
0.36461359746425615
0.9194525814624512
0.8935246547866882
5.404803235862687
1.8205516382754467
0.7914482055707595
1.6319019285535887
2.0924844063492856
8.018057272048054
6.399011440538516
12.922819705530856
10.223042449775676
42.10673386511371
17.097841077111298
22.605392566103546
14.895565057649947
28.619601840338873
22.314147246792345
47.97431756523656
24.577466839073168
23.35166620133532
45.97915377824029
56.25216250794256
48.14107008243445
51.60169555093671
39.39832121161453
9.87079505064321
29.074949717014533
22.502253219179693
46.70326425638632
37.61401640424447
38.10055643435044
62.44728964645765
16.12134918574884
31.17266509608453
19.54101440560771
32.273674784555624
15.02441402425029
23.07066987172584
16.248318256853963
17.87315008253936
