16.293571358031908
24.5321712309907
33.43009531682287
41.9212251635694
50.460355645501025
58.26811160752515
67.37093928895229
76.56500280598135
84.19139961203696
167.50089676018445
252.56584823352702
335.65406179255126
420.61619348187276
504.9646135974642
587.7805474185375
673.6935246547866
762.3048032358627
842.8205516382754
1008.4085517944292
1179.0319019285535
1347.6924844063492
1521.818057272048
1675.6009885594615
3351.077180294469
5056.223042449776
6770.106733865114
8392.902158922889
10114.605392566104
11788.895565057648
13484.619601840339
15115.68585275321
16772.025682434763
18477.422533160927
20160.648333798665
21911.97915377824
23491.747837492054
25181.858929917566
26963.601695550937
28633.398321211615
30266.12920494936
31987.07494971701
33662.50225321918
35275.296735743614
36966.385983595756
38724.10055643435
40430.44728964646
42066.12134918575
43700.827334903915
45394.45898559439
47063.72632521544
48793.02441402425
50483.070669871726
52158.24831825686
53784.22461246346
