0.07606122726399998
0.08545004697856003
0.09583135600895998
0.10647430041600003
0.06449069718733227
0.12781254207744
0.138169810944
0.14845547352064
0.15852119286784003
-0.2272208056161238
0.31418228829479955
0.4326808844833917
0.5738656395366402
0.65220742276096
0.72566137067776
0.7888082909414401
0.6355168958964403
0.9066421819417602
1.00545702453504
1.0919146507878403
1.16364029030656
1.2351423878041603
1.299490562304
1.76304434209024
2.0869939753062408
2.3553114565657602
2.584609259584001
2.80005872357376
2.9959178803840008
3.1875160427545604
3.3714012861337603
3.5510839626240003
3.7159316766950408
3.8975035447321607
0.6811473807707209
4.2237220847641606
4.39742913122304
4.54922487103744
3.6225434599072397
4.88315239796736
5.04596791885824
5.208078997186562
5.362966692864
4.123246714465728
5.696004666204161
5.8566555547878405
5.455417740105973
6.1942050818559995
6.3606211975398415
6.526005684183041
6.688778029795839
6.863972422658559
7.0254683136
7.19903848888576
