0.4775321413782372
0.48787666075800473
0.05677591199246734
0.534458706295311
1.5516874237332203
0.8578711866302768
0.5219150412580973
0.008828148799125302
0.7685938339918295
4.2368912246326715
2.2813150110470417
2.538240268571826
0.9629529786603825
0.5272668582753681
1.4973736520732928
0.9743876968631184
6.553200739028512
4.520405980336591
6.359089655559046
7.556674991617456
4.084597954125684
0.6319157618916051
0.2244396544238043
16.639470265543423
18.250797355567556
9.183398217152899
8.433712327014291
19.53721859054167
4.8074763306012755
13.868932065050103
25.12676814840779
45.473459784429
40.287309325540264
67.28333209523407
124.5307487858081
18.071864517867652
70.27504412778944
54.86828717805838
91.59531347212032
26.508747579002375
29.584888460565708
25.81596285499836
54.052406735710974
114.6313592078659
15.730375933213509
18.10814545238827
88.89274149394623
57.249865869838686
57.133800213407085
36.538767745711084
20.678679629141698
34.044495325986645
58.49643853557791
64.3460823891357
