0.48999194342536256
0.5846055684421323
0.12507341660685256
0.27318799723838083
1.2119272445837055
0.45842141655909074
0.06450476892368329
0.5007467554437284
1.324286821565721
5.025421084490972
2.885682947670716
2.695300770025767
1.4008335529737792
0.49404040822605566
3.0884973801920523
1.0882557852150967
9.04525762156129
7.299360170709178
9.43428641561377
10.54822538579856
1.4697571419144424
1.2858915444537615
0.7661873913823456
30.208957819755597
43.2212899583501
16.880753858568823
25.445283345137796
19.562256088283902
15.974721204784146
57.079269162342825
89.12182390903399
126.78217155391758
52.815002328254195
167.8043069940686
22.608839318065293
80.12531533727451
159.68719313248585
23.418592734586127
27.618424387550476
72.95705186930718
58.949532296494
38.52878320164746
56.068481673246424
97.94297765992815
10.859723909925378
51.87738006147265
126.20040264380805
20.459497889547492
25.30534140043892
13.953710971603869
30.018033142085187
43.42475936521805
27.939993391271855
30.73399273039904
