0.06948242946304002
0.07715239527423999
0.08570748077056002
0.09500499314944001
0.10275153318144001
0.11313374423296003
0.12143831040000001
0.13055792358400004
0.13999450829056
0.23903337922816006
0.33759446642944
0.43045776221183985
0.5113508477440001
0.5841239184000001
0.6547399056
0.7150555956121599
0.7693282673049601
0.822039608896
0.91224810164224
0.9914232693657601
1.06392128398336
1.12217242173696
1.19064062075904
1.6122254465433603
1.9081377682329606
2.1549676291686404
2.3605003776640006
2.5617974353945603
2.739077960256
2.917837916224
3.0721900529689603
3.2535270495129596
3.4102270224
3.56988072880384
3.7275437969510405
3.876961000000001
4.031646346816
4.189645684533761
4.330587636840961
4.4886151106790395
4.6350645264
4.781555427658241
4.935172437015041
5.08875635625984
5.250499295050241
5.387612909578241
5.548858897922562
5.69978571602176
5.860915622115841
6.014014636861441
6.17118604464384
6.330916215613439
6.483631467765759
6.64152275407104
