0.3053926928463433
0.60238133663659
0.33215287447252706
0.1566757014517819
0.3133230650418426
0.40303310295396955
0.08186313706066528
0.18444635506077134
0.9508668264915769
2.2825211482409316
1.5414774644644638
0.8731355915605832
1.1542976728159147
0.40523726189144327
5.2646067621102475
5.709472032835379
2.1372135600915954
2.1174132043809095
4.238950109337679
2.4669049931410427
0.3312487556781889
4.819623918406933
0.0565851146195655
4.314673990755637
13.116769653813208
15.798759804228212
40.21517342641346
6.644123224737996
42.2968970112106
118.3409616554527
47.792144483068114
16.54913740500342
62.08215438022307
24.74276360146905
20.988890283693763
49.39999222782353
57.76951446196108
11.23128837598415
99.10064728275756
12.842795935113827
25.36528798762447
4.7415752537344815
35.82242393589695
23.47469427145552
73.2217340050629
22.108921012782957
33.67574378949212
36.383717219716345
38.3795237003942
37.827253088355064
57.65101027399942
10.130240670099738
88.77218927902868
97.64940820693155
