0.5332580847883683
0.48456072817584683
0.30807076039379666
0.09191306019909717
0.15871276425201586
0.1608905514608594
0.4139467591666488
0.22646903768892912
1.4496470883323411
1.265252161529446
0.4393461262060896
0.07122094166442139
0.8801963280828886
0.04136637453751746
4.241662701867654
4.129599395164632
0.12425985895424674
0.22811087435457011
1.616356616472217
4.883239364291512
2.1035632702837574
5.641984591171649
0.38671768177619015
8.777912451087559
4.239915848738747
2.940936302317823
81.46325832766706
64.61274523973407
136.50232926355238
7.802710141269927
67.94534850403397
96.26379360397186
165.2674972536406
61.88531752989002
88.5502896559592
95.71854168860227
82.0722964866327
9.121941689314554
82.9817018022004
46.94523102314997
73.08795802177337
52.7268635534565
99.50807056031044
89.24385947861447
137.05210012735915
80.36890737951762
82.43566325977008
72.10380939322204
57.67990699495567
37.14738899940858
79.09264766990236
57.44585711936088
162.4807385583481
178.72881241418293
