0.11513154754816
0.12674511376384
0.137190233664
0.14760226345216
0.15868941485056
0.17009091627264003
0.18250394114304003
0.19404941250816002
0.20777406034176002
0.32833266721024007
0.45272443110399996
0.5667680656000001
0.66756220520704
0.7591121099161602
0.8436907474969599
0.9158153139097599
0.9782887415910403
1.038083850496
1.14556092735744
1.23436010750976
1.3175697235993604
1.38964111196416
1.4590784570982405
1.9410998641689605
2.2695109149081603
2.542060339456
2.76939655382016
2.9904369869439997
3.18613360865536
3.3962656668159994
3.57320686973184
3.749459067904
3.916846309685761
4.09807227740416
4.263167785536001
4.42804145439744
4.5933268147430395
4.764944138775041
4.918140065344
5.0923302138086415
5.256469621680642
5.416329013680641
5.583073354467841
5.7449186847360005
5.9131843436160025
6.072163358976001
6.237909852528641
6.403571958783999
6.5700516558054405
6.729715913564161
6.896010451855361
7.070229947292161
7.232889572170239
7.417805219799041
