1.0421822979393394
0.4069072098721769
0.30498040388815184
0.8846545947253048
1.0057038341789735
1.5209179837749147
1.224901198404936
0.9302699959137612
1.5493027532985622
0.428287442963466
0.03712782604364406
1.8421151438383276
4.885587319691581
2.9968092004230584
4.128311250901788
2.902278687142939
1.6755494464131289
7.29530818895455
1.5884550229394563
2.461391463124528
2.9896225806480743
5.6080451106342935
1.6339690919619443
18.653979819262076
13.106443554743237
24.12415887845782
13.260664346047633
8.78568436421665
11.951560791572774
14.649314637490534
33.934423803990285
18.991226638539956
7.449816898384597
31.66436635809805
66.59147863208636
8.90126236242213
9.419545356133312
44.906297894191084
60.50163150122535
44.41643347638092
20.372883568466932
31.33854447217891
40.198739374478464
62.46562052547233
62.6663850476034
71.87984986914671
15.631044332898455
58.30827415960812
16.37276564923377
1.6906183366518235
59.90045211467077
50.340191001036146
74.37352836786886
81.81088120465574
