0.4913498926583024
0.15428307904763727
0.2698858111304787
0.5788484664151028
0.45478735678285176
0.725822147559569
0.21863464901845475
0.2769863781809079
0.13030340766373172
3.2395181170853107
3.386514868178608
1.635834306066215
1.7019914993379643
0.27068848230305775
1.969849708383208
1.3334347218061566
0.7009593103547331
6.946740116303204
2.2856865588332766
4.094652180776848
0.6105433600348533
2.620570453203527
1.8380198706386182
15.393323851258629
13.115024809487295
21.48683709484976
16.94137774299088
5.363386058259493
14.2634511454944
13.882503143204303
34.725248739447125
21.070558408766374
10.439843538784771
35.13234426429335
63.08336662779038
5.746225545040943
11.905845976332785
43.27467147790958
59.87416143636801
44.858207167868386
21.852120815347007
28.919040141241567
43.33137414918747
58.77647096311557
58.717633733002
67.95915029084426
12.029777712043142
55.372578723021434
18.379019680469355
0.9936660315215704
60.88826681974024
47.5366150058253
69.36020962442853
76.29623058687139
