0.05800313491456001
0.06648146560000001
0.07544119182336001
0.08463910118400002
0.093675172096
0.10341832720384
0.11250711307264001
0.12179429929215999
0.13233181409536
0.23372815687936
0.33837209784576006
0.437111388736
0.527459397696
0.604064710656
0.67575502266624
0.7390359475839999
0.7969575685350402
0.8545567736217602
0.9478907289702397
1.03321207407616
1.1066030103040005
1.1743346003558401
1.2387832464409598
1.6907031131161598
2.0073721116697603
2.2706776903782395
2.4926902752153604
2.70388823798016
2.8974303698559996
3.087510054013441
3.27011959574784
3.444177737820161
3.614847386135039
3.7861500931302396
3.9430140213657605
4.11347841650944
4.27866246365184
4.4358223297766415
4.59604308531456
4.758875932631041
4.922278254192641
5.088359338416641
5.242839659735041
5.414444994816001
5.57675403983104
5.740616654530561
5.898898453719041
6.06774047590656
6.226046993943041
6.39457858550016
6.568337491978241
6.726428983296
6.8944391276569625
7.0696683796710404
