0.09750256214843844
0.4109936355186896
0.2626957416535518
0.2542673195652725
0.13261992419661084
0.06780698627117943
0.9902312272344318
1.0368634783219903
2.1446968691108026
0.3102958052353415
1.3412650372361554
8.17552092185906
9.369389775122784
0.7390097995308906
8.129759124317843
3.063336401282413
3.310852917693296
11.34476705919485
10.15250814951878
6.180031484387655
4.574890035646149
22.82438295410725
9.336851363740607
37.19868666482853
16.089553797170083
42.732051351144946
36.96469808003894
71.77159735456553
0.741952507483802
39.95856770634418
111.2259507314775
99.78923745772408
50.41955875140047
22.188543256514095
55.7892678393946
24.815446904754936
82.12519818867077
70.77369925969106
52.14893645471602
156.0801652035807
59.16220526634061
8.460906842024997
41.396079221434775
86.47704674513807
36.3347970728646
102.32923978493636
127.30558285451116
7.410073914026725
3.244715669337893
49.834599891575635
51.43689731127961
40.412433348777995
137.41466312506964
151.15612943757662
