0.08877444086016001
0.10487234560000003
0.1217451664
0.13911348363264
0.15448295706624
0.17070118560000003
0.11862310234471755
0.09832912759191564
0.010594623296150657
0.35204191289344006
0.46382855766016007
-0.7977125685677905
-1.1076364426409728
0.728783201344
-0.3378337810559081
0.86352860805376
0.9284910415897603
0.17422875575973262
0.5459509466262926
1.1790311322240004
1.26050379110656
-0.21191657944664155
1.3997426466918401
1.1020087666827822
2.2714733910246405
2.575845243136
2.83462209904896
0.7772803576639928
3.29269186642176
3.50137746433024
-0.31535721136338113
1.2232791730715329
4.100495401023999
4.294695864279039
4.47899996667904
4.66824075756544
4.365582766204033
5.03032408851456
5.21450743407616
0.952255406972232
5.589812352706559
5.7660303775360005
5.942666016770559
6.139136041984
6.309058862656003
2.560829491519334
4.74361877667708
6.867846256437758
7.056571466672638
7.250697914944001
7.44121581502464
7.622537887951361
3.821224727991956
3.9262711846417275
