0.4484323481294048
0.4191977762740464
0.5456215571880918
0.22131569063176926
1.0033833426977452
0.15818363372361688
0.679422029522712
0.23128475783965996
1.1545632746932313
0.014552433422124977
1.0700345219568703
2.4798547727666573
0.11733739501846685
0.06362552953316936
1.532540005009082
0.29030162530852976
0.4486302894191567
3.6853267258325104
4.007591359742264
9.385675157652486
4.352537238737568
2.1943732883855773
9.193369615912388
14.139686851740407
30.644051244735238
41.72303419380387
18.676160965216695
33.712590693843595
2.978244284640823
68.05676892457996
63.178814739065274
53.77212194923413
4.179772349129053
22.782490038684045
41.698060080761934
62.35410690828212
17.638875541262678
0.2759233536562533
1.5038928155845497
11.110979928973393
6.106731018437131
29.911143665354757
40.95427575802751
2.2253881469514454
64.25625499291345
25.433114117498917
9.147312071640044
5.49603100332024
83.71228299551876
17.649942174044554
50.85455579451809
39.853716086967324
87.26070593519398
95.98677652871339
