0.45411264811396634
0.42241743855458935
0.5449893856253212
0.2227924278237765
1.0071205773927119
0.16367302249697957
0.6868560805982895
0.24034099013836396
1.144161574849477
0.03549121624189411
1.047014834686962
2.4600974790223518
0.10462852817454404
0.06003898479985992
1.53928698954428
0.3086260492475503
0.4182353150349627
3.6421714118952195
3.9394633784924054
9.291989742651822
4.4684442218404
2.054167910694332
9.354489771830004
14.464164296742183
31.030877819796842
41.348941158178604
18.992750481222174
33.94535914237713
2.8413672675960697
68.01460001552368
63.14606737510621
53.87633957272192
4.027100520554086
22.596131142832746
41.493113038795855
62.14389673128244
17.842542952526856
0.4643765489272482
1.3373200551468472
11.2510787850224
5.994984533430397
29.992982361422037
41.00749403286318
2.1979123781857197
64.25939277880389
25.4486550222573
9.1785838834694
5.453734948045167
83.76044884308794
17.600474806276907
50.90038289910444
39.81710604521504
87.2382288615554
95.96205174771094
