0.43045456169436136
0.40800900502668114
0.5490952199357579
0.2180309915483747
0.992346502974712
0.14074665239973427
0.6544452987613454
0.19963486330028957
1.1920385547867483
0.08313377041821468
1.1977878244746876
2.607485736309968
0.2183582963211279
0.11963220778551431
1.5317536432461338
0.22239985162377707
0.5882682793600225
3.901314125017052
4.371089486736878
9.89387445300099
3.7258838460759307
2.9411412518845736
8.352028816954544
12.930111717468208
29.654013844120527
42.40977754575397
18.158269435629336
33.2343990234458
3.517350749018078
68.70505471828619
62.436528054007795
54.584098170926154
3.3589701084238186
22.011314670769934
41.031871937088
61.83799084248312
17.961510551911488
0.39883946107147494
1.5842555060189625
10.837477240198496
6.547044454808201
29.33199808484642
40.278488935022324
2.9521386122578406
63.5243284048629
26.12439310024638
9.747625070427603
5.0345846339841955
84.0014043651463
17.599392166252073
50.65040176347975
40.376980689310585
88.13152374180936
96.9446761159903
