0.4160654909672701
0.3986547784085772
0.5524518196954347
0.21592363229932943
0.983758553212148
0.12665329889329513
0.6337018963754986
0.17286777388228813
1.2241639783764384
0.17580408117873958
1.3267407299028946
2.7441005076945544
0.33628108440848337
0.19940328888588965
1.5605675934007195
0.18928412262346228
0.6886626667663904
4.074038335777232
4.684708263971629
10.346335067899645
3.1597563411253304
3.622207391706297
7.580920921765937
11.828450820213675
28.759806083267904
43.08261037615375
17.529573282106867
32.492424697547904
4.478680409874869
69.91533882633485
61.038576325419854
56.116704869578825
1.800916112773848
20.524805092369206
39.706403535710706
60.74567161597952
18.75134241795604
0.8744744829818956
1.431095454718161
10.680424166555895
6.977152385086811
28.667354099576187
39.44042701781291
3.896393978575361
62.53846948283899
27.081690736966266
10.604377134717652
4.349240934716363
84.46350509289186
17.455342961708084
50.44842255774711
41.018338031557505
89.25645560106204
98.18210116116826
