1.2624639081427667
0.7099671898026543
0.03711687476850045
0.732845609875092
0.26794960034327886
1.088488250885007
1.289331856717567
2.0038057156002793
0.3492308164365028
0.9645539888738028
2.9799263643499216
3.8436667455596876
8.773923742909346
10.444234456357037
0.12142458730102135
16.04429703115477
14.060760791598568
4.956406242435037
17.611183365565466
23.323931489421966
4.883664383521591
20.245061988253838
16.344988988853856
44.37533601936775
20.327451097076846
52.99640974191607
85.67986387929523
83.99659368942775
12.819933303435391
158.5940431968629
142.04814844955945
64.74339350167429
246.19120287540864
71.52359307774168
78.3128317126575
214.00138616365075
124.05773709254572
39.53259191946199
150.06038512881423
44.34114399168902
26.400373069940542
68.6973516889775
259.1110638067621
11.633475270864437
46.164144611255324
78.86399036498915
43.41529748655739
24.678089261287823
212.89923717927013
246.8490494872167
247.900223222583
75.65218018572341
369.25786049865565
406.18364654852127
