0.09412820353024
0.10348625757183999
0.11322848123136003
0.12330997448704004
0.13220379648256003
0.14270745296896
0.15264836536576
0.16330780170496
0.17126884279296
0.27037337665536004
0.36466332477696
0.45175389757695994
0.52615641424896
0.5957493351040002
0.024421471641264403
0.6767660015127047
0.76843317025024
-0.3044392903373986
0.9032936143897601
0.41662823851245
0.7496126400674009
1.0440802285617554
1.1700281610265604
0.9991648029070096
1.88477313519616
1.1112968732037396
0.6873614347044161
1.1774474842654146
2.7277297090559998
-0.9770747195132379
-0.5803120687902776
3.0127253568771013
-2.7844601278504375
2.972437184032949
1.4733849806523218
0.6179164440060081
-1.1039061444875307
2.794310078617862
4.347598640028162
4.48980840532224
4.639991716096002
0.2405578719828254
0.5265606803031613
5.094554580544001
5.254048810109439
5.412315628994559
5.55731967265024
5.7213195571840005
-1.890672161241251
2.478954812284675
4.1123917232128
-1.6420751158882352
4.522563627633811
4.630660390557223
