0.09412820353024
0.10348625757183999
0.11322848123136003
0.12330997448704004
0.13220379648256003
0.14270745296896
0.15264836536576
0.16330780170496
0.17126884279296
0.27037337665536004
0.36466332477696
0.45175389757695994
0.52615641424896
0.5957493351040002
0.6672746364134401
0.71395469773056
0.76843317025024
0.8279223775257599
0.9032936143897601
0.9780102351359999
1.05822862776576
1.1111993332633603
1.1700281610265604
1.6026304152601596
1.88477313519616
2.12356240712704
2.35606781862144
2.5337049912345604
2.7277297090559998
2.92283063378944
3.0631888387302397
3.2371033677030394
3.4289736183014408
3.557853050019841
3.713964166359041
3.8956274817433605
4.018228720704001
4.1784854452633615
4.347598640028162
4.48980840532224
4.639991716096002
4.78347989684224
4.965873523776001
5.094554580544001
5.254048810109439
5.412315628994559
5.55731967265024
5.7213195571840005
5.8982145333760005
6.014791566051842
6.176433763146239
6.371367550986242
6.49277691741184
6.647965041879041
