0.1997233521080517
0.06667367832741178
0.13927554622252813
0.3844213969198691
0.6430761088702326
0.266030648264568
0.04697323403306086
0.36845811291348696
0.16568364350797538
0.6790277176021959
1.2051515749309374
0.42656857525241776
0.12580152005085665
1.1655690083510422
3.7981611586473036
1.1989339591925727
1.8177145473343899
6.537684586861701
4.218272369019246
1.0206456601536047
0.8044656156619112
4.463258946243059
0.12240065540981959
1.3779664220687664
1.4510513185823584
5.464731944081905
46.90155272666016
24.37839105861167
61.61757379082519
8.892785390969948
13.772772793256081
60.18367695142297
85.39026663178447
3.3546684887478477
74.59575084082098
14.779596279109683
72.66730146701957
48.301405018795776
8.41685537581725
92.10937959559305
29.44918829042217
20.43391297209746
100.4557995460782
7.007537420155131
25.530707410776813
46.45688534895453
12.644979723161669
40.388223614529124
116.82038205541903
37.99754585744813
10.388039243625826
49.35183871729532
66.87266671824909
73.55993339007401
