0.23617522156007453
0.04946807760676819
0.13789575944041133
0.3963367515283096
0.6219491862840698
0.29618769670798173
0.011148669881990259
0.4083456016613951
0.2075383509957902
0.6837187478502358
1.3024766491736273
0.6019697571131246
0.34112879625303094
1.3816277775007393
3.617416745376431
1.3243888742221088
1.7711826074241799
6.583561781284175
3.998178200452003
0.6205371159551305
1.3540449736094615
3.80728076441369
0.8475408481749582
0.946815212288584
3.896416370859697
8.93906480352507
43.62223124506272
26.670404750802845
62.502864261023205
9.600369474208492
15.886822375896372
63.49545816142927
89.60792543056596
8.181343469961575
69.36081514758916
9.285039831320319
67.05792743520215
42.65867057257856
14.043291756253893
86.51138596714372
23.87031347539596
26.028432302227884
106.1188523571036
1.2283264149009483
19.56580248971295
52.6919717737037
19.205333642799815
33.43842302625853
124.28955625635717
30.034999190720555
1.8092939832567936
58.624135356112674
56.92361345150857
91.91051937227894
