0.35176828027438134
0.4394469508277332
0.24839524838164095
0.5741709671912716
1.0666856439734786
0.46210209570786986
0.1576550115391484
0.127015482633567
0.7614587336787366
1.7729443526899615
1.4929310972396195
1.4061094813355908
0.09312287596014812
0.30779077947295264
3.410858696385617
2.8804995228153984
2.8479887206036665
6.612213143321469
0.17922120057016855
2.352355794504092
1.4272405524395708
2.3716209736869587
5.743340728799694
12.379660850074742
4.686885856611298
5.165664188712071
23.887240106669196
33.34212614905118
34.88264069093566
41.889963420766435
30.53478898321555
10.848130790716823
34.46624022984906
2.8488107728371688
0.2145374075662403
13.826801944687759
49.170173258338764
84.99767274608166
4.647945660126425
20.324440903372306
0.1471621525743103
69.0254911707234
117.94960710393207
22.61057914597768
18.87526607552718
39.31256040790322
43.17299099613592
56.193151670799125
82.44266162787972
38.05474785242404
44.676250435113616
71.67048306937795
92.12196401783876
101.33416041962265
