0.07221817774336
0.08091248518144001
0.09076771021824001
0.10054074105856001
0.11077820528896004
0.11995859958015999
0.12928914662400004
0.139876
0.14916156276736
0.21890400794458487
0.36091065517056004
0.45768796989696
0.546026412096
0.62386744566784
0.6971902644326401
0.756231987456
0.8185646007193598
0.8128158590452782
0.96634876732416
1.0495199307366403
1.1263152384
1.19271561007104
1.2578178770150399
1.7025322676454402
2.0145600999040005
2.2699351622041597
2.49602587001856
2.6942885054694403
2.88701421158656
3.0791040448537603
3.2547970159513593
3.4246078444441603
3.5947977984230395
3.756414568867841
3.9184487548518407
4.077504641802239
4.233131775797761
3.8685800028776494
4.55237868380416
4.70764321986816
4.866054810664958
5.016202337344001
3.887522164557624
5.334473883904001
5.49608382537984
5.65642124365824
5.816007489600001
5.97738344921344
6.14105494447104
6.291653169162241
6.4543556861977605
6.630369562460159
6.720148648997985
6.888527494986245
