0.35176938719846973
0.43944763899870765
0.24839499215976701
0.574171100268174
1.066686148110982
0.4621029039082458
0.15765391958288433
0.12701686819416125
0.7614571135986665
1.7729412665238158
1.4929282698570034
1.406108081384275
0.09312359218853317
0.3077938503482187
3.4108531436285148
2.8805071390324883
2.8479789927309866
6.612201699002412
0.179234790671444
2.352370202972452
1.4272266947916705
2.37163312076882
5.743331513905332
12.379618962626864
4.686807211276573
5.16574151554596
23.887287507553992
33.342119467411976
34.88267616126177
41.88989257644607
30.534696998081927
10.848030825844035
34.466144626392634
2.8487294572623796
0.21447823221387807
13.826834188508656
49.17017654133451
84.99764689011499
4.6478904945652175
20.324361459588545
0.14706266848224914
69.02537803589803
117.94972873884399
22.610456835653167
18.87538208940532
39.312662783646374
43.17307261676615
56.193205267365556
82.44267991870584
38.05476782008918
44.67631754287868
71.67035868571838
92.12214184986806
65.30950678321824
