0.8844199365288326
0.16148553530798182
0.2635330198478698
0.4763179852728925
0.8270847563669221
0.7704068128987558
0.2573029987514843
0.14562247220693791
0.6601484471236745
2.659034425466018
2.289255785063233
1.69905170146842
2.643245863220784
2.3867081240363746
0.5585377403394887
2.3488324116896138
7.546076406794782
4.764083578989812
3.2891382185773637
0.027864172235467777
7.174394828854474
6.944248952068392
0.39356946662610426
8.273570883803586
30.639106730771346
53.489065683210356
22.248763569334187
31.700115759813343
49.40134346825471
144.19995893473424
8.756536925558976
39.07078596874999
52.39164864793929
124.23555482052689
93.61443533737838
2.311671481533267
10.123260531225242
18.537868215156777
75.10071020265605
66.92624555317525
69.80886022213235
12.658554201472725
43.22952675847773
65.45690338594432
8.943646081956103
3.5861950101025286
13.173519321615458
217.75161698836746
53.89004051290249
30.726325227471534
105.6092531532704
77.01987493674824
236.12455596178188
259.7370115579601
