0.08891918369832782
0.11192932301056002
0.12313698591744002
0.13477591961856
0.14685940786176002
0.15859127451904
0.16984421318656004
0.18181286658304002
0.19288820745215995
0.07338344319386342
0.3448279305144422
0.54363606356224
0.64469594255616
0.7252116595609601
0.8037911439359999
0.87544316806144
0.527463722272101
0.9977420759961599
1.0996156489753601
1.18772332585984
1.26449845080064
1.3370759424
1.40599642230784
1.88221277829376
2.2022987394073605
1.8223881291759878
2.70967944898816
2.92571993629696
3.124376960792114
-0.7512818359268865
3.5121878405222398
3.6895832789094407
3.864426255247361
1.9162058742919168
2.7263476470882892
4.380099814013441
4.54764837446656
4.71367868376064
4.869005887989761
5.033877371804159
5.21113201033216
5.36712483707136
5.528480017984001
5.7039883538457605
5.862193944330241
6.02904416108544
6.197972726499839
-0.3648037495211076
6.528973450447361
6.701984850288641
6.579450613524945
7.042552534448639
-8.150860687384238
-8.391143694760924
