1.3433451371612097
0.006161088234129863
0.34043166085284327
0.7841746342766172
1.3526488181293743
1.4879986645912808
1.1428051502231682
1.193673825720552
0.5246961640140171
0.6424701618162203
0.3217509785078789
0.29098083133737873
3.2322606423649063
2.568122137869068
1.5121428979417715
0.7457230820224368
5.450512181409522
2.3857856522050724
0.8196824982029511
2.0059726665617745
8.222215511103741
6.670354002423892
2.287657854779127
20.364364511376607
32.546014575852496
21.178895871766144
83.00439653386275
115.59733200451956
147.33460695030044
40.78408749078335
110.09360440248565
133.53297388845385
136.9978214989569
51.86411734241847
156.6995635046551
55.76452333488851
36.65409134852234
24.66991375986254
118.12468446901767
113.34752060071332
15.483344909276639
77.5756457794123
122.58730991678749
33.4491750945017
128.6945882093205
148.39164709662873
159.94746979018964
9.795983867632458
290.05560493245866
303.2953015156163
208.34157038806006
426.9257717602741
624.1118488515713
686.5230337367284
