0.9518082394988117
0.45790271337617483
0.3217228515344388
0.6496298425699223
0.7644691796368548
0.6166619800640021
1.395204053425374
0.8896528549684461
0.4175731666882143
1.1891259540381895
0.004948840774602559
0.11558838737721544
4.66979805599226
4.499203034299967
8.387633351683576
8.042146799025545
8.269942234337009
4.775179817053413
1.070713118544063
4.353745824623502
5.609007705680369
10.178371698982119
9.881697277020066
0.8641374924259253
4.575128088216843
14.645187554302538
25.16442529220876
59.9126630475439
64.49942544604528
62.68133168613531
21.756064738810892
0.17804772201634478
36.46761786377465
52.12165152672242
66.88080214419824
86.11322578432373
83.78232456937621
81.43302414761638
66.27680559408327
1.8855306933182874
15.333899264624051
33.01220377875143
128.4531940402012
31.795872926639277
27.414218897247338
38.891973498262814
52.72859348552447
16.136424697870098
107.41939010530041
84.81354854255187
16.189925351522106
82.43852781214082
25.744466640950122
28.318913305045136
