0.06021095179263999
0.06839187353856002
0.07669354809600001
0.08578994136063998
0.09392312537344
0.10363351654656
0.11294438918399999
0.12266805759999999
0.13105442580736001
0.20491081612830744
0.32633890161664003
0.41582687959296
0.49660772761599997
0.568491872256
0.3877742618805245
0.69322808865024
0.7498174463999999
0.4906445310432819
0.8924203024
0.96963881656576
1.0467450687513598
1.1051593617433602
1.1661477256422401
1.59791038159104
1.8865132380160001
2.12895179901184
1.4200288738152904
2.5387502010393597
2.722790407744
2.499744919978093
0.04607582800626764
3.23216538194176
-0.34968821947234074
3.552410726656001
3.707048096604161
3.2299664550178946
3.9935539135416303
3.3753917052879476
4.32421710741504
4.470883578472961
4.61681886662656
3.032904060889504
2.3885936790030087
5.070271780456961
5.229951859517442
5.3866325117440015
5.528480017984001
5.690713304066561
1.5431170057778143
5.99021317407744
6.1491699815039995
3.3438686012695356
6.464285910016
6.6232110736
