0.21166072303600458
0.034751983663401376
0.05572658849464318
0.42467102740191365
0.2539335479560165
0.34775203463849635
0.3955321672146681
0.6631579124506715
0.3667046676715273
1.7495167610027522
0.9279287591162984
0.7889529508312307
0.7571157161108317
1.856125621090996
6.402332802768797
3.6607996121110773
1.2882814149792239
8.818922217003433
0.679378382317509
4.980451467210287
8.926630444972034
7.018032056412039
2.182881471086148
13.77695352454839
26.508985177089926
25.901855654657084
70.00506738719923
21.884081935262657
21.929378744143833
77.98709542681718
119.8373677630334
28.350129764607118
165.02052837772135
19.968593999310542
35.35326073452961
100.33431328458755
79.4856347666755
89.15566846516958
35.892896268054756
11.830660952393373
65.78552036636756
102.28596039735567
151.9917847660181
61.5842608500534
25.47801789798541
71.98296331973688
52.45957120865205
37.39432455731003
192.17624339770555
85.39383069252654
64.15868594976928
162.52659580845648
88.89954185199895
97.78949603719884
