0.6887142828206336
0.11798215036160187
0.08175925245554794
0.8668012926562696
0.8529768845992365
0.9287261469205674
0.5751315365328793
0.4554239840292098
1.1671529225893806
2.0748443247105968
1.8781909211939194
0.9169606457259647
2.0866768263867925
0.07201766788807618
1.588439057026335
4.405190868609566
7.013946670754763
7.57917679115576
4.528251368476845
1.1389936731966372
5.4586754897902665
9.994608015816539
6.204589466295147
10.05436864798321
4.8183405143563505
38.69393061134815
18.283814803562564
29.729727222613292
24.099011632040856
96.71441374613278
41.171607872251116
14.259282762810471
12.647007563678926
100.46382536325109
78.65983115079143
68.83069054286534
90.55130680485308
27.321285022109805
21.726604129115003
79.51469748188902
4.094948852321977
61.89371596893761
67.59535842091282
57.329946433514124
0.6796035510051297
3.4513419872600934
21.29477601378312
207.0563765365514
39.29330713144009
41.346293452930695
93.40793509503419
94.68163552266196
124.82985153437039
137.31283668780745
