0.08905783873536001
0.09931674919936001
0.10941170369536
0.12043454055424001
0.13068514201600004
0.14119557760000004
0.1512898816
0.16061627228416
0.170410444864
0.20675551181969531
0.37897911952383995
0.4722086560153601
0.5575310224
0.62955211162624
0.69528114075904
0.7065467077954537
0.547626178609447
0.6848130260645395
0.95971647366144
1.0395547957273596
1.109938103296
1.1412889299544111
1.2418410013926398
1.6835249340518403
1.9958682135040005
2.2577009781990403
2.4756580488217605
2.6818228461798403
2.87763182125056
1.4937593188267921
3.2417916076057605
3.419268443176961
3.5901942800486397
2.7183122153864447
3.5510855663048266
4.037449876086426
3.6662812879070006
4.414053090839041
4.5740342680806405
4.611374430991291
4.891712435906561
5.0462842061209585
5.206070923778561
5.3787925406617605
5.534606307535362
5.697096840624642
5.861767821437441
0.04968568495331649
6.184659672885761
6.350504832432641
6.53122220737536
6.509754271036993
3.3077484481397446
3.3993192540481707
