0.091745986816
0.10316943999999999
0.11653320380416003
0.12883390350336
0.14193724711936
0.15560563417344
0.16926444158976
0.18417693229056004
0.19824293192703998
0.34895767965696
0.5043022282777601
0.657163150336
0.7963920384640001
0.92737208160256
1.049952707584
1.15935352259584
1.26331125842944
1.3550859714585601
1.5299037986918398
1.6831595758489604
1.8207637737062403
1.94242421919744
2.05765483542784
2.906124829696
3.5059237018854397
3.994907222056961
4.4156062606233615
4.8080701154534395
5.159112591423999
5.49550618710016
5.824924326144
6.135124760258559
6.445773540067839
6.7468026075366385
7.04217888706816
7.3316782809318415
7.620594342197761
7.899949044951041
8.187655742463999
8.46155492917504
8.736942812224001
9.00860365520896
9.287534184079359
9.553845792156162
9.820943117314561
10.06881238257664
10.323163369024
10.56763822473216
10.82053130219776
11.05826387745024
11.273391805603842
11.473893424744961
11.669427663759361
11.86782656882944
