0.31595211997596095
0.4752534409376281
0.3669838237023484
0.15982928257332674
0.2143519852496425
0.3819884221683978
0.3275829936034427
0.8326350075145399
0.6639297999788596
0.637467411240408
1.7434515990310047
0.705882312203471
1.5529427361798298
0.7104950362663089
1.660139313196055
1.2396109450419317
2.9710476719026246
0.2103919752848924
2.791139405373883
3.076562531132822
2.546256735449788
3.5112251510431634
5.365695911961211
24.993691828511146
13.280463375665931
9.14700625885689
7.495712394043949
49.423961115504426
18.93034959333454
1.7505875849765289
16.104107936940636
17.59651698153175
6.2498973279653
11.543765606165834
17.559067931717436
29.681572103028884
19.80065414922865
42.6683812049705
7.514339116183692
3.4408463329637016
16.391720439241908
34.69639155072946
120.95006773299247
148.62565865526267
202.49037562836747
150.37029611485195
159.80261022024933
121.47734608458268
157.9630401204122
107.97416660645104
83.72501872401335
365.5615768062562
672.0252588053627
672.0252588053627
