0.10446101468434676
0.32841313846769893
0.2543385517247643
0.14323870183051923
0.24837429736596306
0.2066160552488867
0.35108759446967497
0.09085495197616922
0.10808912866745857
0.6412018167815745
0.11133031879671762
2.469228588456758
2.574731965153319
3.726448279815884
5.782877776515306
4.562860314252248
5.088115686131687
0.9247633571714005
0.09431262134091867
3.1626283012121803
7.032150599448414
15.934435882370735
20.192170472299495
34.067927358378256
9.883365468017473
57.40945495194137
61.90161099547913
91.76625553047597
37.36607913783337
10.29445180761104
28.176956863308078
90.16287973973522
101.64538612350225
121.3633744572362
132.7030601501283
140.98015514017607
118.47004702036065
121.4998428186882
44.287509064179176
24.79553698448217
28.55668213764875
80.95754631367163
201.30295402218326
258.7981369534682
338.12133220784017
304.19465155167563
325.5418118226371
291.1180936290839
322.8442654840983
259.4436083397086
47.62128730549739
260.13468249551806
598.7581441843431
598.7581441843431
