0.23204292131218907
0.16532273196333946
0.4269462738415797
0.013042047795373435
0.13132609252240712
0.1504935802589813
0.3728533192325756
0.03206820640114927
0.33922660900543633
2.394868781857838
3.364059283883307
1.6282433004240033
1.5137416748065107
0.4168574562122558
3.895388983847397
4.485464516899128
7.1558118443799685
5.1773517046822235
9.03639621844377
10.107499714477399
9.928144546207932
3.8471028568235397
1.6453253563377075
31.316112260529735
36.4487976746168
24.70904719916325
28.363598345074934
19.80488976904053
1.4255222257215792
0.2678399220621941
32.38474616525673
14.991986774683028
39.929731010564865
43.10777478509772
39.2024969727936
21.95803086135129
18.911889219678415
24.01876525460102
1.784271499785973
45.10917725631225
61.69858206037679
80.65563858682435
30.61237247563986
31.503142020905216
4.488530198555964
49.515759062174766
21.458019053730823
15.982520535406366
99.97941004622407
164.05683442584268
115.35327640186733
6.88866817435337
87.42776687674632
87.42776687674632
