0.21275426156768518
0.17361259549319286
0.43084085224518986
0.02759898896639612
0.10591233282775647
0.11423622993189042
0.3261931230757966
0.025510066187749203
0.2717279322581021
2.2378666898376594
3.137423576182414
1.3508133545664123
1.2048137795618459
0.7420304198074632
4.22324046092217
4.80480168294639
7.456965411293936
5.45388492170207
9.242732205327115
10.226210048703024
9.947031427952652
3.761225957603301
1.4464209136967838
32.63068663718104
38.472391825168415
26.883426754709944
30.19756007558317
18.696421180262405
1.227783131891556
1.0587019703179976
34.11688706315181
17.456726087380957
42.86207877640845
46.15054570148641
41.971529245183774
24.07704791782453
20.03367198219712
24.122180077676603
3.298416349301988
47.953555639523984
65.68151303272316
85.36228297345224
35.43097596995358
35.649653033702634
1.897294838920061
49.87150508235936
18.879439560783794
10.325196358637186
108.41144867924595
173.72240518159379
123.80098450127844
10.89084768504108
92.35912574200484
92.35912574200484
