0.08361813222400002
0.09335224729599999
0.101761
0.11181158942976001
0.12097263084544005
0.1304943376
0.13991549718784002
0.15041490128896004
0.15929294287104004
0.25794534484223997
0.35469933680896004
0.44339404358656
0.5207827637478399
0.5940117847065601
0.6627106161561601
0.7168128359040001
0.77040925071616
0.82082730242304
0.9165228519040003
0.9864525964902403
1.05830104965376
1.1266514769945601
1.1787253817574401
1.5986223934489603
1.89566195036416
2.1516101978342403
2.3517473852646407
2.55026080055296
2.7310444536038405
2.9218678501478403
3.0812662610329604
3.2491475675366415
3.4127626158489615
3.5771337080934393
3.7274758371558407
3.8795258496614395
4.03143431578624
4.2042123343897595
4.339455594496
4.492643115727361
4.66223446315264
4.799120923548161
4.954192762562561
5.1001176223360005
5.269066829847041
5.432151302645761
5.568278478400002
5.72064601008384
5.9024896860160005
6.041842656255999
6.203845525504001
6.3586682896
6.53761078837504
6.675857077824
