0.06940822087936002
0.07846811078656002
0.08762452500736001
0.09702278063104
0.10703785328896
0.11758095864064004
0.12705859862784
0.13717719617536
0.14731840651264003
0.06715571187634073
0.10889947532200694
0.48798830899456014
0.5873027449062401
0.6765075660006401
0.75647689114624
0.4146968678372266
0.89444987191296
0.9514925578470402
0.8071986763919268
1.1478979600000003
1.2263170416640004
1.30073477560576
1.3660485584486404
1.83146636116224
2.1483585699839995
2.4157117135360004
2.63333443912704
2.8438748061926398
3.0359577600000005
3.2290652416000003
3.4028206905369602
3.572408454658561
3.7409439591040003
3.910300592704
4.064152781455361
4.2293666429977606
4.38260491747584
4.550576371264001
3.0773753680584868
4.85410434049024
5.018804296253442
5.179520532736
5.329515760335362
5.4816519753318405
1.243519003833475
5.80124605522176
5.955028949731839
6.1150009704678405
6.283444622400001
6.433714556938242
6.596875814594559
6.767207039887361
6.923676538944
7.086056596439041
