0.11581334634496002
0.12839207577856002
0.14023167541504
0.15242840107264
0.166294315264
0.17885320642816002
0.19063772299264004
0.20481634640896
0.21610300121344
0.3439437766758401
0.47085506924544007
0.58495819841536
0.68796275099904
0.7763837327769599
0.8587269262950401
0.9317500339840001
0.9963361620889601
1.0571425968153603
1.1620081100390403
1.2532032295833597
1.3387045365760002
1.4129753575449597
1.4792163858841598
1.978996205824
2.3127207104742404
2.5989463707750406
2.83497769361664
3.05512364703744
3.277380157032959
3.4739651530777604
3.662048667904
3.8479059456639995
4.021757506624001
4.203634956618241
4.368394276956161
4.534446571776001
4.7226243856000005
4.893581076736002
5.05110881507584
5.225123023267841
5.39447819232256
5.556738825256961
5.7263724242560015
5.9000099088409605
6.07181640795136
6.239844129024001
6.400009470976
6.57970928091136
6.748448459061761
6.9103454895129595
7.091586043210239
7.264542903298562
7.448899448995842
7.624578877696001
