0.6656542661251166
0.03772183136394247
0.023972328206745885
0.025103931755481312
0.9315138823642073
0.8608074703158053
0.17459766407630184
0.9532548822157452
0.20690489044540072
3.2168035472323027
2.639576098090231
2.1406354306890876
0.01678794428232777
0.6239324557122927
2.279265638355696
3.9054834783347587
3.1309437110013505
4.5460825589347
1.6265487603516249
2.5308843841175985
2.0755540188260966
0.18624373082820966
6.10438409575886
8.180106699465341
27.26110830419202
24.970893678105313
27.4441663073394
49.36795236785838
61.614418261726314
48.68821089973244
25.608027824529927
33.550115210480726
29.035954496364866
16.66309127020577
75.6551517604421
136.194800328969
37.847676379395125
54.9384274717886
53.70058471740049
7.881676558925392
25.61609312318251
27.534396674251184
8.44467127181997
46.95124183502776
78.46881090005627
65.52983008994488
32.82297221378394
52.39879255484266
19.75187876743439
89.59681770090538
23.06224213452515
48.757873048285546
21.068916028307285
23.175807631138017
