0.94802551335437
0.03205090202335015
0.09577597095528034
0.2805740796236833
1.4385485993440952
1.5421281256443464
1.0132490364253783
1.9740778328285842
0.9539139918176147
0.6916523582004288
0.9836869849840184
2.3145521799963262
5.085290619531406
4.833750911632308
7.946171560082917
9.598061818491715
8.691173187348568
9.823481998234797
5.986330845268981
0.5112002536131968
3.3806358418821674
0.44260365433797233
8.801457074923974
17.742828817553345
65.0340070972643
8.960846567216322
45.31667467767147
43.12183040597847
97.59323529368521
111.9625890988791
113.10490621653298
141.204254717195
92.95907643159808
148.43723358909847
60.31812257533602
0.21278167097261758
169.29859832430157
178.7806616475209
60.81319948894088
110.18709717813545
114.76615806781047
48.37659968740627
53.45060460970126
94.75147062903125
112.9305557041589
87.79691900023317
21.220332151584444
53.29646359629987
11.899478612613166
104.6162023171637
44.664617834416276
75.23849382316257
9.142942886952369
10.057237175647607
