0.8664134110664659
0.9841545704221488
0.00288594443901502
0.6509738459473624
0.15298899168194424
1.345170034121196
1.6549040086707691
1.8554051164866223
1.6366153661419531
4.144304996951206
6.462715472721754
4.559085424602699
1.936947814063899
3.06738350533368
1.1622113147091113
5.857016699343262
4.314737438564293
12.137955647368244
5.9020144088560755
6.798171719171933
7.103438819101257
4.958885523364188
3.7637307670909195
1.1349788519760295
20.464228963775895
11.459937929909756
17.415418367701932
40.16526634031652
33.23245714095174
28.450597198681862
35.82504013937432
64.53826146473511
66.11222674824967
8.4033230758032
55.29369581874198
113.51142712893125
130.90548446443427
17.668523992168048
75.30076871203346
9.549841732517962
43.02307712860784
88.8907964051541
80.3560247682617
14.148272052334505
5.803332765404775
37.88833601195802
10.02097479711665
46.06599913776881
41.573127670133545
23.84478144550667
60.93932580945693
12.073680681663973
15.998511122415948
17.598362234657543
