4.168900087455047
3.8259421505515157
2.3475596271532275
1.2552126245840611
1.3875578872072154
0.22170582967378039
0.886107368409327
1.4154654578594261
1.4907400569022258
2.261106129488695
3.619069546982786
1.6152441997532492
0.39630488968055033
1.8404466147252379
1.5072976591411589
3.479162297693051
0.15111827279361023
5.152063976154068
5.80036314488234
9.886435228027722
28.13018184832481
30.344880854367148
32.8891478465855
31.68232926124074
33.64449819285255
13.0786373122437
6.984317474269119
58.580806505280634
6.3423088826875755
66.3439588645906
85.82091100572507
127.48282667233434
8.495065537888877
95.41224055726343
153.075047902621
7.838979203828785
18.487584313148545
134.94133289142337
43.900388057969394
109.27317500126446
158.89321765996283
199.31995549042767
183.2165013958438
107.6442676335937
87.57311569277954
105.62928557840496
62.40368188319553
80.72809452606452
57.31255312379653
27.748050056106877
86.14455954096047
61.0185908008134
89.15447471247899
98.06992218372689
