0.12380489662464
0.135565348864
0.14905282461696
0.16217180027136
0.17369556582400003
0.18772878541824
0.20049045043456004
0.21308637712383996
0.22504625161216005
0.3361847384473601
0.44271457542400006
0.5432987197440001
0.6340287135846401
0.71226037960704
0.7859035261439999
0.8569664053350399
0.9161185110246403
0.9770009816089601
1.07371044
1.1631467196518401
1.2366294030745602
1.3105084268953604
1.3777989276902396
1.86270524425216
2.19358374805504
2.4747166023782405
2.71472284205056
2.9465892195942405
3.1478594471526407
3.35558502881536
3.548961655613441
3.7386975854694393
3.9066123358310407
4.0930145344
4.2734944479462404
4.42959708305664
4.59981701529856
4.785712766179841
4.9463610385305605
5.12263915029504
5.297465672181762
5.471766815088639
5.640944204515841
5.8048074427622405
5.975232158269441
6.150653954621437
6.32091200747776
6.498877464668161
6.67385635780864
6.8436987669529605
7.0178198200422415
7.202533385512958
7.383141059880958
7.5610480696960005
