0.5108827559443156
0.6859918130162228
0.20206142705877284
0.12472674487698754
0.0006071889600534064
0.6050868981652968
0.08374879331159946
0.8638185616227503
0.07693557086540181
0.7466907164094891
0.19105531205568127
0.8407410452272188
0.006193541373590961
0.24310312228726616
1.050131900495785
0.7545621059035739
5.25787169765556
1.6664610172362018
0.9609937287154935
1.4445480999290794
1.8852797262004515
7.788040379122549
6.650958582088151
13.463357531487873
9.425252364206244
41.15943822577174
18.088383446243824
21.64752929871611
14.018659082477825
27.84999944212359
22.972363224804212
48.5207903423543
25.01517395978226
23.68960218788925
45.737728815878654
56.411692532197776
48.217297993589455
51.608963793874864
39.47940690338146
9.722850052348804
29.285746496898355
22.764373754274857
46.4033302060343
37.2891865011552
38.43259770744771
62.765767340679304
16.40597595147119
30.94365215509606
19.393670064710022
32.23148628943454
14.931462878113962
22.819843951496296
15.816084398473322
17.397692838320655
