16.309117244055685
24.544008186983778
33.43793857294123
41.92527325512301
50.460607188960054
58.26491310183471
67.3637487933116
76.55381856162275
84.1769355708654
167.4533092835905
252.49105531205566
335.55925895477276
420.5061935413736
504.84310312228723
587.6498680995041
673.5545621059035
762.1578716976555
842.6664610172362
1008.2390062712844
1178.844548099929
1347.4852797262004
1521.5880403791225
1675.3490414179118
3350.536642468512
5055.425252364206
6769.159438225772
8391.911616553756
10113.647529298716
11788.018659082476
13483.849999442124
15115.027636775198
16771.479209657646
18476.984826040218
20160.31039781211
21911.73772881588
23491.5883074678
25181.78270200641
26963.608963793875
28633.47940690338
30266.277149947655
31987.285746496895
33662.764373754275
35275.596669793966
36966.710813498845
38724.43259770745
40430.76576734068
42066.40597595147
43701.056347844904
45394.60632993529
47063.76851371056
48792.931462878114
50482.819843951496
52157.81608439848
53783.59302601033
