0.08848102379775999
0.09902853734400001
0.11009973424384001
0.12143831040000001
0.13228059961600003
0.14232208953599998
0.15393004785664
0.16597867106304
0.17649409254399998
0.29831346628864003
0.42225251625216
0.53654804603136
0.6403226006425601
0.73115907014656
0.8191060900070402
0.8879036596249599
0.9551356179481599
1.0192340078694402
1.1185211443225598
1.21247934877696
1.3013771831526397
1.3697125685478404
1.43709458700544
1.927832279296
2.254634383936
2.52038739529984
2.76395147018496
2.9723249554662403
3.17778255184896
3.383498310269441
3.56130643787776
3.7377447822950396
3.9222820178150406
4.082552795875841
4.24995047006464
4.420637446973441
4.576067113615362
4.738548795312639
4.909556925504001
5.076218080552961
5.244371139504642
5.396685818698241
5.5756734628249625
5.72182474352896
5.892915495075839
6.0582064100377595
6.220427065346559
6.387103761984001
6.561753574464
6.704172063170561
6.877627934538239
7.056010441751039
7.222101560650241
7.398069251696641
