0.6904109826024367
0.18092689979627252
0.4265761311084688
0.9502536091746236
0.8456012343540138
0.04674450692235155
0.057068364995970455
0.3152716016371926
0.6476798176160514
2.3757469921395113
2.1001979827054242
1.8543938985762338
0.49354108196268953
0.6106893692322615
6.602265594946061
1.9387857370691108
3.174025631377617
8.308322189606542
4.69191160813989
4.709710087901385
7.593580052825246
6.378344453027466
8.334418077142118
13.307669630059081
3.638678911489478
27.430944091004676
21.65362537107285
41.41357949854864
20.604868936867206
93.03881111967712
25.71944407770752
4.874060597172502
85.00749202978841
26.79339949828136
42.8926171899584
3.9824276719155023
103.3281268910032
118.70779917990512
36.945117723338626
6.123603460975573
67.68710569118412
34.618590779267834
137.6409852861034
33.60271061708772
47.43468013612437
61.597599078879284
36.24025429388712
47.07738554480602
127.81499645695294
125.71533450589777
79.36538587348332
2.480975970000145
49.96839060649654
54.9652296671462
