0.07616278163748547
1.4990897360867947
2.6870164793006026
1.6815324034931436
2.28507191135877
1.6639907941080878
1.9487961704760863
1.476864360613419
0.7336859785634289
3.212581979345998
3.4579939202244816
0.14999405873061278
1.9583040425766853
6.626932131070248
1.8763743699686302
7.352644792930164
13.621511943376959
15.585488681849483
11.459673865959076
7.59416289773003
9.440152868585301
16.853026874670377
15.858122408085592
104.81816751938231
133.18826784331122
110.17413609650794
4.341337395462688
137.0732807217446
120.44052765870038
59.80595293744591
102.21619981753429
110.49511708839418
15.590468138998403
163.93312934405185
274.0349024691677
219.5277863204792
162.19121361730504
224.50321230494956
170.4587828229378
82.30176625443346
6.5105744213324215
53.017059003715985
61.104047392138455
64.20507888347493
61.61373694301437
56.16466654591204
152.8275326824878
144.7430020316533
52.94985905170324
13.701598424479016
99.39530154984823
225.29466573422542
341.241869389014
375.3660563279155
