0.12062206379447744
0.14669757932544
-0.09329208453202312
0.19293458874624
0.21352531974400007
0.23656161337600007
0.25662410692863996
0.27789260488703993
0.19860923553108062
-0.0377957696558458
0.6156097136640001
0.008096276174037187
-1.0667895824449705
0.93525301039104
-0.07289501934273246
1.0979183698560002
1.17467793121536
1.2014805358744267
1.36008961394944
1.465378038784
1.406775163472487
0.24000428351686964
1.7228011530470402
1.2591442463141396
2.70139992196096
3.0300114239718403
-1.0083491362156178
3.2214773652571274
1.9225238981301451
3.4472196366184233
4.250336548167234
4.467534922639361
2.1685168146898604
4.877864487485441
1.1928960587573831
5.278605502466561
5.466992185600001
5.668399105600001
5.85588890715136
6.039247270144001
1.8473611442647933
-0.5859458687103576
-0.3802298599230669
6.813160745290239
7.0082184684160005
7.190635319296001
-0.5727884749887577
-1.5584396804136267
3.7337708490607
5.239767950608956
8.18201630642176
8.36985633935616
2.2512767694913336
2.305772924808439
