0.12666993501184
0.14669757932544
0.16718547124224
0.19293458874624
0.21352531974400007
0.23656161337600007
0.25662410692863996
0.27789260488703993
0.29914073829376003
0.47679135480064
0.6156097136640001
0.7294143841177599
0.8321234352639998
0.93525301039104
1.0151868261990402
1.0979183698560002
1.17467793121536
1.2425079354265602
1.36008961394944
1.465378038784
1.5638763029401601
1.6565502145561597
1.7228011530470402
2.2979164285439997
2.70139992196096
3.0300114239718403
3.3250909806822393
3.5564588874777603
3.7934137544934408
4.02408735376384
4.258662878947839
4.467534922639361
4.6597266496000005
4.877864487485441
5.08875635625984
5.278605502466561
5.466992185600001
5.668399105600001
5.85588890715136
6.039247270144001
6.2225342412006395
6.4108781576294405
6.60402006130944
6.813160745290239
7.0082184684160005
7.190635319296001
7.412245831936
7.609520863295999
7.7979802941849625
7.993819809423362
8.18201630642176
8.36985633935616
8.56013711474944
8.76735044722944
