0.02583162989983971
0.09870756434176
0.11118863574016001
0.1018454809945242
0.09250868883778127
0.08455773793625641
0.10193160153484697
0.11371645515101506
0.18046455564544
-0.2817864143010838
-0.8673384346351752
-0.1986297242050074
0.2786038399102479
0.6666709436006402
0.74154969923584
0.81052712573184
0.42682760343953724
-0.09379921373612321
0.802142507994649
1.12056959804416
1.1986430944153597
1.2705221280153602
1.33703524024576
1.82285425721344
2.15284955998464
2.4216787632153607
2.6649596068761605
1.84910498109466
3.0953082000614405
3.302151874869761
3.48861109374976
3.6804611458278402
3.8491489208550407
4.029667607370241
4.209843845532159
4.383931438656001
4.207834995693062
4.729894228224001
4.89101178759424
5.060289841277441
5.234299719024641
1.708085732161126
5.582075330050562
5.7492223263129585
5.9183212176
6.09508404274176
6.267043603560962
6.440591260224002
6.61071564761344
6.78745886773504
6.959195949629441
7.145587642378239
5.8761220010882305
6.028874169147885
