1.2782987864927335
0.6631744195970022
0.4136856547896244
1.0550408935026994
1.2056497836898146
1.386824276666907
1.2953859696815613
1.5693465267790572
0.4362810131995758
4.945668219694852
8.101065550450954
5.589990677326966
4.053977614827886
2.0027390413184776
0.6798835677393527
4.115056444678316
7.3925523922926
12.62766454256257
8.444310960419557
5.012669216900576
0.664713093666478
4.272806406314885
6.38764046227152
1.095779992201642
9.93365314179664
31.14374857734947
14.86857139174026
71.8050131166965
13.602381745093226
53.221402411423696
6.706643345380144
57.35813188247266
65.51392106479398
47.93513768600678
7.033340612073516
4.080456221105123
76.23472314733954
22.57757823090651
67.91148835782224
73.27001880478201
29.69823630924293
149.70684778261784
51.443625246945885
19.61780690484011
1.213224246777827
50.51061865987867
44.03953688892216
43.333460717403796
0.7846454385362449
7.404171487236454
43.944694783167506
30.379090335081855
106.70063964472502
117.37070360919752
