0.4294648968145367
0.061694323097050585
1.0113489954614252
1.5336958963404044
1.5733934531045364
1.6444743018438572
1.44727413321624
1.611412564611129
0.3865881714782944
5.999915284503771
10.246459688720961
8.960497733000864
8.659360153471482
7.841070101880234
6.367238129766292
4.102692944929345
1.937164359067765
2.2224643843359217
3.7766064014041376
8.841869537792718
15.968477430287066
20.904738098997086
24.238654577592797
26.423553979302596
34.68570566935705
49.14041817837551
23.394329052734975
72.16403442100454
8.004270589828593
60.737460598576945
12.479433556343793
58.118712013390905
71.38955342853296
62.57538095594646
31.418665501929354
38.15156754956115
119.17798501256402
29.251384284205415
126.51423892416642
137.5457408198963
98.03439260210507
79.18628844293562
19.054604013268545
48.9753195844678
63.50608900770749
8.112509127335215
6.7174311751296045
2.3588701610424323
30.473181768255017
8.894963249003922
45.724369118695904
45.90802861619886
74.59041160777997
82.04945276855797
