0.07280017558432661
0.19611754643712942
0.20393692212105918
0.0020243394621459743
0.06932097953027494
0.20026316455424364
0.37739628420355587
0.2613655850635155
0.10277000039987172
0.3545740558684827
1.895537851291067
1.1165296036563745
0.35146425403269177
1.1653881793588425
3.1471686704343256
0.2654857130351047
0.8197346714825926
4.553404338766768
9.06331048770744
1.770012404694171
0.2757978691113294
11.156940251410333
5.153492420786279
15.81606682918391
25.10805687564789
37.85632678618913
24.030148061905493
2.316685122317722
32.10146933767646
19.219604184572745
38.757446816835
68.66760352059646
47.658253210334806
61.27144686025713
3.8358790080783365
26.082746182164556
3.937983924530272
17.31554708601834
73.18233265391245
7.172687693047919
27.188505294005154
16.778123698903073
118.61424557348073
41.625528841985215
45.778201894463564
81.88075822777319
8.492431109407335
6.922788263167604
98.10532172480453
25.87618672980898
85.31311332816404
1.7021400490557426
77.65550226575579
85.42105249233137
