0.22677504041774554
0.43644535125811146
0.013678505545968278
0.07949776647306095
0.12234126955212332
0.7907041207067564
0.24262460716516898
0.908387848234625
2.081129543821177
0.5423179945310324
3.7361884967192793
8.302909485229861
7.452910502930081
0.03555169451919937
6.410551860295641
0.46082461606658853
1.3562564357457632
8.369467199923406
7.842655871625425
14.43611193413335
2.5278926186126682
17.02782933517551
3.8994852180710495
36.872651098251936
19.516375611676267
44.7141112780746
50.902621845973044
45.4160254730632
70.10563746145999
15.404016652479186
75.9733032692966
66.58219506620298
42.53728265542304
8.532191850794334
16.383762287547142
38.97348799617612
70.61256533775668
101.59756699753416
0.8278032355301548
93.81681413922342
13.840971682959207
32.79776831984054
35.184103878091264
28.55938375803089
90.57303983686143
56.5634352086272
59.092656198299665
52.24751358712092
30.4371979994321
2.9052557588365744
76.4448090239166
20.14002214599168
87.34643104628776
96.08107415091655
