4.084951418580626
3.861674086882985
2.965064138294384
2.491422080620872
2.059478437401232
0.9916816540791729
1.2084860863159577
0.17635015155130418
1.3654504365752018
2.3573109900265194
0.3695620193244622
4.075837705122467
2.9236308471209895
4.230906205045926
2.766217782845956
2.991418636461958
2.535580741340709
7.831376379639551
3.610264466129479
5.9010164065173285
14.936154122956395
0.14640312552705836
24.643383345050097
74.69499467685364
40.93683465113281
45.290579000269645
65.65129481441
24.643196250057372
48.91644665855347
32.56640652497845
86.48230475374476
69.48001575033777
47.09433478542269
20.925760201691446
3.03782479119036
64.08192788984888
100.28657763128285
134.50151165158604
35.636246293390286
58.781775294297404
19.968407893877156
63.9792965134111
62.257210840638436
7.215672678335977
76.37284157147951
63.35972227864113
62.22624243127939
65.78667730119923
55.31819509952038
34.189092573767994
127.564299595193
44.40852296211233
8.390129833031096
9.229142816334207
