0.18631925837846453
0.01858825031686706
0.1109570842975387
0.30166971684050736
0.2943253650693336
0.8921803837032982
1.0514865037393832
0.40591282317170396
0.027011703872219073
0.26832562721381237
2.8379012786050453
0.3173040749451843
2.3733120598590176
5.001839191508395
2.169170402653208
1.9941498782321787
1.6902641673644894
6.480890229816623
0.2120470881802703
0.9127269908324251
1.238829921660681
8.834578337540052
8.407505443204172
10.059470934776982
31.762942888255566
54.566455863632655
35.70524790184572
17.019727798806343
41.79784111627305
125.2546292093557
75.60578567703305
41.860141976289015
58.7739333865793
41.389361055145855
57.62764038956084
66.1941345669693
21.395572492714564
72.41692832613262
32.924001535731804
0.49368763467282406
77.55065674246725
72.06204455785337
72.70922159563634
66.47622203902574
86.96411330701085
33.918767101087724
129.7482582086086
57.85162754525663
152.25701524443866
148.49364867724216
78.5036460705669
36.625431102424045
35.26722610363504
