0.07976512329984
0.09651907989504002
0.11612501074944001
0.13355107127296
0.15165977499904004
0.16910517817600002
0.18797288621056002
0.20711673816063997
0.22517985977344007
0.38798148761856005
0.51837235236864
0.6287145143910401
0.7277318371840001
0.8302621134438402
0.9075808910361598
0.9846354749439999
1.06003991838976
1.1234032726118401
1.23952773694464
1.3441267394790402
1.43005626582016
1.5161765240934402
1.5886242931609595
2.14376919091456
2.5302883133439997
2.8474375541990407
3.1226169638118395
3.3840163132441607
3.6220788869759994
3.83886589464576
4.070754954365439
4.2769879757439995
4.472000075868159
4.678056815618562
4.878875190069761
5.083437603904
5.276907311104001
5.4702848104960005
5.65985416040704
5.86500674386176
6.040804434903039
6.233075473123839
6.42800165078016
6.619497432514558
6.81095582404864
6.998530568296959
7.205084250749439
7.409466919528961
7.601851859599359
7.804469147904001
7.989540928821762
8.185742144616961
8.386361913346562
8.58889464057856
