0.07799144110279244
0.4235793740481064
0.28656614046659
0.062393128037520285
0.08751202315070117
0.3768000408100818
0.07366435145161176
0.7619443715104524
1.0558893098585571
2.6467487830360596
0.6040206045694845
5.751976228497824
9.506317791787808
0.2785917479987461
5.045472960640154
3.1554777719635467
4.73202019683049
4.385387382872409
6.336989109917226
11.614146472410312
1.661329545602939
7.467163404479152
1.605866980602741
15.273088907329566
13.77251389583671
1.886223018864257
14.351742781302164
35.77116744385603
36.50013891361414
38.605902037739725
65.51127953937794
21.98201468390107
73.8854596841411
47.06614398149395
36.658659796121356
27.548345135022828
13.394656003842101
10.519424351965426
16.95761935594419
97.68582148732457
42.083389453287964
36.77266260495526
9.63922953169822
15.868169170869805
27.252821116504492
78.50491427057568
27.096744964401296
104.35131623346388
68.76613592206559
109.9648365121684
8.25366149324691
43.51103307218
53.841792905906914
59.22597219649761
