0.34511112203698247
0.3607451173748828
0.14979590537993204
0.3480747315704349
0.5045421422150298
0.9011565455625146
0.5484094973470519
0.05781329042937955
0.28831368319910666
1.7416923184135271
1.2793778811378616
6.137694712174664
9.633079503506508
0.355759857032524
4.89278894595418
3.0189410832712156
4.747041535189396
4.208203048000314
5.5814798861584904
10.093914323893614
0.6348986401076218
4.298481618621281
5.544430175755451
21.990836632336595
16.252943867545582
0.12009529525130347
10.847683618692827
38.86762752630602
38.031868620964815
38.89356886348287
63.364296987423586
18.521238719771645
78.19291098115355
51.8419188345033
41.52067547333718
22.886422001764004
9.096345609825221
6.66441952018431
20.378422697158385
94.65802271703797
44.88842341677446
39.496358572519966
12.48582378912397
19.05920050498389
31.02321780839702
83.07666706860618
21.374591306826915
97.21951285132673
60.069238544369
99.38143162490451
20.762100151361665
58.25754231186147
71.07216615538346
78.1793827709218
