0.37785581803198554
0.29976372470918733
0.447870015305071
1.0703285866346377
0.016362371878486215
0.07988443725956529
0.31125855408808434
0.34243394449651987
1.348874196135995
4.584474376438095
5.0689666870900965
3.525942902907616
8.799696877781855
6.664790778237261
0.6399710629686979
10.017342439664162
11.73255411706225
15.228852327060281
7.525978900291875
23.025375310085792
30.05441378864407
0.13168632824385895
32.703392031512976
117.3428026403767
143.14233205019445
67.05373116422743
149.09423357040578
150.136697248161
157.8289183339657
54.325048618004075
145.615302652197
95.23755894330316
58.610393867551466
1.0925378466054099
68.83176433096378
126.95214358402518
195.81754969278336
46.10215456945298
232.73729500069385
207.1980858963543
55.42230900622599
175.24417479223484
122.58752553339582
273.50190196906624
53.36707385889167
105.34711241401965
277.264862299744
234.66222913465026
167.80874360656162
65.3274782424487
204.61178784968797
211.60649041047145
117.38454796613951
129.12300276275346
