0.09241891842304001
0.10162629900543999
0.11128255497216001
0.12165920769024001
0.13018934046976002
0.1402053136
0.14973308855296005
0.159756892416
0.16865674822656
0.2656355107225599
0.3599385626214401
0.44724635771904003
0.51948805832704
0.59070660833536
0.65776252385536
0.70855181672704
0.7602779684966401
0.8071714336998401
0.9064075805593602
0.9697081408537601
1.0370082088960002
1.111793101056
1.158671405056
1.56885444753664
1.86419482216704
2.1178212508569603
2.32006025281536
2.5147464163430397
2.69665793622016
2.892579135170561
3.04062081765376
3.20936046137344
3.373275875904
3.5365059136000006
3.68613581273344
3.835280425123841
3.982393816360959
4.1568554970342415
4.283615040348161
4.437527623936002
4.612584363171841
4.74322401755136
4.899500793538561
5.0376689234150405
5.20976607807744
5.37691506206976
5.495341153167361
5.653156752714241
5.84499090605056
5.97910476075264
6.122663278082561
6.279474668544001
6.46911958967296
6.597508692994561
