0.014508576663892297
0.07257291800256892
0.10056306484224002
0.11268428495104
-0.002963974089907506
0.03228159458137857
0.028525093228838685
0.08667995942492732
0.16578330083817322
-0.6719454842415593
-1.7874409803087286
-0.9345209190542325
-0.28158172845110074
0.08822075556903364
0.81116105576704
0.8454075027817115
0.5083824235917083
-0.47162727047459874
0.2487953570530177
0.8264294130643605
1.3127659776000002
1.38723545385216
1.4584407433446398
1.97063647140096
1.9238740986074916
2.6046241476710406
2.85724661105664
3.003391086583074
2.9968997387600576
3.5111324361625607
3.7051506951782405
3.9029953600000002
3.8556574907373653
4.27254852980736
4.449473859381761
4.62324995041536
2.2855970693507754
4.98220255439104
5.159112591423999
5.33544952382464
5.507147325053439
3.2909203870984785
5.850523778767361
6.0280934633497605
6.20621296201984
6.383634794127361
6.55373107265536
6.734373772515842
6.914510062479362
7.09542981013504
7.269477184330239
7.464278611722239
7.639651776064001
7.829171101903361
