0.06052229776384
0.067803993664
0.07644030566656
0.08487480035584
0.09319099398399999
0.102098142784
0.11175274587136
0.12110734082304
0.12930180372736
0.22826379068415995
0.330008887296
0.42598909382656
0.514880872704
0.59781597204736
0.6679073695360002
0.7296549065625602
0.78643410444544
0.85026693464064
0.9386261434598402
1.02211452961024
1.09103205781504
1.1619322225561601
1.221060360256
1.6536067062169597
1.9688579855999997
2.2091471424000004
2.42151443398656
2.62534357279744
2.81450818038016
2.9847786688614404
3.14817171775744
3.3371047084953607
3.4901234142438406
3.6465721600000003
3.80542088070144
3.958476326464001
4.11126557377536
4.26040643125504
4.433746761832961
4.565606545984001
4.71467223183616
4.881519061056
5.0206970537574405
5.16719091879936
5.326265783196161
5.494763553917439
5.630415224220162
5.790737858583039
5.946184710400002
6.102038229084161
6.2538325873689615
6.418010170992641
6.581154021376
6.728894105725439
