0.15275608232058246
0.5261232389489869
0.19434645498779446
0.3557980778423513
0.12021601956287498
0.2105149848246839
0.7645840864727234
0.8326024985281606
0.2926587273705792
1.9160384949839795
2.7317646936228925
3.169613684290937
1.8762577023595668
2.9654914527558276
2.5841033337512727
0.21027765727626502
2.5176936561497314
14.261944373455435
3.0960195131777937
4.025048246105598
7.731902938785652
2.305480706073695
2.9008606818442786
35.51066558122329
40.61812992139858
4.30566193937193
30.15598636745017
13.932947093000621
40.433756640512
29.92674708783852
109.73343618746185
118.1738219880317
20.92059138892364
11.539996078099648
6.50697861005392
17.84303035339326
29.818278735227068
70.37117265306733
165.41836324772885
53.041328773593705
78.03141877869348
95.14363472346304
40.85045936583629
98.73650373459532
22.469890263222624
150.16231046020403
45.64545606840693
19.83786372224131
21.974783002820914
17.6747985488837
41.33840349084494
19.28870291635394
55.38688593167171
60.925574524838886
