0.2702531581408891
0.9003314710709915
0.4085260453744439
0.4779494483696567
1.0239239058131702
0.734481596776412
0.3242110264478697
0.0031513694548266358
0.4043252455442854
4.088031384227861
6.4191128714307695
14.951000764595676
14.494588624587436
7.705317479351379
12.164344135577494
6.4919805737465595
5.155837872325037
3.2668927221333206
1.6223179216768813
2.0637865670123574
7.444891493997375
9.537822041614163
11.504798807600991
1.3673076551226586
18.855374945910626
48.88756836546327
28.146333648832297
93.37429869561674
77.23108113629132
153.2354007404374
7.352902936150713
4.126565966242197
211.52562816824502
170.24592454509184
161.15486686143413
115.66357791506744
155.1018861548946
199.34304901403448
149.06258624283146
53.021596815444354
113.60486206030328
109.71411396016629
117.43093201785814
21.38554772784846
26.81125266919844
129.77288563630282
110.36731209597929
16.831126344121003
8.57276389587787
57.39423250170512
92.00136174395448
39.621143861346354
36.15280514796177
39.768085662757954
