0.10213188772864003
0.11845161222400002
0.13672127437056003
0.15343327707136004
0.16883026338816
0.18546321223936
0.20191146823936001
0.21780814328064002
0.23345595465983995
0.36006528295935997
0.46918992865535997
0.5568216035430402
0.64373535449344
0.72707136815104
0.7932852110233601
0.8617304930713602
0.92178740152576
0.9821222260326403
1.0806151362969598
1.16763066044416
1.2457667137766397
1.3268385924710404
1.3863649536
1.89386919051264
2.246713201216
2.55453475999744
2.8142719722726404
3.0396388239360004
3.27031056
3.4779683807334387
3.706641469696001
3.908073512471041
4.07977947959296
4.2775703691494416
4.468353367104
4.66063850374144
4.841626376604161
5.020775926397441
5.20928402708736
5.4136259584
5.5777515884569615
5.760368645898241
5.9419795638297614
6.140008233216
6.3183458314240015
6.491431594109441
6.703260681103361
6.879381989877761
7.066112302655999
7.26055874539776
7.45485699245056
7.640722031247359
7.8253303885926435
8.04216092559616
