0.24047378710762857
0.6470049306658545
0.08782550023730096
0.2354637582449115
0.11410415539059215
0.3843163003204566
0.9984885690288365
1.5206840840326663
2.1117723194735163
0.8944049599621451
2.0055200802316335
9.60842181286938
8.296494425513117
0.7766130278652099
4.741831200136403
1.3343548725457595
2.9125124064681813
11.448787571546518
9.644535522698106
5.381224303395129
0.9326766559008774
14.618080938329513
7.793414679144917
16.330430315652393
37.729255271603506
44.40561047140818
46.5301001180469
51.45523230370054
11.21347457457341
67.57526813999175
111.00712031191142
119.89601415819925
88.32433654736087
41.73523394943186
30.652414640342613
13.981201561175112
28.641942342015682
78.0622455026205
35.15181962045972
157.01362199012874
18.832584856241738
26.32319371257472
46.36136332787282
78.06349262807635
16.194969807103917
100.56883106331225
122.0974574362699
13.64028829641029
10.744142632946023
21.024774954785244
38.39436943535111
30.60739584053954
122.9758925741844
135.27348183160285
