0.10625618012416002
0.11784665094400003
0.12921321701376
0.14144699771136
0.15271713673215997
0.16487627766016
0.17644973150463997
0.19022298439936003
0.20257632719104002
0.32986735454464
0.45685486882816007
0.5740789824
0.67679711725824
0.7695135248486401
0.8604892537753599
0.9318519694950402
0.9971444414694399
1.06482916731136
1.1634884112614403
1.2597135190041602
1.34698493217024
1.41917472319744
1.49079802110976
1.9879195240960001
2.3118642959385602
2.5855147797529603
2.8276332716262402
3.0305629005414407
3.2449612577817604
3.4521521088102407
3.617390979136001
3.8002040266854396
3.98520410776576
4.145882388736001
4.298781881180159
4.49077807399936
4.642418370979841
4.80614070559744
4.975133818800641
5.144811080949761
5.304435434495999
5.463865110077441
5.64186386801664
5.788027612224001
5.95322522189824
6.118657382464
6.277710647295999
6.449616920412162
6.623120484597759
6.755308334325759
6.923769160591361
7.104340101450242
7.256860148735999
7.43948754379776
