0.9400384710796992
0.21677726671929776
0.041307297221315764
0.6941606505961602
0.4271997016271385
0.6158120707609882
0.2374870225951895
1.2228624797077856
1.1137116469871984
0.6974205965970839
1.5066673381352302
1.983766114004652
4.259430958241126
5.418254633977369
2.1786580028750677
1.5895724502669282
4.81302761781501
3.226320203264663
13.693661876481997
12.489857188596943
6.092841046551257
13.320971325275423
5.843132220567668
41.10037701831334
10.003758784351703
30.974250587553797
61.4545867209672
57.28435356125374
21.540988261614984
133.50745083053516
61.11135503971673
46.39941926652318
36.211732793206465
79.72891113754304
246.80768519575213
2.0061347906776064
136.63298240022777
137.934935166988
73.1862388945483
7.235248379736731
11.861304716421728
30.773379359547107
143.93373104384227
15.323516298805771
19.907219235647062
51.95708954681322
11.304727885326429
94.76455060456647
184.54283839894924
154.9741142253115
135.96852435406618
7.56457265172503
171.1902025043746
188.30922275481208
