0.5935778222403876
0.014584793950046304
0.10969688140229295
0.6264657636669924
0.2410254369786955
0.30889858072539766
0.1777449052202229
0.6868895984527086
0.4768400125625192
1.9779457957865816
2.6964926945194634
2.414757828237498
3.50453287836001
3.22221524506233
6.051564985304367
3.7072802328004855
1.8036712739090035
11.155023633079168
4.131060284156547
1.9049654205507522
4.68891065333969
3.0532543902309044
3.202254466605382
20.63048384982494
36.32189894624753
23.64089232249262
16.053814199913177
84.26609652766456
20.228815917684187
158.04264730724935
18.230496292258977
12.304489613750775
104.9320723176861
7.47991520155847
175.42196047941616
67.29971444641342
79.23416266652566
91.1357909768085
38.55438636941108
29.432583812333178
0.7230127879156498
29.387020734444377
136.6131742544385
27.68747029016231
4.43411868208932
36.32978036196437
1.5706310692839907
88.09429735207232
187.49942804053717
142.47515405879676
108.64982284251164
38.78088594730798
106.39764001007279
117.03740401108008
