0.10625618012416002
0.11784665094400003
0.12921321701376
0.14144699771136
0.15271713673215997
0.16487627766016
0.17644973150463997
0.19022298439936003
0.20257632719104002
0.21198395144721385
0.23315581966655147
0.5394570773394005
0.47965504874887194
0.6947232221328014
0.3946001317068919
0.9318519694950402
0.9971444414694399
0.2539342732313048
1.1634884112614403
1.2597135190041602
1.34698493217024
1.41917472319744
1.49079802110976
1.9879195240960001
2.1424224287916274
2.5855147797529603
2.8276332716262402
0.8397857893230998
3.2449612577817604
-1.1952160760416275
3.617390979136001
3.8002040266854396
2.341627688781776
4.145882388736001
-3.06806279508661
4.49077807399936
4.604887028936943
3.9587770383658585
4.975133818800641
5.144811080949761
5.304435434495999
5.463865110077441
3.324244316544122
5.788027612224001
5.95322522189824
6.118657382464
6.277710647295999
6.386602348243386
2.5260797360852285
3.0390777751619305
5.184431913437978
7.104340101450242
5.727812120117838
5.8719592285725195
