0.36125232932593576
0.3777327016016194
0.21756999194472115
0.5554530338559331
0.6106635418177859
0.21098219189126155
1.1168309073518827
0.11536111984452191
0.5249737804132764
0.5379961968361613
2.76253207036396
2.3226342700683063
2.670970812288374
0.783667745711341
2.026403684222032
1.8079585641194171
6.546229007917873
1.0829062397905318
0.44527574737946907
18.004914011193478
10.88724133995197
4.46909563023064
3.416511937208952
5.234271103636274
9.322392635577671
39.389870044186864
97.25509164239156
40.0759954800742
57.72255146030875
76.37231232819795
59.13303300074767
42.44031965766408
17.763545800939028
0.628382867336768
18.911020940671733
41.045462847523595
34.75628280331148
13.65596449005534
38.81569245184073
53.73335273633711
48.77823651603467
86.87628578659496
194.27286736091628
40.62905544361274
5.625049093898269
59.660863874611096
129.08694801555248
52.52964743076154
148.23651129381324
218.87812372519693
54.59264053286461
54.80644928072434
7.051927319866081
7.75712005185269
