0.08752035891456
0.09693508633600001
0.10729136087296004
0.11756888884224
0.12768672995584002
0.13687750492416
0.14880830874624001
0.15768142111744002
0.16763194226943998
0.272592586816
0.3692263696000001
0.45978597685503997
0.5451424115737601
0.6145330749465602
0.6792027837337601
0.7391872576000001
0.7992846343398402
0.8464412165017602
0.9370240000000002
1.0250347536
1.0843873294566397
1.1523902268313604
1.21275068150016
1.651389484096
1.9518548797439994
2.19639987905536
2.433250572544
2.6181052191360004
2.80612886262016
3.0019526590873604
3.1630537132057603
3.343988618037761
3.5084946191257607
3.6710130817254414
3.83114542649344
3.989351096896
4.15549203480576
4.30893235489024
4.463890035264001
4.629382560000001
4.776476689431041
4.92954381035776
5.11252617922816
5.247676673648639
5.40846745356544
5.561469465418241
5.73808680124416
5.880446521354241
6.031723803466241
6.2284186624
6.364527912962561
6.528074056092159
6.697520398666241
6.8648024378982395
