0.08752035891456
0.09693508633600001
0.10729136087296004
0.11756888884224
0.12768672995584002
0.13687750492416
0.14880830874624001
0.15768142111744002
0.16763194226943998
0.272592586816
0.25307289644553876
0.45978597685503997
0.5451424115737601
0.6145330749465602
0.6792027837337601
0.7391872576000001
0.6796505932394431
0.8464412165017602
0.9370240000000002
0.24839143164351962
0.8864027392054248
1.1523902268313604
1.21275068150016
1.651389484096
1.9518548797439994
2.117251143280426
0.21659425246879804
2.6181052191360004
2.468056000826353
2.450415572722708
3.1568684661323503
3.343988618037761
3.5084946191257607
3.6710130817254414
3.83114542649344
3.989351096896
4.15549203480576
4.30893235489024
4.463890035264001
4.629382560000001
4.776476689431041
3.952039079811703
0.2632829862095054
5.247676673648639
5.40846745356544
5.561469465418241
4.086674137914256
5.880446521354241
0.06562721210873512
-0.03300094095072392
6.364527912962561
6.528074056092159
6.697520398666241
6.8648024378982395
