1.231761695070679
0.764777471413634
0.271278195365376
0.9641202796342654
1.2980393053349175
0.6751763995817655
2.19183036675949
1.054185215522466
0.7083334325538289
0.587062741883102
5.789496082840458
8.619126810233524
6.479921792872176
11.748939719943849
14.07000223740431
14.20217246223217
5.495115567532935
10.162067509985604
7.9976020322625345
13.725853792024054
11.740909847567309
1.0353744426306548
3.902686293283068
18.779679311532163
34.73709863845579
112.1120760438107
11.05541171501136
155.96913485723235
157.1527947095874
20.221900034242935
62.81461982676228
110.2563858006215
156.4818083128921
209.6501167738752
255.23857531229442
289.8992948282903
414.35530827524053
399.02154752169736
394.5735511246421
494.5191112237844
385.6925747710484
328.3459277926231
570.1452833677686
295.3404079091488
271.65137093472003
151.242634879658
251.7026483929876
9.363576836913126
196.827336561837
40.87623375955445
328.1005402351075
448.75968893228855
531.5863562816521
584.7449919098174
