0.70288278973808
0.6433748079855022
0.5118787123060002
0.3134566837940653
1.1476291568723624
1.8320992986058116
1.7518385586927963
0.7512391645469876
0.03592473130736096
0.974455923747314
1.8720059954464432
0.9487098447375502
2.7059720647692416
0.7018932834002385
1.9415542495870568
7.264030694156304
1.4393268884516601
6.471391504033704
2.277356615861436
4.494721675184337
14.07166094832337
18.247204034497827
5.451456739056766
32.25889267942466
25.170862770230087
44.46049876343022
41.45013205008945
5.592508758400072
56.45702941864329
48.70435939813433
118.13032549195123
40.99652178904944
87.17077715111009
42.636852897296194
199.23541231275885
169.06782035661308
146.08309993685543
170.38235481867014
225.28996980876764
304.6939609231522
223.2685346146245
295.26339649418514
263.63350902659295
126.74418438786233
145.84574465849437
205.34905825079477
164.9016860943011
84.01554797494464
186.53310973830958
103.67474415750621
51.55336868050654
96.60680394644442
177.6867475759209
195.45542233351298
