0.06359999785215999
0.07184029532416
0.08046254174464
0.09010082822400003
0.10003911106816
0.1100646976
0.11943493636096003
0.127900647424
0.13672127437056003
0.23637332606976003
0.33412654215424004
0.42631079445504005
0.5121062594560001
0.583182704896
0.64936779088896
0.7068047378022401
0.7686491804569601
0.8230292583321601
0.91033276170496
0.9904421479321603
1.0590254048281602
1.1234405816550401
1.1883371958374402
1.6182648697881605
1.9228503608934404
2.1819213088358396
2.39148162221056
2.59985439876096
2.7865865279718407
2.982346631587841
3.1428652238438404
3.3243849654681603
3.4894658433254397
3.66899007633664
3.8096793856000004
3.97509169767424
4.138217002416639
4.295644230760959
4.4493253604377605
4.600118996605441
4.76563569872896
4.916578936896
5.07724912693504
5.24799922054144
5.40445698310144
5.557568616540161
5.7207302013030406
5.904542309416962
6.0395932894105595
6.209370246576639
6.387281683171841
6.536800795402241
6.693877051107839
6.885014942333441
