0.17807197412535913
0.34406648569476417
0.4254796048506435
0.1858532989141608
0.8224102722743467
1.3283433223606735
1.098065005009346
0.02538292625946781
0.9287836458268401
2.5493359018797435
3.3337828551637188
1.827296307020731
2.6728775965874547
0.13134694561080096
0.19907327364830962
4.670895928309392
4.997211484673471
10.909566501051017
3.6195263411226506
2.7755994502904286
5.607408227112273
8.652299629513891
5.28449087906165
15.304548144694763
8.70918188966425
56.50038521210536
32.964011856602156
2.774414948071353
43.10366035822153
73.56421852532549
79.08205572876432
18.482070805515832
6.168814817097882
148.753539999856
73.22078171937028
20.511413582502428
22.809841619669896
15.545269449939951
25.774200879481214
95.16784439082767
6.85268336351146
76.45967396484775
46.42448001248704
84.14161141583463
55.17739625622198
17.58536257884407
5.013665487589606
229.53361050041713
61.62662588357489
7.647199802617251
114.07682560734975
64.56403643619706
179.72879345491674
197.70167280040843
