0.26800249250440444
0.7738112536435438
0.14723478026650128
0.2497477068603402
0.8718137510532884
1.4950025820137114
0.5254750392805363
0.5000445223534626
1.164922605721145
2.047695035865246
1.4902366945724168
1.3674864019371284
1.1916776401146763
1.921381297005155
1.2667396168141067
0.3124369421609572
0.9758890360204759
4.64103102398235
5.0022595777240895
1.4162119562613498
2.9574009525579186
4.692603903129566
6.177516058115998
3.0135992434497894
27.47532524550479
51.80423671634344
4.852311647973693
22.660880370303857
24.606842994560793
61.684898624384005
42.65444770795693
21.471439229499083
55.868250536572305
49.785615450149635
45.04804268534281
61.163734954501706
61.03120221835343
42.197987014293176
85.40351880942035
37.40835761355629
37.01913439695272
2.851057443243917
33.40226821809483
109.76327115288586
60.42660308635095
42.328935367346276
24.37301206823031
75.372940614041
22.88003842854232
25.555498009562143
29.23634085021331
76.4956351300425
77.21028469804878
84.93131316785366
