0.07215197676544
0.08045255725056
0.09024881172736002
0.10007251403776002
0.10992202213269446
0.08229786470808836
0.12973251385600001
0.13857572075776
0.14794054460415998
0.16146031067730143
0.35035223931136006
0.4408662533017601
0.52442160956416
0.594663068736
0.66314051502336
0.722486400064
0.77678698856704
0.8310320628121602
0.9224634341401603
1.00133164302336
1.0743305916006398
1.14070602387456
1.2015737610342403
1.643482976256
1.0495025595744238
2.21742119256064
2.43770015754496
2.6485505379942396
2.84500276842496
3.0363871025382405
3.2058931148006407
3.38822655722496
3.55194633105664
3.7309425765990407
3.8875030942950395
4.049972712079361
4.224300840348161
4.375828055104001
4.040428887662839
4.697262111562241
4.857362102517762
5.021249175247361
5.184488551587839
4.6020512581997215
5.50913002199296
5.66940481702144
5.8257739048960016
5.999262516656641
6.158950041418239
6.325160616163841
6.492687224855039
6.6505065210777605
6.820145350064638
6.99266519547904
