0.3507371930198566
0.4657878336030734
0.3827728121847258
0.8626186120169308
0.5546443978380537
0.3529980084947013
0.030343362494051007
0.4060172062206959
0.2954287786816536
1.971806397221286
2.3036028923178833
0.8005572560470569
0.7446524949570517
0.4211644496708118
6.7808875619839455
2.1827947997538786
3.2231360602363566
2.2388608108128665
4.9698160810067975
3.893505863024302
6.3717440327084205
7.172447582354835
5.115218577056794
9.72588105095656
7.297990489376389
28.26625170598527
29.305006359129038
5.947732345108307
32.6848525734913
62.84092253558629
29.382976230795975
16.877409925720713
7.713233631882758
3.305874067482364
0.26416205358327716
26.10305925103239
58.022929412763915
94.79212691741122
123.68996490335849
127.19501493412827
23.61802981627261
18.766496258271218
95.88625117008633
5.319591789069818
64.00792919303785
99.30813373375713
11.68661821923888
3.80135803304438
127.06948431361525
44.09301781249087
13.869338619129849
118.91327531271236
45.91151014443312
50.50266115887644
