0.08964706668544002
0.09915042201855999
0.11016982425856
0.12113184160000001
0.13142423061504
0.142122968064
0.15290977895424002
0.16376331245824
0.17557843083264002
0.1810103376344535
0.28232847300573083
0.5398793113190402
0.64413080402176
0.7370703267840001
0.2340100233673743
0.89571535922176
0.9632370360729601
1.02336045712384
1.1326748899840002
1.2211381546214404
1.30278300258304
1.38292707883264
1.4454618092569602
1.926366340096
2.2554801328153595
2.5283849360281607
2.75553094443264
2.9740851192729605
3.173015439616001
3.261061528475686
3.5577202608640004
3.73604365007104
3.91043980628224
4.081912716175361
4.250748736143361
4.415236433512962
4.577497905277441
4.591372885552359
2.3548384725989178
1.8667444772638189
5.23301127602176
5.395622831104
5.299488574104065
5.722750976419841
5.89146294896896
5.817793522309778
6.2120896627609605
6.37883316347904
4.425553662217379
6.716299335989761
6.8816902981657595
4.63692494825166
7.216143218944001
7.386297689295361
