0.46378337985268914
0.5101464143557344
0.4075565478388441
0.9463076706871476
0.6856431599836128
0.525757425425958
0.23822196129837891
0.16930502304099093
0.034171025026566326
1.7762239405784896
2.595845984299757
1.8064885170020375
2.4998847128366606
2.882666191498515
3.6561235492295054
1.419794181557677
0.7870797608064777
2.0707352277916016
0.31561669512575463
8.596014851927293
10.908175839346313
3.0081721731583
8.844894582111692
7.476699416964948
2.6311852645458202
31.317834408400813
29.473115878980025
9.23979224311006
37.47706542864762
58.81287368551057
28.364691696157024
20.915001075336477
18.39585603093292
21.697091266752977
26.327438384101697
8.546470653142023
15.821190018796187
144.3878078781927
69.21309958627899
68.44638351514732
37.941623199578316
43.69276044588332
157.3610234250009
64.23281921110174
118.31802305558085
147.27480591132917
28.961989332667144
34.98422368721367
146.49880681748618
51.74204860204918
8.08168042088073
138.40079118381254
82.11442472107592
90.32586719318353
