0.06263607398399999
0.07126593306624
0.08008356649215999
0.08921547714816
0.09827673247744002
0.10825047540735998
0.11765339044095999
0.1267075216
0.13583765299456
0.0021925218175364025
0.22108121812976333
0.4425506439270401
0.52935286640896
0.61034593751296
0.5733471084128291
0.74528274616576
0.80644423090176
0.8575856419046399
0.4981920712139774
1.03657810837504
1.10923361024256
0.5198877765366704
1.2365511168102403
1.0690898544659455
1.9815224414233599
2.2360680336614402
2.4478229607040003
2.6555440130559997
2.83924656804096
2.607998859662978
2.92777288208826
3.36933337793536
3.5306169488409593
3.692829424936959
3.8433500872729605
3.998496141376001
4.157214340055041
3.327628591340612
2.137748856945974
4.61470137204736
4.778707923855359
4.9211849785753605
5.08399316434944
5.231239925852161
5.079683252239605
2.0807631611436705
5.6910491904640015
5.85231188168704
-0.14483539783731203
6.174859213416962
6.329499209820161
6.487486116559361
6.662494322288639
6.806914395240961
