1.182090929631137
0.3861012438373663
0.205861260874606
0.7680789820632228
0.9703467802070023
1.7629337862690164
1.8071628869709855
1.36717535349716
0.8505045344659408
0.001551866771052346
1.0494003997302457
1.9221966504857733
0.01242203314342305
1.057858251117409
5.114354532205766
1.7336186816661439
0.8976483976040299
4.114582555819311
5.387823400717252
8.260058601307719
13.031305407691434
10.68811436388819
16.51985869404325
31.752308559083758
10.664728498826662
51.29609849102235
14.95518900476236
28.274335954165508
26.466795515294507
72.76007165094234
65.91149316888732
49.898802808558685
23.147650011225778
38.713962210600585
44.52321167899572
60.305153287412395
23.607975253868062
122.58975455930704
119.85206449960606
76.76470675364908
32.88404358819025
96.05327103832678
9.481892596297257
99.22776971841813
3.8075344792523538
53.24078371446376
230.59675160724146
212.98054563289043
1.3523698873686953
219.17473177158536
311.82022016387054
384.10475548086833
299.6673703557972
329.6341073913769
