0.058359736821759996
0.06637259858944
0.07464086274303998
0.08338418567424
0.09204476396544001
0.10106600511743999
0.11018150809600001
0.11917961017600004
0.12771188742400003
0.06265992185040153
0.2458434252445214
0.40922530173183996
0.48941553438976
0.5621136663577601
0.5377338749080203
0.6867662308249601
0.7421257366758401
0.7890896815718401
0.031281722032884374
0.9592682376217601
1.0291372072960001
0.6392388630442696
1.1496711684198404
1.516440587305829
1.8645312608665605
2.0994208655752353
2.31646938882304
2.5139091861734406
2.691515861056
1.511840087760235
3.0310531440640003
2.9828345430367436
3.3621652381926395
3.5172691921945596
3.6669676285158403
3.820680078336
3.968076748810239
4.13027255517184
4.2677477912678405
2.337022884008565
4.579079566786559
4.7168889856
4.866753669184001
3.5343814200512087
3.7364386554700806
4.087507874691495
5.46962620621824
5.623150954178559
2.151686895147685
5.93185898846464
6.088481238231041
6.242922005056001
6.414889427274239
6.551478443727361
