0.4313048495976375
0.15816197966240608
0.03616740464188695
0.40844101606880656
0.4369472076624419
0.5915080344017838
0.6438201246341464
0.4317528822519705
0.3224120184573991
2.7269984698876044
2.441842113518703
1.6007889799113286
1.7036538925491413
1.1504078048700421
5.03025867893416
0.91104299060828
0.8870945219329087
4.261279064619885
15.88835711529157
0.9211882711979342
1.9777301133715355
17.94371762702599
6.630450768012224
27.171460792917514
21.350312952108652
43.63568870204108
18.659930479579998
13.313001140713823
27.693363915979717
98.07948699964072
47.02162991803743
67.15268230666334
46.7315383982459
33.02567440730854
16.45529048379467
3.8304736099016736
47.234679577984934
85.22138108744912
52.46187601082056
110.45242306698492
90.82969331234563
38.60392411414796
34.81556458676641
101.89686072821496
114.16567714895064
123.79056420193956
40.22516122634988
31.709565851801017
171.2206512588673
29.221333345602034
21.268575003370643
49.36085245280992
95.22713287600345
104.7498461636038
