0.9225225689628402
0.39715321916500557
0.03363614249202129
0.633216963490824
0.8666101874291741
1.2154484487501591
1.4461146331798886
1.393896203817917
0.7775131890407323
0.8288120498416731
0.8579049252014954
1.196683332215514
3.0196243242280616
4.516778550273273
0.6762355181638213
8.65828821500213
9.035364606875646
16.07081063801229
0.17478521648365586
19.069528132427877
22.063251897284772
3.427329311500216
28.403800692335153
34.15352318104078
11.830705486180705
55.29854596855603
15.215678385311548
3.8142801433077693
49.052005185008966
67.33865499900458
81.72497142526481
101.98978189684567
15.895952055896487
8.7788742173434
32.58259854929929
10.772305054899334
45.4133268649166
95.75881223209944
35.87373680012388
89.27706543892418
114.65077791247677
14.979123303986853
13.973548896283319
86.28914693774277
120.39940020323411
118.77819512047427
57.58649639930081
65.2463154162615
116.77432733756723
102.11981893535267
117.25859119190864
169.93464826191484
54.62605770401569
60.08866347441727
