0.08951778300082555
0.1057290256
0.11746028853504001
0.096212516464256
0.08949189075540515
0.13674102553091197
0.16584963031296002
0.17788689616896
0.19017693021184004
-0.20581740490394834
0.11489099170403311
0.13046588573676232
0.6736732421760001
0.76649044443136
0.8026807339200029
0.7202086803130187
0.7598580838757274
1.057721743936
1.16595767394304
1.25896299003904
1.3446164997760004
1.41829425734656
1.4868036922393602
1.9890611721446403
2.32913015974144
2.61776349686016
2.8529642211840005
3.0823785534361603
3.283092232955917
3.424846221985996
3.687960741160961
3.871210503536641
4.048414417315841
4.236101619312641
4.40104678883584
4.57508827975936
4.748821985712641
4.91759364219904
5.08399316434944
5.24953145364736
5.424606193346559
5.59214282834944
5.761466973391359
4.443299294461208
6.094823337884161
6.262286031935999
6.428090895424
6.4836478563668285
6.77105347477504
6.93952384536576
7.117856887933439
7.289801281354239
7.470627136727039
7.651136606333442
