1.3754538281063748
0.7226653689416267
0.23518211814766232
0.980177969735017
1.2636164332602036
1.2860390605619898
0.42770310714948323
0.13819041381745478
0.09560292198649734
2.1397238642346963
0.6334154629930424
0.7429199572520133
2.1828716598408846
2.197763119334695
6.868295421060225
7.734180170747663
8.022723935112367
7.010570628497931
4.243585551321189
1.0444426312551514
0.24922808451879064
7.205793668262913
11.33165499124766
8.746060833840147
22.459374676440348
33.83880301238423
38.89226163791864
7.4316698052662105
57.357523638607745
62.35608148516985
10.73073443319663
17.29985399007637
58.42996824128568
35.257443859976775
59.35394893040211
44.09489521878277
13.53337390489105
18.43961294908877
37.48216489528204
58.94299311682698
18.91031185544125
21.88056270218658
41.40133251982479
110.25837719522679
15.592322788237652
1.593749081446731
36.48014216536103
93.88025873791048
28.047719804897497
68.85136767432414
25.531742187493364
56.14750932636525
14.707214276015293
16.177935703616825
