0.04971758305536002
0.062319330754560004
0.07613891011584002
0.09103302740224001
0.10516893336576
0.11980016198656002
0.13486639277056
0.14831987917824
0.16289554305023998
0.29719942559999996
0.41148016867584014
0.50247909707776
0.59119367743744
0.6823975926169601
0.7530213018240002
0.8186919938560001
0.8878041569689599
0.95331321778176
1.0524429057049602
1.1402925168870401
1.2208658851839997
1.31139509011456
1.3674477133926402
1.8768079371289599
2.2295984578560004
2.5419480960614402
2.8048317760742405
3.0246830709145605
3.2540350063513603
3.469833091901441
3.7030505672934395
3.8986154988774397
4.07977947959296
4.2758233078809615
4.4639644058521615
4.658207090944001
4.839148197480962
5.02353685909504
5.204464743836161
5.414854536256001
5.583572400130561
5.756398643100161
5.94541222502656
6.14969371627776
6.311800019036161
6.49780068934656
6.711921312053761
6.883721929751039
7.065270204917761
7.268433254410239
7.468029686684161
7.65483694725376
7.83330830850304
8.06043884191744
