0.04971758305536002
0.062319330754560004
0.07613891011584002
0.09103302740224001
0.10516893336576
0.11980016198656002
0.11502855488462796
0.14831987917824
0.16289554305023998
0.29719942559999996
0.41148016867584014
-0.9945450341349353
-1.6318608892117963
0.6823975926169601
0.4865640457652867
0.09941068228062411
0.8878041569689599
-0.5546522763947086
0.6496308379207189
1.1402925168870401
1.2208658851839997
-0.8454608844734741
1.3674477133926402
1.8768079371289599
0.2901103855692868
2.2346712386570813
2.0186314997554344
0.6687718654810899
2.8710295308575855
3.045581369944932
-2.3636383639594256
1.3454877822640383
4.07977947959296
4.2758233078809615
4.4639644058521615
4.658207090944001
4.839148197480962
5.02353685909504
3.7288427455981377
0.8008209180517101
5.583572400130561
4.224209945054773
5.94541222502656
4.41610162383771
4.955698284974828
3.572698656490742
3.341115645223721
6.883721929751039
6.1489976270527045
7.268433254410239
7.468029686684161
7.65483694725376
2.262224908690782
2.3278192055036024
