0.1465881624358012
0.3503136827219251
0.34874043776807184
0.12814715189212222
0.06405221191688781
0.25929249106339824
0.718562028643575
0.26271846540896604
0.5292384595034179
1.6805191096204055
0.8709402238262385
8.009358021434139
10.057516658177576
0.23820604933081313
3.0512561864056806
5.417885120738788
3.910168183072983
15.929774269859422
8.44254197763405
0.49182735602585126
7.328804368875808
24.81068891095765
8.50014720856143
20.700788083306634
40.19824809365764
63.452437116892725
75.99955007236167
73.94155282246356
60.44750643307816
67.65641572959612
135.25952578303077
85.25522026287945
49.500832748341054
25.025667802314274
43.600976558213006
12.654316531599761
35.58389991434524
42.32900851960949
73.8383858680645
167.68048747282592
28.836520712819038
73.9755173840822
32.70379320222128
141.09146509495622
74.5303612188145
82.06771208791906
151.53254860353627
3.6418421057314845
82.69210214894701
15.674165808559337
68.45303108259395
3.1425635389241506
158.74878199765226
174.6236601974175
