allch_pt_fdt_means1	allch_pt_fdt_means2	allch_pt_fdt_means3	allch_pt_fdt_means4	allch_pt_fdt_means5	allch_pt_fdt_means6	allch_pt_fdt_means7	allch_pt_fdt_means8	allch_pt_fdt_means9	allch_pt_fdt_means10	allch_pt_fdt_means11	allch_pt_fdt_means12	allch_pt_fdt_means13	allch_pt_fdt_means14	allch_pt_fdt_means15	allch_pt_fdt_means16	allch_pt_fdt_means17	allch_pt_fdt_means18	allch_pt_fdt_means19	allch_pt_fdt_means20	allch_pt_fdt_means21	allch_pt_fdt_means22	allch_pt_fdt_means23	allch_pt_fdt_means24	allch_pt_fdt_means25	allch_pt_fdt_means26	allch_pt_fdt_means27	allch_pt_fdt_means28	allch_pt_fdt_means29	allch_pt_fdt_means30	allch_pt_fdt_means31	allch_pt_fdt_means32
141.16	147.39	150.82	140.07	167.03	110.42	122.95	149.48	97.52	124.08	108.35	119.66	136.06	147.4	134.6	131.96	122.86	122.47	122.97	146.35	155.05	113.83	144.98	168.13	138.27	149.44	121.55	102.34	134.75	139.98	138.33	83.78
150.9	160.17	164.13	153.3	180.75	122.96	135.96	162.82	105.85	133.45	116.8	129.91	145.02	156.97	143.43	141.39	132.16	131.98	132.41	155.45	164.54	122.12	153.72	178.11	148.11	158.56	130.72	111.09	144	149.09	147.95	91.91
162.66	175.18	180.03	168.53	197.25	138.45	150.41	179.18	116.66	143.89	128.87	140.56	155.95	168.37	154.88	153.02	143.75	142.63	143.47	167.06	175.89	133.32	164.44	189.38	159.04	170.04	141.24	122.07	154.62	160.29	158.46	102.24
174.09	188.84	194.4	183.9	211.44	152.64	164.65	194.38	127.47	154.09	139.48	151.17	166.8	179.47	165.94	164.07	154.24	153.18	154.2	178.11	186.88	143.9	174.96	200.4	170.14	181.04	151.19	132.82	165.96	171.28	169.63	112.71
186.4	202.62	209.13	198.76	226.78	167.56	178.68	209.09	138.15	165.44	150.45	162.45	178.37	191.28	177.57	175.69	165.75	163.82	165.31	189.36	198.09	154.61	186.58	211.43	182.34	192.25	162.45	143.56	177.08	183.04	180.52	124.1
197.75	215.28	221.56	211.42	239.52	180.89	191.58	222.77	147.65	175.93	160.59	173.07	188.65	201.38	188.29	187.11	176.39	174.29	175.72	199.95	208.29	164.97	196.95	222.04	193.34	202.6	172.14	153.25	187.71	193.49	191.16	134.25
208.73	227.55	235.62	223.8	254.09	194.8	203.37	236.53	157.7	186.92	171.1	184.11	199.56	212.19	198.92	197.38	187.49	185.19	186.58	210.54	218.38	175.72	207.21	233.14	204.25	212.8	183.08	164.18	198.65	204.32	201.11	144.86
219.95	240.05	248.42	236.8	267.52	207.04	215.39	250.11	168.07	197.34	182.09	195.33	210.05	222.74	209.41	208.2	198.24	195.46	197.57	221.02	229.36	186.36	217.58	243.96	214.2	223.9	193.49	175.02	208.93	214.64	211.14	155.25
231.33	253.74	263.23	250.4	279.99	220.31	227.38	264.58	178.69	208.27	193.4	205.97	220.34	233.85	220.06	219.27	208.85	205.79	208.27	231.93	240	196.93	228.35	256.48	225.35	234.48	203.12	186.15	219.63	225.42	221.67	166.27
242.44	265.35	274.27	263.79	292.07	232.11	238.12	276.38	188.8	217.97	203.39	216.24	230.63	243.93	230.58	229.41	218.57	215.8	218.4	242.19	250.29	206.73	238.6	267.25	235.66	244.65	212.7	196.33	230.02	236.06	231.45	176.75
341.13	366.08	379.28	368.2	397.37	339.08	333.58	384.71	279.17	317.22	299.79	316.77	327.61	341.35	329.82	326.75	315.02	310.01	315.93	340.76	345.72	301.88	337.43	367.63	333.72	342.29	305.08	295.92	328.15	335.3	326.14	274.73
423.28	445.51	463.18	451.43	479.63	422.69	404.15	469.16	352.99	401.34	381.42	402.49	408.1	422.25	413.57	406.09	394.45	388.87	398.16	424.76	425.24	380.73	421.73	456.56	415.61	425.66	381.48	381.55	410.9	420.41	403.6	357.64
490.41	510.27	530.73	518.68	546.48	489.25	460.34	538.43	412.48	471.93	448.21	474.09	474.65	488.62	483.35	471.37	459.22	453.66	465.53	494.11	490.72	445.98	491.84	531.39	483.16	494.94	444.21	453.77	479.81	491.42	467.65	426.93
546.17	563.6	585.76	573.15	600.38	544	506.53	593.77	463.18	531.31	503.15	534.19	530.62	544.36	541.49	526.5	513.83	506.7	522.36	552.44	545.69	499.92	550.67	592.99	539.43	552.35	495.62	514.7	537.29	551.63	521.6	484.1
592.11	606.09	630.44	616.79	645.04	589.09	545.16	639.83	504.49	579.68	549.4	583.67	576.74	589.78	588.53	571.2	558.13	551.53	568.61	600.07	590.58	545.11	598.46	644.22	585.27	599.46	539.15	563.73	584.51	599.84	565.47	532.35
630.8	643.68	668.28	655.27	682.88	627	578	677.95	540.33	619.8	587.93	624.22	614.69	627.59	628.26	608.7	596.14	588.5	607.14	640.27	629.07	582.98	639.32	686.04	624.21	639.8	575.72	605.03	624.05	641	603.05	572.52
664.63	675.15	701.89	687.79	715.55	659.92	605.95	711.14	571.49	655.12	620.89	660.15	648.25	661.26	662.37	642.21	629.18	621.36	641.29	674.69	662.18	615.27	673.84	722.16	658.31	674.11	607.13	641.28	658.67	675.93	636.34	606.55
693.22	702.19	729.85	715.64	743.27	688.09	631.49	739.75	597.83	685.37	650.23	690.26	676.6	689.63	692.06	669.26	657.32	649.46	670.02	703.72	690.33	643.91	703.51	753	686.34	703.84	634.06	671.32	687.55	705.92	663.67	635.88
718.76	727.13	755.04	740.48	769.61	712.97	654.36	765.46	622.29	711.8	675.58	716.3	701.96	714.85	717.79	694.56	682.27	674.52	695.46	729.76	714.68	668.11	729.64	781.77	712.23	728.84	658.89	697.78	713.43	731.9	688.16	661.87
762.31	769.74	799.29	784.24	812.51	755.33	692.58	809.44	662.82	756.08	718.13	761.19	744.57	757.11	761.85	736.76	724.39	715.82	738.33	775.56	757.15	711.01	775.2	826.8	754.72	774.02	700.26	742.42	756.39	777.94	729.51	705.89
799.63	804.18	834.08	818.92	847.31	791.78	724.7	844.75	696.69	793.41	753.08	799.25	781.28	793.53	798.86	773.06	758.56	750.56	775.17	810.8	793.76	745.5	811.18	864.19	791.65	809.7	734.04	780.39	794.08	813.98	764.6	741.22
830.25	833.51	863.83	848.84	877.12	821.56	752.47	874.99	725.7	824.45	784.72	830.18	811.41	823.93	829.27	802.88	789.77	781.74	805.43	841.68	823.67	776.83	842.03	895.95	821.81	840.17	763.87	811.3	824.31	844.68	796.11	773.48
856.44	858.79	889.99	874.68	903.36	847.55	778.45	901.54	750.13	851.33	810.62	856.92	837.28	849.81	855.64	828.77	815.53	807.75	831.9	867.83	849.56	802.94	867.71	922.77	847.88	865.61	790.68	838.34	850.53	871.69	821.16	799.39
880.24	882.18	913.63	897.83	926.34	870.56	799.58	924.61	775.38	874.82	834.01	880.53	860.01	872.37	878.99	851.52	838.29	830.48	854.58	890.98	872.35	825.54	891.59	946.65	871.25	889.6	813.56	861.47	873.69	894.9	844.22	822.84
1032.1	1029.98	1062.87	1046.04	1075.14	1019.62	943.28	1074.56	920.72	1025.86	982.72	1032.3	1009.22	1021.29	1028.69	999.07	985.37	977.6	1003.77	1040.93	1020.77	973.75	1042.25	1098.38	1020.32	1038.6	959.85	1012.38	1023.06	1044.81	991.41	971.47
1122.97	1118.66	1152.62	1135.46	1164.95	1109.37	1030.63	1164.64	1009.86	1115.84	1071.8	1122.18	1098.33	1111.07	1118.4	1088.58	1074.21	1065.74	1093.61	1130.33	1110.79	1063.08	1132	1188.74	1109.59	1127.91	1048.45	1102.3	1112.64	1134.29	1080.92	1060.96
1191.41	1186.15	1219.94	1202.67	1231.71	1176.25	1097.58	1231.97	1075.95	1183.39	1138.83	1189.4	1165.54	1177.77	1185.52	1155.29	1140.52	1132.89	1160.22	1197.19	1177.59	1129.19	1199.3	1255.76	1176.8	1194.43	1115.23	1169.46	1179.59	1201.54	1146.89	1127.26
1246.59	1240.51	1275.32	1257.69	1288.23	1231.39	1152.08	1288.12	1131.01	1238.26	1194.15	1244.02	1220	1232.21	1240.03	1209.99	1195.82	1186.86	1215.02	1252.27	1232.58	1184.49	1254.22	1312.2	1231.91	1249.16	1169.44	1223.38	1234.5	1255.7	1202.38	1182.51
1296.8	1289.82	1324.54	1306.93	1336.08	1280.28	1199.75	1336.28	1179.65	1287.66	1241.38	1294.14	1267.97	1280.99	1288.89	1257.81	1242.77	1234.12	1262.65	1300.98	1281.26	1232.21	1303.36	1359.67	1280.07	1297.98	1216.47	1271.31	1283.49	1305.15	1249.79	1229.52
1339.46	1332.56	1367.26	1349.19	1378.47	1323.17	1242.3	1379.08	1222.3	1330.07	1285.99	1336.37	1311.79	1323.89	1331.88	1302.1	1286.56	1276.82	1306.79	1343.73	1324	1274.86	1345.88	1402.27	1323.42	1340.02	1259.24	1315.01	1325.72	1347.19	1294.03	1271.36
1379.01	1370.79	1405.71	1387.86	1417.81	1362.33	1282.23	1418.63	1261.03	1369.5	1324.75	1375.45	1350.63	1363.39	1370.5	1340.6	1325.09	1316.59	1345.67	1382.07	1363.64	1314.74	1385.03	1441.48	1362.56	1379.04	1299.83	1353.71	1364.97	1386.09	1332.93	1311.9
1415.58	1407.27	1442.8	1424.41	1453.72	1398.36	1318.61	1454.28	1299.1	1405.24	1360.9	1412.16	1386.97	1399.5	1406.75	1377.15	1361.33	1352.94	1382.12	1418.47	1399.98	1350.9	1420.9	1477.42	1398.69	1415.05	1335.59	1389.73	1400.91	1422.55	1369.27	1347.52
1449.76	1441.27	1476.41	1458.26	1487.56	1432.17	1352.45	1488.48	1333.3	1439.73	1394.45	1445.49	1420.62	1433.7	1441.25	1410.74	1394.91	1386.57	1415.72	1452.72	1434.07	1384.87	1454.81	1511.25	1432.91	1449.17	1369.49	1423.95	1435.25	1455.77	1402.27	1381.28
1482.31	1472.76	1509.34	1490.11	1520.19	1465.14	1384.34	1520.57	1365.59	1471.73	1427.26	1478.3	1453.35	1466.06	1473.53	1443.12	1427.34	1419.18	1448.21	1485.27	1466.08	1417.46	1487.44	1543.73	1464.72	1480.62	1401.47	1455.76	1466.89	1488.13	1435.83	1413.24
1513.29	1504.13	1540.48	1521.1	1551.67	1495.65	1416.29	1552.37	1396.59	1502.57	1458.54	1508.86	1484.01	1497.2	1504.23	1474.12	1458.09	1450.09	1479.21	1515.28	1497.06	1448.45	1518.47	1574.57	1496.04	1511.67	1432.82	1486.24	1497.98	1518.69	1465.87	1444.16
1543.91	1533.38	1570.08	1551.09	1581.27	1525.17	1445.52	1581.72	1426.47	1532.18	1487.86	1538.79	1513.95	1526.44	1533.54	1503.09	1487.1	1479.42	1508.99	1545.73	1526.3	1477.66	1548.36	1603.95	1525.12	1541.52	1462.45	1516.22	1527.62	1548.67	1495.92	1473.44
1572.46	1562.7	1598.47	1579.66	1609.88	1554.78	1474.32	1610.46	1455.08	1561.77	1516.31	1567.64	1543.13	1556.5	1563.23	1532.18	1515.89	1508.76	1538.39	1573.85	1556.19	1506.19	1577.09	1632.19	1554.91	1570.23	1490.96	1545.19	1556.93	1577.32	1524.29	1502.08
1600.01	1590.1	1625.91	1606.96	1637.31	1581.89	1502.56	1637.74	1482.83	1588.56	1544.99	1595.58	1570.53	1583.5	1590.45	1560.28	1543.73	1535.72	1565.53	1600.95	1583.55	1533.26	1604.11	1659.19	1582.13	1596.68	1518.1	1572.15	1584.28	1604.4	1553.19	1528.54
1627.49	1617.06	1653.22	1634.09	1664.27	1609.33	1529.29	1664.74	1510.54	1616.15	1571.91	1622.72	1597.47	1610.3	1617.64	1587.7	1570.96	1563.22	1592.43	1628.07	1610.41	1561.22	1631.45	1686.77	1609	1623.97	1546.19	1598.4	1611.56	1631.27	1580.3	1556.9
1653.59	1643.63	1680.06	1660.06	1690.47	1636.08	1556.64	1691.46	1537.25	1642.6	1598.49	1649.05	1624.43	1637.25	1643.89	1613.98	1596.6	1589.59	1619.23	1653.9	1636.87	1587.66	1657.26	1712.64	1635.68	1650.27	1572.39	1625.42	1637.58	1657.14	1607.04	1582.83
1679.67	1668.66	1705.26	1686.03	1715.61	1660.78	1581.71	1716.79	1563.31	1668.11	1624.32	1674.61	1649.78	1662.53	1669.19	1639.86	1622.37	1614.9	1644.24	1679.66	1662.09	1613.43	1683.36	1737.73	1660.73	1675.63	1597.57	1650.25	1662.99	1682.93	1631.61	1608.26
1704.3	1694.31	1729.57	1710.95	1740.75	1686.53	1607.87	1741.39	1588.75	1693.15	1649.27	1699.83	1675.02	1688.03	1694.64	1664.75	1647.43	1640.52	1670.02	1705.16	1687.79	1638.64	1708.15	1763	1686.41	1700.66	1623	1675.66	1688.43	1707.67	1656.56	1633.11
1728.45	1718.38	1755.15	1735.1	1765.62	1711.01	1632.8	1766.4	1613.82	1717.69	1674.26	1723.65	1700.22	1712.96	1718.94	1690.07	1672.26	1665.21	1694.6	1728.78	1712.49	1663.08	1732.52	1786.84	1711.16	1724.26	1647.74	1700.31	1712.54	1731.68	1682.6	1657.61
1751.73	1742.45	1778.56	1759.64	1789.29	1735.17	1656.91	1790.32	1639.4	1741.83	1698.93	1748.08	1723.89	1736.58	1743.21	1714.25	1696.7	1689.26	1718.88	1753.39	1736.44	1688.11	1756.92	1812.79	1735.09	1748.8	1672.67	1724.08	1736.74	1755.58	1706.98	1682.22
1774.33	1766.28	1803.59	1782.94	1814.19	1758.82	1681.29	1815.32	1661.97	1765.56	1722.2	1771.98	1748.37	1760.74	1767.3	1737.73	1720.24	1713.02	1742.54	1776.42	1759.86	1711.67	1780.13	1836.45	1758.86	1772	1696.59	1747.54	1760.13	1779.27	1730.11	1705.66
1797.44	1788.71	1827.23	1807.82	1837.44	1781.9	1704.97	1838.57	1687.1	1788.45	1746.08	1796.76	1771.27	1783.78	1790.33	1761.25	1743.58	1736.13	1765.96	1801.09	1782.59	1734.97	1805.38	1859.62	1781.99	1796.55	1719.51	1770.67	1783.38	1803.85	1754.45	1729.05
1819.01	1813.76	1849.73	1830.81	1860.62	1806.71	1727.86	1861.88	1710.34	1813.56	1769.35	1820.23	1795.44	1809.02	1815	1784.06	1766.54	1759.93	1788.54	1824.03	1807.83	1758.45	1828.56	1882.74	1806.73	1820	1743.08	1794.58	1808.47	1827.1	1777.32	1752.72
1839.47	1835.81	1872.85	1852.48	1883.55	1829.33	1750.85	1884.75	1732.98	1836.16	1792.49	1842.45	1818.73	1831.54	1837.28	1808.53	1789.61	1781.83	1813	1846.39	1831.16	1780.92	1850.26	1905.39	1829.91	1842.37	1766.21	1817.78	1830.59	1849.04	1801.46	1774.68
1858.52	1857.76	1895.1	1875.43	1905.7	1851.21	1772.91	1906.59	1755.48	1858.3	1816.15	1864.49	1841.02	1854.09	1859.82	1831.64	1812.97	1806.09	1835.21	1868.72	1853.28	1804.91	1873.29	1926.91	1851.76	1864.86	1788.39	1839.86	1852.3	1871.26	1824.52	1798.54
1877.77	1879.52	1915.97	1897.35	1927.15	1874	1796.05	1927.89	1778.22	1880.77	1838.46	1887.11	1863.32	1876.66	1882.28	1853.12	1834.96	1828.57	1857.27	1890.7	1876.02	1827.42	1895.59	1947.78	1874.58	1886.62	1812.46	1861.46	1875.47	1894.17	1846.46	1821.39
1895.09	1900.77	1937.8	1918.36	1948.33	1895.84	1818.1	1948.54	1802.02	1902.42	1860.27	1908.82	1885.57	1898.51	1904	1875.8	1856.84	1850.28	1879.92	1912.21	1898.14	1848.89	1916.81	1966.85	1896.91	1908.78	1834.6	1883.75	1897.48	1914.73	1868.59	1842.93
1911.7	1920.93	1957.74	1940.04	1967.2	1917.04	1839.17	1967.1	1824.5	1923.86	1882.69	1930.38	1907.48	1919.83	1925.81	1897.42	1878.6	1872.26	1901.43	1933.66	1918.6	1871.01	1938.56	1983.99	1917.39	1929.84	1856.45	1905.26	1918.53	1936.25	1890.56	1864.54
1927.94	1940.96	1974.97	1959.27	1984.09	1938.21	1859.44	1983.24	1846.84	1944.58	1904.09	1950.6	1928.47	1941.19	1946.71	1918.41	1900.18	1893.67	1922.67	1954.02	1940.32	1893.18	1958.49	1998.2	1939.51	1950.13	1878.57	1926.08	1940.31	1956.15	1911.67	1886.44
1942.89	1959.7	1990.37	1976.47	1998.05	1957.69	1879.25	1997.32	1867.67	1963.51	1925.67	1968.75	1948.6	1960.7	1965.02	1939.8	1920.86	1914.57	1942.98	1971.71	1959.64	1913.72	1976.5	2009.13	1959.18	1968.38	1899.9	1946.64	1959.82	1973.78	1932.27	1907.73
1956.86	1974.99	2002.78	1991.03	2008.57	1974.23	1897.36	2007.54	1889.5	1979.72	1945.79	1984.16	1966.46	1976.84	1980.88	1958.99	1941	1935.2	1962.12	1986.44	1976.54	1934.12	1992.66	2016.11	1976.5	1984.18	1920.15	1964.52	1976.54	1988.76	1952.37	1928.85
