allch_pt_fdt_means1	allch_pt_fdt_means2	allch_pt_fdt_means3	allch_pt_fdt_means4	allch_pt_fdt_means5	allch_pt_fdt_means6	allch_pt_fdt_means7	allch_pt_fdt_means8	allch_pt_fdt_means9	allch_pt_fdt_means10	allch_pt_fdt_means11	allch_pt_fdt_means12	allch_pt_fdt_means13	allch_pt_fdt_means14	allch_pt_fdt_means15	allch_pt_fdt_means16	allch_pt_fdt_means17	allch_pt_fdt_means18	allch_pt_fdt_means19	allch_pt_fdt_means20	allch_pt_fdt_means21	allch_pt_fdt_means22	allch_pt_fdt_means23	allch_pt_fdt_means24	allch_pt_fdt_means25	allch_pt_fdt_means26	allch_pt_fdt_means27	allch_pt_fdt_means28	allch_pt_fdt_means29	allch_pt_fdt_means30	allch_pt_fdt_means31	allch_pt_fdt_means32
111.42	117.17	123.78	116.04	144.31	77.94	94.78	128.42	68.5	111.98	84.06	95.9	116.58	125.36	114.7	111.9	105.94	94.47	98.33	126.55	139.59	84.78	127.16	153.39	120.25	132.65	95.25	71.81	117.08	117.7	117.49	61.97
116.88	125.2	132.57	124.68	153.16	86.06	101.32	137.27	74.06	119.88	91.09	103.55	124.08	133.49	122.78	119.17	113.22	100.85	105.81	133.91	146.35	91.38	134.96	161.89	127.92	140.4	100.87	79.05	125.29	125.94	124.91	68.78
126.9	135.71	143.59	136.64	164.71	96.8	110.45	148.53	81.26	130.12	99.92	114.04	133.13	141.83	132.64	128.63	122.63	109.63	115.56	143.59	155.51	99.91	144.84	172.81	137.43	150.15	108.97	88.32	134.98	136.18	133.71	77.73
135.87	147.59	155.88	149.45	177.5	109.43	120.1	161.8	89.84	141.37	110.64	125.62	143.42	152.44	144.44	139.34	133.74	119.74	126.66	154.81	166.3	109.94	155.83	184.44	148.52	160.98	118.06	99.55	146.63	148.04	144.31	87.92
143.27	156.42	165.52	158.34	186.47	119.03	128.18	171.53	96.76	150.4	119.07	134.96	151.58	160.76	153.21	147.13	141.65	127.93	135.17	163.85	174.17	118.77	165.24	194.06	157.26	169.87	125.1	108.5	154.96	156.3	151.72	96.08
153.98	166.39	176.21	169.26	196.53	129.08	136.78	182.72	104.58	159.3	127.86	144.62	160.62	169.5	162.12	156.03	150.47	136.52	144.62	173.5	183.15	127.53	175.06	203.93	166.47	179.04	132.92	117.57	164.43	166.05	160.1	105.38
162.43	175.89	185.26	178.78	206.75	139.87	144.53	193.24	112.28	168.76	136.06	153.82	169.09	177.89	171.24	164.39	158.85	144.71	153.58	182.29	191.76	135.96	184.32	213.47	175.44	188.33	140.44	127.31	173.28	175.44	168.13	114.81
172.98	184.27	195.92	188.4	216.51	149.19	152.18	203.58	119.45	177.55	145.06	162.9	177.78	186.49	180.36	172.94	167.02	153.21	162.49	190.9	199.49	144.07	193.58	223.41	184.24	197.5	147.41	136.89	182.67	184.54	176.26	123.61
179.81	192.34	203.45	196.5	224.24	157.75	158.16	211.32	126.61	185.17	151.94	171.17	185.47	194.22	188.44	180.26	175.09	160.12	170.3	198.88	207.07	151.31	202.22	232.1	192.47	205.43	153.82	144.83	191.16	193.07	183.47	131.73
197.57	206.47	218.23	211.54	240.46	172.74	169.8	227.12	137.79	199.41	166.01	184.9	198.13	206.18	203.12	192.61	187.49	170.78	182.56	211.1	218.55	163	214.05	245.49	204.04	218.13	165.65	158.33	203.89	206.11	196.58	144.76
275.16	276.51	291.7	286.02	315.28	246.72	228.82	303.66	199.11	273.35	234.57	260.34	267.45	275.48	275.95	261.27	256.4	236.42	254.1	285.09	286.82	230.8	288.77	324.43	276.4	291.2	225.49	232.88	277.37	280.61	262.12	216.84
341.85	335.02	353.22	348.05	378.2	309.35	279.87	367.21	249.69	334.88	293.33	324.02	325.59	332.04	337.58	317.39	313.63	292.15	314.34	345.71	342.99	288.44	351.32	389.92	335.14	351.97	276.72	297.26	338.73	343.72	317.87	278.58
393.28	382.13	403.31	397.41	428.54	358.91	320.02	419.33	291.3	385.29	340.17	374.57	371.55	377.85	388.39	362.35	359.49	335.96	362.26	395.08	389.03	334.05	400.9	442.88	383.38	401.3	317.31	347.8	388.81	394.99	361.75	328.13
431.38	420.66	443.4	438.49	469.28	399.17	352.28	460.75	324.53	425.59	377.6	416.22	408.84	414.98	428.14	399.32	397.8	371.58	401.86	435.11	425.31	370.4	441.55	485.2	421.7	440.9	349.75	390.1	428.65	435.39	398.18	367.49
460.14	451.69	475.13	470.39	501.47	432.23	378.82	493.24	351.44	457.07	407.29	449.53	439.41	444.02	459.92	428.31	426.78	400.08	432.16	466.28	455.1	400.37	473.98	519.51	453.18	472.47	376.64	422.54	460.18	467.53	426.83	399.4
484.58	477.73	502.37	497.89	529.69	459.41	402.14	522.47	375.13	484.75	434.31	477.21	465.76	470.06	487.18	454.04	453.24	425.5	459.49	493.46	480.42	426.33	501.87	548.36	479.84	499.17	400.4	450.86	487.39	495.58	452.22	426.83
506.77	501.5	527.41	523.02	554.95	484.51	422.92	547.33	396.2	509.52	457.36	501.86	488.52	492.88	511.7	477.3	475.97	447.8	483.1	518.64	502.6	449.25	526.69	573.9	503.24	523.86	421.71	476.15	512.76	520.68	474.23	451.41
528.49	522.63	548.69	544.57	576.94	506.13	441.94	568.41	415.18	531.24	477.94	524.21	508.44	513.68	533.14	496.98	496.44	467.04	503.84	538.48	523.38	468.25	547.85	595.54	524.47	544.99	440.25	496.9	533.53	542.12	494.65	471.99
547.16	541.88	567.93	564.02	596.71	526.22	458.3	589.8	431.87	550.42	495.9	543.61	527.62	531.77	551.94	515.41	515.41	484.75	522.71	558.4	541.34	486.27	566.99	615.37	542.2	563.66	457.05	516.96	552.72	560.78	513.32	490.48
577.59	571.25	598.78	594.71	628.02	556.86	485.51	619.95	460.18	580.41	525.73	574.55	557.02	560.57	582.47	544.22	544.52	513.94	552.39	587.56	570.6	516.77	597.45	647.31	572.47	593.81	484.85	548.49	583.01	591.57	542.11	521.8
603.55	597.12	625.18	620.58	653.91	582.66	510.8	647.4	484.19	606.7	551.31	600.69	582.01	586.22	608.13	569.02	569.92	538.99	577.88	613.36	595.85	541.51	624.07	673.63	597.81	619.5	509.52	575.4	608.59	617.24	567.29	546.62
625.22	618.17	647.23	642.07	675.73	604.23	530.32	668.49	504.13	627.68	571.76	622.64	602.65	605.75	629.89	589.63	590.26	559.31	598.84	635	615.97	562.04	645.78	695.65	618.93	640.83	529.22	596.59	630.18	638.92	587.85	568.56
644.26	636.95	666.13	661.89	695.4	623.9	548.33	687.91	522.79	647.57	589.85	642.16	621.63	624.75	648.6	607.65	608.37	577.67	617.63	653.87	634.65	580.97	665.01	714.74	638.39	659.25	546.86	615.16	649.21	658.09	605.75	586.71
661.72	655.02	684.4	679.52	713.47	641.91	565.21	706.05	539.28	664.79	607.99	659.57	638.83	642.64	666.43	624.6	625.45	595.06	635.34	671.6	652.06	598.15	682.95	732.42	656.01	677.01	563.66	633.13	667.2	675.69	623.22	604.33
776.36	769.01	799.98	795.27	829.91	756.04	674.26	822.06	648.43	779.11	719.01	774.14	749.31	752.87	779.38	735.55	735.31	704.02	746.12	784.85	763.51	708.97	796.16	847.8	768.6	790.24	672.54	745.45	780.93	788.69	734.15	715.74
842.84	837.76	869.24	862.44	898.92	825.49	741.49	890.99	715.43	847.6	787.71	842.15	818.46	822.16	847.19	803.71	803.18	772.55	815.64	852.63	832.65	778.38	865.23	916.55	836.89	856.68	739.32	815.49	848.67	856.57	803.18	784.13
895.22	891.38	923.77	917.47	953.6	880.35	796.03	946.03	770.45	901.72	841.47	896.63	872.34	876.18	901.69	857.47	857.32	826.62	869.69	907.06	887.42	832.48	919.83	970.62	891.47	911.39	794.51	870.45	903.3	910.28	857.74	837.59
937.66	935.2	967.98	960.55	997.1	923.95	839.96	989.79	813.35	945.22	884.88	939.8	916.39	920.43	944.79	901.56	900.79	870.42	913.51	950.77	931.22	875.61	963.34	1014.22	935.62	955.27	837.95	913.61	947.03	954.06	902.02	879.9
976.99	974.58	1008.07	1000.64	1038.11	964.64	879.29	1030.38	852.96	984.75	924.71	979.31	955.02	959.65	984.58	940.37	939.13	909.82	952.37	990.19	970.49	915.27	1002.41	1053.16	975.28	993.45	876.91	952.2	985.75	993.07	940.99	919.73
1010.9	1008.96	1043.13	1035.77	1072.12	998.96	913.38	1064.89	886.48	1018.77	958.26	1013.43	989.4	993.94	1018.29	975.07	973.35	944.35	986.7	1024.25	1004.96	949.79	1036.87	1087.49	1009.24	1028.62	911.84	986.58	1020.26	1027.57	975.64	953.85
1040.26	1039.27	1072.99	1065.22	1101.88	1028.53	944.34	1094.59	918.15	1049.24	988.52	1043.56	1020.3	1024.89	1048.27	1004.59	1003.7	975.09	1017.09	1054.49	1035.4	980.44	1066.85	1118.48	1040.27	1059.05	941.23	1016.48	1050.81	1057.41	1005.98	982.73
1070.7	1070.9	1104.91	1096.77	1133.73	1060.33	975.58	1126.26	948.84	1080.44	1019.61	1074.74	1050.94	1055.95	1079.68	1035.64	1034.44	1005.33	1047.86	1084.88	1066.41	1011.52	1098.68	1149.04	1070.89	1089.23	973.23	1047.39	1081.98	1087.79	1037.09	1013.49
1095.79	1097.71	1131.5	1122.97	1160.88	1086.89	1002.76	1154.08	976.3	1107.5	1045.83	1102.12	1077.82	1083.14	1106.11	1062.56	1060.94	1033.03	1075.2	1112.47	1093.37	1039.09	1125.31	1176.58	1098.54	1116.14	1000.23	1074.14	1108.78	1115.09	1064.71	1040.47
1123.99	1124.67	1160.31	1150.74	1189.76	1115.24	1031.06	1181.84	1004.02	1134.83	1073.98	1129.19	1106.04	1110.56	1134.02	1090.23	1088.06	1060.29	1102.2	1140.09	1121.53	1066.18	1152.47	1204.03	1125.12	1144.07	1027.44	1101.91	1136.49	1142.62	1092.33	1067.51
1149.86	1151.52	1187.61	1179.1	1216.62	1142.38	1057.73	1209.09	1030.37	1162.21	1100.05	1156.79	1131.94	1137.1	1161.41	1117.05	1114.69	1086.52	1128.47	1167.14	1148.4	1092.56	1179.23	1230.75	1152.6	1170.71	1054.23	1128.86	1163.56	1169.09	1119.6	1093.89
1173.43	1176.63	1211.52	1202.94	1240.79	1166.82	1081.64	1233.59	1054.54	1186.46	1124.48	1180.58	1156.72	1161.66	1185.37	1141.06	1138.2	1111.16	1153.48	1190.8	1173.64	1117.63	1203.8	1255.53	1176.74	1195.33	1078.43	1153.33	1188.08	1193.74	1143.85	1118.2
1197.75	1202.46	1237.93	1229.34	1267.83	1192.76	1107.55	1260.46	1080.18	1212.21	1150.23	1205.75	1181.55	1187.48	1210.79	1166.89	1164.43	1136.31	1178.8	1215.83	1198.96	1142.51	1230.32	1281.48	1203.13	1220.34	1104.42	1178.73	1213.47	1219.07	1170.46	1143.11
1220.76	1225.52	1262.1	1252.06	1292.1	1216.38	1130.99	1284.59	1103.71	1235.87	1173.78	1229.19	1204.97	1211.41	1234.82	1190.05	1187.18	1159.6	1202.16	1239.83	1222.06	1166.38	1252.61	1305.16	1226.24	1243.7	1127.71	1201.62	1236.6	1242.07	1193.09	1166.66
1243.47	1248.92	1286.82	1275.51	1315.58	1239.21	1154.95	1308.15	1127.7	1258.8	1197.84	1252.65	1228.77	1234.1	1257.9	1212.92	1210.18	1183.43	1225.02	1262.98	1244.71	1190.6	1276.58	1328.96	1249.74	1266.7	1152.83	1225.43	1260.01	1265.38	1216.22	1190.2
1265.89	1271.97	1309.75	1299.14	1338.7	1262.51	1177.57	1331.07	1150.16	1282.92	1220.07	1274.93	1250.93	1256.41	1280.76	1235.18	1232.5	1205.67	1247.52	1286.81	1267.94	1212.31	1300.89	1351	1272.3	1289.68	1174.46	1246.94	1283.52	1288.84	1239.55	1211.55
1287.67	1294.06	1330.3	1321.18	1359.58	1284.55	1198.98	1351.6	1171.75	1304.46	1240.96	1298.59	1272.05	1278.59	1302.69	1256.74	1253.94	1227.38	1269.11	1307.98	1291.28	1234.94	1321.11	1372.72	1295.46	1312.02	1196.19	1268.36	1305.32	1310.33	1261.85	1233.6
1310.14	1316.8	1353.97	1343.8	1383.61	1308.54	1222.38	1375.64	1194.17	1327.22	1263.83	1321.06	1296.91	1302.61	1325.46	1280.66	1277.11	1250.18	1293.11	1330.6	1313.88	1257.03	1344.5	1394.99	1318.23	1333.82	1219.19	1292.39	1327.52	1332.15	1285.43	1255.5
1328.94	1337.13	1374.08	1364.31	1402.8	1328.11	1242.32	1394.88	1215.6	1347.38	1285.33	1341.33	1317.03	1323.11	1346.21	1301.66	1298.48	1270.37	1314.15	1351.1	1334.55	1278.31	1366.67	1416.35	1338.6	1354.73	1239.23	1312.73	1348.63	1352.14	1307.1	1275
1348.8	1358.17	1394.97	1384.75	1423.82	1348.99	1263.39	1415.95	1236.14	1368.37	1306.24	1362.05	1337.91	1343.68	1366.72	1321.77	1318.79	1293.18	1335.06	1371.65	1355.71	1300.02	1385.78	1436.75	1359.54	1375.22	1259.41	1333.1	1369.62	1373.78	1327.62	1297.57
1368.8	1379.07	1417.21	1405.49	1445.62	1370.35	1286.44	1437.71	1257.25	1390.1	1327.93	1383.15	1359.43	1366.46	1388.15	1343.26	1340.07	1314.21	1356.01	1393.69	1377.1	1321.41	1407.78	1458.23	1380.95	1396.59	1282.87	1354.95	1391.06	1395.33	1349.12	1319.02
1390.13	1401.06	1438.87	1428.22	1467.41	1392.38	1308.16	1459.48	1279.35	1411.49	1349.37	1404.28	1380.74	1387.92	1409.88	1364.58	1361.56	1335.29	1377.61	1416.14	1399.18	1343.14	1429.42	1479.44	1402.9	1417.55	1305.53	1375.85	1412.54	1416.28	1370.72	1340.06
1412.24	1423.14	1460.77	1450.18	1489.22	1414.5	1329.54	1481.23	1301.06	1433.19	1370.15	1425.82	1401.29	1408.42	1430.3	1386.04	1382.31	1356.06	1398.62	1436.07	1419.93	1363.92	1450.15	1500.14	1424.27	1438.94	1326.11	1397.8	1433.79	1437.67	1392.36	1361.18
1429.53	1441.88	1479.86	1467.7	1508.02	1433.53	1348.77	1500.04	1320.69	1451.98	1388.73	1444.77	1421	1428.45	1449.77	1405.58	1400.73	1375.83	1418.27	1456.37	1439.38	1383.59	1470.91	1519.41	1443.71	1457.45	1345.34	1417.62	1452.61	1456.16	1410.76	1380.13
1447.86	1461.76	1500.53	1488.33	1528.36	1453.49	1368.71	1520.99	1340.3	1471.87	1408.69	1464.22	1441.48	1448.15	1469.4	1425.25	1420.53	1395.29	1437.85	1474.69	1459.09	1403.1	1489.87	1539.56	1462.94	1477.13	1364.76	1435.54	1472.08	1475.72	1431.02	1399.2
1466.74	1480.88	1519.26	1507.27	1548.17	1472.89	1388.7	1540.42	1360.25	1490.99	1428.37	1483.99	1460.64	1467.36	1488.58	1444.69	1440.2	1415.1	1457.44	1494.53	1478.79	1423.05	1509.87	1559.31	1482.79	1496.71	1384.67	1455.81	1492.02	1495.02	1451.55	1419.06
1486.01	1502.26	1541.36	1528.46	1570.28	1494.31	1409.95	1562.27	1380.86	1512.76	1449.9	1504.73	1481.29	1488.33	1509.84	1465.44	1460.63	1436.12	1478.04	1514.95	1500.22	1444.31	1529.85	1580.07	1503.31	1517.9	1404.83	1476.16	1512.93	1516.08	1472.63	1439.2
1504.61	1521.31	1560.82	1548.94	1589.12	1513.26	1429.18	1581.1	1400.03	1531.84	1468.37	1523.56	1500.4	1507.58	1528.35	1484.01	1479.79	1455.04	1496.96	1534.09	1518.51	1463	1549.57	1598.65	1523.05	1536.24	1425.52	1494.56	1531.73	1535.57	1491.55	1458.63
1521.82	1539.77	1579.1	1566.64	1607	1531.31	1448.43	1599.13	1419.11	1550.9	1486.74	1543.05	1519.03	1526.33	1547.7	1503.23	1498.89	1473.43	1515.97	1553.73	1537.72	1481.68	1568.77	1617.66	1542.05	1555.79	1444.03	1513.31	1551.25	1554.44	1510.31	1477.07
1540.72	1559.78	1599.11	1586.45	1627.52	1551.53	1468.05	1618.96	1438.84	1570.5	1507.02	1562.74	1539.2	1546.86	1567.67	1523.22	1517.95	1493.63	1535.33	1572.91	1558.26	1501.48	1588.78	1637.46	1562.14	1575.28	1463.41	1532.96	1571.13	1573.91	1530.5	1496.09
1555.87	1577.75	1616.91	1604.24	1644.41	1569.84	1486.1	1636.65	1457.61	1588.87	1525.17	1580.97	1557.73	1565.19	1586.09	1541.63	1536.64	1512.15	1554.72	1591.5	1576.5	1520.02	1607.7	1656	1580.66	1593.05	1483.03	1552.59	1589.15	1592.28	1549.22	1514.49
