allch_pt_fdt_means1	allch_pt_fdt_means2	allch_pt_fdt_means3	allch_pt_fdt_means4	allch_pt_fdt_means5	allch_pt_fdt_means6	allch_pt_fdt_means7	allch_pt_fdt_means8	allch_pt_fdt_means9	allch_pt_fdt_means10	allch_pt_fdt_means11	allch_pt_fdt_means12	allch_pt_fdt_means13	allch_pt_fdt_means14	allch_pt_fdt_means15	allch_pt_fdt_means16	allch_pt_fdt_means17	allch_pt_fdt_means18	allch_pt_fdt_means19	allch_pt_fdt_means20	allch_pt_fdt_means21	allch_pt_fdt_means22	allch_pt_fdt_means23	allch_pt_fdt_means24	allch_pt_fdt_means25	allch_pt_fdt_means26	allch_pt_fdt_means27	allch_pt_fdt_means28	allch_pt_fdt_means29	allch_pt_fdt_means30	allch_pt_fdt_means31	allch_pt_fdt_means32
128.86	148.13	152.23	140.84	167.95	108.72	121.22	151.42	94.95	126.85	107.65	120.96	136.53	147.86	136.28	131.65	124.29	124	123.95	148.75	155.82	113.37	148.2	173.9	140.95	152.45	121.06	102.76	136.14	142.33	138.81	83.53
138.28	167.73	170.88	160.81	188.83	129.42	138.78	172.64	108.24	142.57	122.77	136.65	150.79	163.02	151.38	146.74	139.61	137.65	139.04	163.19	170.63	127.74	162.92	190.74	155.78	167.61	134.86	118.03	150.89	157.74	152.59	97.55
146.5	184	189.45	178.52	207.18	147.57	154.84	190.98	120.2	156.14	136.1	150.51	164.47	176.87	165.27	160.73	153.49	150.35	152.47	177.48	184.67	140.66	177.24	205.27	169.9	181.2	147.45	132.18	164.51	171.54	166.01	110.68
154.4	200.44	205.41	195.84	223.6	164.41	170.28	208.49	132.46	169.31	148.9	163.81	177.88	189.92	178.42	174.17	166.51	163.47	165.74	191.11	197.1	153.04	191.47	219.37	184.46	195.41	159.75	145.67	178.36	185.52	178.87	124.64
164.92	217.48	222.67	212.12	241.67	182.02	186.28	225.95	144.09	183.27	161.21	177.42	190.65	202.47	192.03	187.64	179.75	176.47	179.12	204.25	209.91	166	204.76	233.33	197.56	208.36	170.96	159.05	191.39	199.07	191.46	137.97
174.24	233.32	239.97	230.08	260.43	199.89	202.15	244.3	156.73	197.54	175.27	192.07	203.78	216.14	206.42	201.46	193.76	189.82	193.68	218.01	223.37	179.69	218.43	249.08	211.73	222.71	184.59	173.72	205.68	212.98	204.75	151.92
183.23	247.52	256.43	243.93	274.5	214.56	214.44	259.94	167.7	209.35	187.48	204.52	215.7	227.79	217.72	212.81	206.23	201.24	205.27	230.35	235.34	191.85	230.94	263.25	223.42	234.56	195.82	187.24	217.23	226.1	215.77	165.36
194	265.75	272.79	261.97	291.45	230.86	229.5	277.77	179.96	222.48	200.38	218.08	228.36	240.57	231.33	225.5	218.79	213.37	217.68	243.73	248.06	203.86	244.46	277.37	237.18	247.87	207.83	200.62	230.89	238.54	228.32	178.94
203.74	279.4	287.53	276.61	305.99	246.77	242.15	293.51	190.8	234.61	211.57	230.78	240.64	253.3	243.5	237.83	230.77	224.86	229.53	257.49	260.81	214.95	258.25	289.88	249.45	261.48	218.54	212.74	243.28	252.08	239.74	191.95
214.53	293.61	301.88	291.89	320.71	261.76	255.29	307.97	202.33	247.81	224.04	243.2	253.27	265.95	257.37	250.39	242.63	237.06	242.25	269.72	273.26	227.3	270.86	303.76	263.29	274.29	230.62	225.83	256.7	265.5	253.38	204.64
312.76	407.4	419.39	407.67	437.08	379.92	353.61	427.89	296.74	355.25	327.25	352.74	355.16	366.99	362.61	351.81	345.21	337.26	347.18	375.3	372.96	329.5	377.4	416.67	367.56	379.73	328.44	336.87	362.44	373.3	353.33	313.55
408.32	489.03	505.87	493.11	522.15	465.86	424.46	516.95	371.51	441.77	409.37	440.54	437.48	448.69	448.01	432.74	425.98	417.42	431.22	461.34	454.61	410.14	464.46	506.66	452.52	464.8	405.92	425.78	448.08	460.96	433.65	399.17
496.54	554.36	574	561.15	589.16	533.56	481.91	585.37	433.49	514.11	477.56	513.64	505.71	517.41	519.29	499.16	493.11	483.66	500.45	532.33	522.29	476.99	536.97	582.09	521.61	536.17	470.44	499.24	519.32	533.84	500.57	470.11
575.25	604.72	627.23	613.7	642.72	586.65	528.84	638.93	483.67	572.62	534.19	573.03	560.88	572.01	576.92	553.27	547.71	538.13	557.45	589.59	576.92	532.12	595.17	643.51	578.44	593.78	523.59	559.8	577.18	592.9	555.64	528.57
643.37	647.91	672.89	658.27	686.7	631.95	567.66	683.74	526.89	620.96	579.88	621.1	605.85	617.12	623.24	598.11	592.6	582.53	603.75	637.36	621.83	577.44	643.51	693.67	623.91	642.05	566.71	609.29	624.22	641.61	600.33	576.89
699.67	682.48	708.96	694.52	722.71	667.06	598.9	721.17	561.45	660.79	617.05	661.71	644.68	655.28	662.71	635.09	629.45	619.13	642.67	676.97	659.38	614.52	682.82	734.53	662.66	681.03	602.87	649.87	664.02	681.97	637.86	616.16
748.61	714.4	742.7	727.8	756.44	701.37	628.51	755.06	592.56	696.15	651.96	697.55	677.79	689.31	698.01	668.77	663.07	652.84	676.86	711.94	692.74	648.65	717.92	772.9	696.62	715.22	635.74	685.83	698.89	717.3	671.11	651.37
787.83	740.33	771.49	754.78	785.27	728.61	653.21	783.78	619.55	725.5	679.52	727.23	706.44	716.97	726.25	696.42	691.11	680.81	705.26	740.66	720.77	676.35	748	803.15	725.48	744.61	662.73	716.24	727.98	746.86	699.24	680.45
819.09	766.74	798.46	782.12	811.33	754.79	676.84	810.56	644.14	752.28	705.84	754.42	731.63	742.05	753.06	721.18	717.06	705.96	731.04	767.79	746.33	701.8	776.33	830.64	751.58	772.52	687.94	743.13	754.92	774.93	723.77	707.62
868.05	809.93	842.64	826.23	855.54	801.34	718.09	855.61	685.87	799.6	750.15	801.73	776.93	787.84	799.8	766.05	760.55	749.54	777.68	814.48	791.02	745.44	822.13	877.51	798.08	817.68	731.09	790.61	801.38	821.15	770.13	752.82
901.87	845.27	877.68	861.1	890.39	836.2	749.94	891.25	719.37	835.1	786.81	837.7	812.32	822.64	835.22	801.32	797.47	786.02	813.53	850.53	827.11	782.32	858.08	914.7	834.37	853.26	765.63	827.54	837.92	857.67	805.26	790.28
928.78	875.33	909.41	893.11	922.09	867.37	780.66	922.56	749.32	866.69	817.13	868.99	842.94	853.51	866.23	831.14	827.9	815.88	844.38	880.59	857.31	812.59	889.58	946.41	864.83	884.67	796.43	859.3	869	888.93	835.78	821.94
951.52	902.3	936.28	919.08	947.94	893.63	806.16	949.66	776.58	893.63	843.56	896.59	869.11	879.77	892.75	856.94	853.89	841.82	870.22	907.93	883.55	839.08	916.71	973.96	891.2	911.83	822.21	886.69	895.38	915.9	861.75	848.18
973.35	926.82	961.58	943.89	973.97	918.05	830.08	975.22	799.7	918.77	867.35	921.91	893.56	904.43	916.92	881.34	878.13	866.31	895.74	932.72	908.78	863.26	941.99	999.08	916.35	936.79	846.37	911.92	920.76	941.14	885.77	872.81
1118.2	1078.36	1114.58	1096.54	1126.24	1071.03	977.69	1128.23	949.68	1072.24	1019.4	1074.92	1045.1	1055.46	1069.29	1032.47	1029.08	1017.75	1047.76	1085.64	1060.41	1014.95	1096.2	1154.21	1069.83	1089.55	997.23	1065.6	1074.98	1094.96	1039.12	1027.31
1231.07	1172.78	1209.95	1191.3	1221.94	1165.9	1070.25	1223.95	1042.66	1167.01	1113.35	1169.36	1137.88	1149.41	1163.61	1124.85	1121.72	1111.27	1141.8	1178.96	1154	1108.3	1189.83	1248.28	1164.04	1182.94	1090.85	1161.27	1169	1188.71	1133.59	1120.74
1302.77	1241.8	1280	1259.78	1291.65	1235.59	1138.82	1294.27	1110.77	1235.66	1182.49	1238.61	1206.86	1217.79	1232.37	1193.89	1190.97	1179.83	1210.09	1247.88	1222.54	1177.65	1259.22	1318.77	1233.59	1252.32	1159.9	1229.86	1237.89	1257.57	1203.57	1190.34
1359.29	1299.69	1337.56	1317.53	1347.72	1292.85	1195.08	1350.49	1168.55	1293.87	1238.43	1296.45	1263.41	1274.76	1289.36	1250.11	1246.74	1236.35	1266.97	1305.63	1280.68	1234.2	1318.15	1375.52	1292.01	1309.46	1216.06	1287.12	1296.31	1315.79	1260.08	1247.45
1408.66	1349	1387.75	1366.95	1398.04	1342.79	1244.72	1400.32	1217.32	1343.27	1289.45	1345.77	1314.13	1325.63	1339.15	1301.2	1297.29	1287.01	1318.57	1354.46	1330.79	1284.95	1367.34	1425.35	1341.6	1359.18	1266.12	1337.02	1345.98	1364.6	1311.25	1298.21
1453.96	1394.86	1433.81	1412.64	1443.98	1387.67	1291.69	1446.5	1262.52	1388.41	1334.65	1390.68	1358.69	1370.58	1383.7	1345.2	1341.67	1331.22	1363.16	1399.47	1375.37	1329.9	1411.9	1469.59	1386.67	1403.9	1312.45	1382.3	1391.36	1409.5	1356.7	1343.53
1495.08	1436.02	1474.94	1453.05	1485.7	1429.48	1333.06	1487.71	1305.28	1429.5	1375.1	1431.99	1398.79	1411.35	1424.94	1386.32	1382.57	1372.24	1403.6	1440.62	1416.4	1371.07	1453.58	1510.25	1428.21	1444.95	1353.25	1423.27	1432.73	1450.25	1397.73	1384.05
1532.18	1471.96	1511.29	1489.54	1521.39	1465.91	1369.57	1523.86	1342.62	1465.95	1412.13	1468.42	1436.33	1448.18	1461.75	1422.53	1418.59	1408.86	1440.8	1477.46	1453.26	1407.76	1489.98	1547.41	1464.92	1480.72	1389.95	1459.79	1469.23	1486.75	1435.15	1421.42
1568.45	1508.31	1548.12	1524.61	1558.53	1501.58	1405	1560.57	1377.2	1501.69	1448.1	1504.32	1471.08	1483.55	1497.24	1458.09	1454.45	1444.85	1476.78	1512.68	1488.87	1444.32	1526	1582.73	1501.36	1516.88	1426.63	1495.75	1505.67	1522.59	1471.63	1456.89
1601.83	1542.35	1581.48	1559.67	1591.76	1535.12	1439.25	1593.99	1411.69	1535.08	1481.17	1537.59	1505.14	1517.2	1530.02	1491.66	1487.9	1477.88	1510.26	1547.1	1521.86	1477.47	1559.77	1616.28	1535.02	1551.04	1459.68	1528.52	1539.52	1556.59	1505.89	1490.68
1633.87	1573.88	1614.2	1591.39	1624.15	1567.55	1470.93	1625.51	1443.49	1568.23	1513.59	1570.2	1536.79	1550.26	1562.89	1523.6	1519.62	1510.17	1543.37	1579.14	1555.08	1509.5	1593.23	1647.82	1567.75	1582.82	1492.3	1562.09	1571.89	1588.2	1537.64	1522.86
1666.95	1606.15	1645.77	1623.96	1656.45	1599.68	1503.96	1658.31	1474.7	1599.39	1546.05	1601.97	1569.38	1580.92	1594.4	1556.28	1551.56	1541.91	1574.73	1609.76	1586.58	1541.79	1624.45	1679.8	1599.42	1614.34	1524.15	1593.07	1603.72	1619.93	1570.59	1555.25
1697.56	1636.04	1675.2	1653.01	1685.38	1629.61	1533.5	1687.2	1505.37	1629.18	1575.57	1631.59	1598.45	1611.34	1623.7	1585.15	1581.25	1571.59	1604.14	1639.11	1616.31	1571.49	1654.13	1708.3	1628.97	1644.28	1554.43	1622.99	1633.86	1649.31	1600.17	1584.49
1725.02	1663.53	1703.86	1680.53	1713.59	1657.17	1562.05	1715.38	1533.79	1657.37	1603.89	1659.78	1627.22	1640.09	1651.83	1614.09	1609.64	1600.37	1633.02	1667.35	1645.11	1599.68	1683.07	1736.67	1657.66	1672.76	1583.22	1651.22	1662.47	1678.02	1629.29	1613.41
1754.78	1693.32	1732.58	1710.03	1741.61	1686.18	1591.08	1743.98	1563.67	1686.56	1632.79	1688.93	1655.53	1668.45	1680.58	1642.55	1637.84	1629.17	1660.89	1696.2	1673.31	1628.62	1710.93	1764.98	1686.93	1701.09	1612.05	1679.83	1691.38	1706.43	1657.61	1642.22
1781.79	1720.57	1759.76	1737.9	1769.75	1713.79	1619.02	1771.68	1591.17	1713.67	1660.2	1715.43	1683.75	1696.42	1708.19	1669.86	1665.95	1656.26	1689.8	1723.76	1701.41	1656.32	1738.8	1792.46	1714.64	1727.84	1639.9	1707.3	1718.75	1732.92	1686.3	1669.71
1809.6	1748.14	1787.98	1764.52	1798.08	1741.18	1647.11	1799.93	1618.59	1740.68	1687.56	1742.73	1710.21	1723.31	1734.51	1697.58	1693.68	1683.79	1716.63	1750.32	1728.51	1683.59	1765.52	1820.23	1741.78	1755.57	1666.65	1733.8	1746.11	1759.95	1714.36	1697.25
1833.87	1773.78	1814.64	1791.04	1824.61	1767.54	1673.97	1826.52	1644.97	1766.73	1713.96	1768.64	1736.69	1749.48	1761.11	1722.82	1718.97	1709.27	1741.8	1776.18	1754.4	1709.73	1791.68	1845.72	1767.88	1780.81	1694.13	1760.03	1771.63	1786.04	1740	1723.07
1856.92	1800.5	1840.19	1817.09	1849.63	1792.89	1699.04	1851.75	1671.72	1793.27	1739.88	1794.98	1762.07	1775.37	1785.94	1748.5	1744.54	1734.71	1767.73	1802.95	1778.94	1735.61	1818.93	1871.38	1794.85	1807.75	1719.49	1785.78	1798.68	1812.66	1766.06	1749.26
1880.28	1826.44	1865.63	1842.31	1875.66	1819.96	1725.62	1877.45	1697.59	1819.21	1765.13	1821.7	1787.59	1801.71	1813.06	1773.84	1769.98	1760.48	1793.87	1828.34	1806.35	1761.33	1843.48	1896.84	1820.49	1833.34	1745.65	1812.67	1824.07	1838.13	1792.84	1774.71
1901.32	1850.59	1890.81	1867.48	1900.08	1844.46	1750.3	1901.76	1722.43	1843.12	1790.48	1845.43	1813.58	1826.89	1837.67	1799.48	1795.35	1784.47	1819.62	1852.32	1831.6	1785.44	1868.79	1921.62	1845.23	1857.22	1770.27	1836.87	1848.42	1862.59	1817.91	1800.67
1920.55	1874.83	1914.09	1890.73	1924.14	1868	1774.38	1925.77	1747.8	1867.98	1815.82	1869.39	1837.9	1850.34	1861.15	1823.96	1820.35	1810.78	1843.7	1876.8	1855.58	1811.77	1893.4	1944.51	1869.62	1881.85	1795.95	1860.82	1873.93	1887.05	1842.08	1825.38
1942.21	1899.77	1940.04	1917.55	1948.98	1895.05	1801.35	1950.82	1773.03	1893.31	1841.47	1895.13	1862.86	1877.11	1887.73	1849.77	1845.92	1835.76	1869.59	1901.56	1881.83	1836.5	1918.15	1967.1	1895.12	1907.32	1821.71	1886.61	1899.33	1912.26	1869.2	1850.69
1956.9	1919.2	1959.16	1937.67	1967.51	1915.54	1822.31	1968.32	1797	1914.78	1863.19	1916.34	1886.12	1898.3	1908.56	1872.44	1867.33	1858.12	1891.98	1923.53	1903.17	1859.45	1940.17	1984.8	1917.92	1929.27	1843.9	1908.02	1920.68	1933.78	1891.35	1873.12
1974.19	1943.78	1980.3	1961.66	1987.66	1940.25	1847.45	1987.93	1822.26	1939.7	1888.68	1941.8	1909.87	1922.74	1933.78	1897.3	1892.38	1883.27	1915.63	1947.71	1927.37	1884.11	1962.81	2001.29	1941.94	1952.16	1869.59	1932.56	1945.23	1956.79	1916.28	1898.54
1988.85	1964.28	1997.17	1980.54	2003	1962.14	1870.19	2002.86	1845.34	1960.74	1911.89	1962.65	1933.06	1945.83	1955.94	1919.98	1915.51	1905.87	1939.06	1967.97	1949.63	1907.41	1982.15	2012.4	1963.79	1972.29	1893.75	1954.36	1966.54	1976.12	1939.36	1920.89
1999.6	1980.32	2008.54	1995.25	2012.13	1979.5	1889.89	2012.47	1868.35	1978.32	1933.99	1979.73	1953.78	1965.15	1974.04	1941.91	1936.25	1928.52	1959.17	1984.89	1969.33	1929.02	1999.16	2019.69	1981.4	1989.11	1915.18	1973.23	1984.45	1992.28	1959.63	1943.31
2010.24	1996.36	2017.07	2007.88	2019.64	1996.41	1911.25	2020.19	1892.86	1994.99	1956.13	1996.18	1973.49	1983.3	1991.35	1963.21	1958.18	1950.98	1978.32	2000.04	1987.05	1950.97	2012.23	2024.15	1998.41	2003.91	1938.25	1990.42	2000.75	2005.16	1978.66	1964.84
2018.06	2007.87	2021.57	2015.32	2023.3	2007.3	1929.75	2023.94	1913.82	2006.45	1974.37	2007.14	1989.67	1997.62	2003.98	1980.44	1976.27	1969.99	1994.47	2009.97	2001.2	1970.11	2020.59	2026.43	2009.97	2013.79	1958.41	2003.25	2011.79	2013.24	1994.23	1982.9
2024.61	2016.28	2024.77	2020.81	2025.68	2016.32	1949.33	2026.49	1937.87	2014.68	1991.16	2014.41	2002.69	2008.83	2013.54	1996.54	1993.24	1988.48	2006.68	2016.73	2011.53	1987.69	2026.02	2028.11	2017.73	2021.26	1977.55	2012.62	2019.91	2018.78	2006.39	1999.56
2028.7	2020.78	2026.08	2023.33	2026.74	2021.16	1965.6	2027.96	1957.08	2019.59	2002.98	2018.81	2010.52	2014.85	2019.25	2007.05	2005.47	2002.74	2014.16	2020.77	2017.53	2001.1	2028.97	2029.05	2022.12	2025.3	1992.91	2018.08	2023.96	2021.58	2013.89	2011.07
