allch_pt_fdt_means1	allch_pt_fdt_means2	allch_pt_fdt_means3	allch_pt_fdt_means4	allch_pt_fdt_means5	allch_pt_fdt_means6	allch_pt_fdt_means7	allch_pt_fdt_means8	allch_pt_fdt_means9	allch_pt_fdt_means10	allch_pt_fdt_means11	allch_pt_fdt_means12	allch_pt_fdt_means13	allch_pt_fdt_means14	allch_pt_fdt_means15	allch_pt_fdt_means16	allch_pt_fdt_means17	allch_pt_fdt_means18	allch_pt_fdt_means19	allch_pt_fdt_means20	allch_pt_fdt_means21	allch_pt_fdt_means22	allch_pt_fdt_means23	allch_pt_fdt_means24	allch_pt_fdt_means25	allch_pt_fdt_means26	allch_pt_fdt_means27	allch_pt_fdt_means28	allch_pt_fdt_means29	allch_pt_fdt_means30	allch_pt_fdt_means31	allch_pt_fdt_means32
140.62	145.92	149.31	138.06	164.52	107.63	120.57	147.17	96.52	123.05	106.96	118.4	135.1	146.5	133.46	130.44	121.67	121.02	121.55	145.08	154.24	112.16	143.21	166.67	137.08	148.39	120.47	101.21	132.82	138.78	137.42	82.89
149.65	157.11	161.31	150.19	177.92	119.71	132.48	159.45	104.68	131.69	116.26	128.41	143.27	155.06	142.26	139.64	131.3	130.42	130.87	153.69	163.5	121.16	151.56	176.24	146.57	157.64	129.49	109.34	141.58	147.52	146.22	90.42
160.85	170.12	175.37	164.36	192.52	134.65	146.13	174.16	114.98	141.6	126.7	137.86	153.56	166.12	152.73	150.42	141.44	140.51	140.78	164.36	173.77	131.46	161.8	186.4	156.45	167.17	139.21	119.43	151.44	157.56	156.44	99.9
171.79	183.7	189.46	178.17	206.21	147.41	159.67	188.77	124.95	151.46	136.59	148.25	164.08	176.89	163.08	161.12	151.8	150.18	150.98	174.9	184.19	140.93	172.27	196.81	167.85	177.91	148.75	130	161.87	168.19	166.41	109.89
182.81	196.65	202.76	192.03	219.58	160.76	172.97	202.04	135.19	161.22	146.92	158.36	174.29	187.49	173.45	171.53	161.98	160.64	161.38	185.45	195.12	150.8	182.53	206.34	177.95	188.21	158.59	139.05	171.88	178.33	177.33	119.87
194.15	209.07	215.57	204.74	233.07	174.81	186.2	215.43	145	171.6	157.18	168.88	184.84	198.29	184.15	182.92	173.15	170.62	171.92	196.43	205.36	161.41	193.08	217.14	189.15	198.51	169.27	149.14	183.23	189.22	187.39	130.77
204.85	220.39	227.75	216.92	245.8	186.53	198.61	228.21	154.35	182.01	167.39	179.26	195.53	208.28	194.6	193.3	183.39	181.06	182.46	206.41	214.97	170.97	202.68	227.36	199.43	208.71	178.76	159.47	193.32	199.32	197.2	140.08
215.89	232.7	240.32	228.92	259.53	199.72	209.34	240.56	164.02	191.88	177.68	189.86	204.99	218.41	204.3	203.31	193.72	191.23	192.7	216.19	225.16	181.26	212.23	237.43	209.43	218.45	188.42	168.94	203.09	209.01	207.16	150.01
226.04	244	253.04	240.58	270.55	210.85	220.3	254.19	173.68	201.58	187.85	199.9	214.9	228.43	214.75	213.63	203.49	200.59	202.21	226.13	235.11	191.37	222.41	247.9	219.67	228.22	198.62	179.27	213.39	219.01	216.44	160.38
236.63	257.17	265.54	253.97	283.06	223.19	232.06	267.16	184.15	211.7	198.05	209.98	225.19	238.64	225.15	223.88	213.34	210.67	212.36	236.1	245.55	201.25	232.72	260.31	230.1	238.37	207.94	189.87	223.59	229.41	226.26	170.06
333.77	355.03	368.23	356.6	385.97	327.95	326.27	371.7	273.09	307.19	292.46	307.57	319.61	333.79	322.75	318.66	307.33	302.87	307.64	332.42	338.56	293.96	328.29	356.87	325.53	333.34	298.24	285.93	318.99	325.91	318.41	266.18
414.82	434.76	452.12	439.61	467.48	410.37	396.8	456.62	345.93	391.02	372.52	392.35	399.49	414.5	405.03	397.9	386.07	380.51	389.14	415.36	417.47	372.16	411.22	444.72	405.96	415.29	373.89	370.48	401.18	410.02	395.32	347.86
481.02	499.17	519.9	506.73	534.93	477.73	452.97	526.1	406.28	461.54	439.89	464.3	466.31	481.43	474.37	463.23	451.5	445.36	457.01	484.95	482.93	437.7	481.7	519.86	473.6	484.49	436.78	442.98	469.85	481.63	459.57	417.38
536.98	553.22	575.19	562.09	589.79	533.25	499.12	582.44	456.74	521.52	495.44	524.58	522.71	536.81	533.07	518.53	505.17	498.98	514	544	537.85	491.8	540.58	582	530.58	543.25	488.57	503.39	528.19	541.31	514.08	474.85
583.25	596.36	620.45	607.21	634.7	578.86	538.46	628.2	498.19	570.32	541.78	574.64	568.54	582.61	580.65	563.24	550.62	544.02	559.79	591.52	583.39	537.21	588.76	632.91	577.15	590.45	532.06	553.73	575.48	590.3	558.08	523.58
621.5	633.9	659.27	645.82	673.1	616.94	571.4	667.08	534.45	610.87	580.34	615.53	606.66	620.86	620.21	600.94	588.37	581.88	599.03	631.76	621.58	575.12	629.62	676.19	616.01	630.45	568.98	595.58	615.13	631.54	595.73	563.68
655.28	665.7	691.81	677.8	705.84	650.03	599.65	700.92	565.23	646.51	613.38	651.28	640.47	654.01	654.85	633.58	620.87	613.79	632.89	666.21	654.61	607.25	664.29	712.52	649.4	664.66	600.38	631.05	649.82	666.99	627.61	597.67
684.18	693.37	720.43	707.08	733.55	678.14	625.05	729.73	591.92	676.23	642.84	681.43	669.08	682.42	684.02	662.12	649.7	642.54	662.05	696.22	682.84	636.38	694.18	743.74	678.79	694.53	628.01	662	679.04	697.14	656.3	627.55
710.27	718.01	745.86	731.19	759.2	703.72	647.88	755.57	615.63	702.8	668.07	708.65	694.41	708.17	710.03	686.93	674.44	667.06	687.33	722.21	708.29	661.29	720.42	772.71	704.29	720.21	652.61	688.82	705.78	723.94	680.75	653.67
753.74	759.78	789.97	775.51	803.22	746.29	686.17	799.62	657.41	747.23	711.06	753.18	737.43	750.71	754.11	729.16	716.58	709.48	730.68	766.68	750.61	703.41	765.07	818.54	747.13	764.31	693.83	733.85	749.03	769.55	722.7	697.62
790.91	796.3	825.28	810.47	838.46	783.3	718.67	835.93	690.78	785.76	746.01	791.65	774.25	787.78	791.45	764.05	751.45	744.4	767.04	803.67	787.24	738.45	802.59	855.75	784.2	801.8	727.78	772.41	786.49	805.88	758.04	733.36
821.54	825.41	855.3	840.5	867.8	812.88	746.37	865.77	719.54	816.28	777.27	822.29	803.96	817.39	821.96	795.56	782.46	775.44	798.12	834.28	817.51	769.32	833.59	886.84	814.03	831.91	756.78	803.25	817	836.61	788.49	764.16
847.9	851.25	882.13	866.38	894.55	839.02	772.53	892.27	745.39	843.21	803.7	849.27	830.36	843.14	848.44	821.29	808.59	801.13	824.4	860.85	843.31	795.32	859.63	914.31	840.52	858.18	783.85	830.15	843.57	863.21	814.83	791.66
871.18	873.82	904.94	889.46	917.44	861.94	794.22	915.57	768.46	866.86	826.5	873.09	853.29	866.42	871.43	844.17	831.32	823.78	847.3	883.84	866.41	818.38	883.23	938.57	863.8	881.9	806.32	853.88	866.89	886.89	836.97	814.55
1022.25	1021.61	1053.83	1038.01	1066.14	1010.95	937.36	1065.47	914.65	1017.8	975.01	1023.77	1002.1	1014.43	1021.16	991.84	978.73	970.69	996.05	1033.62	1014.61	966.06	1033.75	1089.94	1012.59	1030.64	952.79	1004.13	1015.97	1036.81	984.62	963.65
1112.95	1110.7	1143.37	1127.19	1155.77	1100.17	1025.1	1155.39	1003.88	1107.39	1064.29	1113.89	1090.97	1103.84	1110.24	1080.63	1067.05	1059.48	1085.27	1123.04	1103.81	1055.06	1123.01	1180.19	1101.81	1119.62	1040.81	1093.67	1104.27	1126.09	1073.08	1052.16
1180.61	1176.84	1210.65	1193.79	1222.24	1167.57	1090.77	1222.42	1069.74	1174.76	1130.5	1180.95	1157.87	1170.81	1177.35	1147.14	1132.75	1125.4	1151.86	1189.67	1171.09	1121.12	1190.13	1247.12	1168.53	1186.24	1107.22	1160.54	1170.88	1192.67	1139.48	1118.62
1236.66	1231.7	1265.64	1248.51	1277.51	1221.95	1145.29	1277.43	1124.84	1229.53	1185.67	1235.97	1212.35	1225.22	1231.88	1201.55	1187.91	1179.86	1206.36	1243.64	1224.97	1175.75	1244.53	1303.11	1222.91	1240.52	1161.73	1214.13	1225.44	1246.99	1193.89	1172.99
1285.78	1280.08	1314.51	1297.49	1325.95	1269.57	1193.05	1326.12	1172.64	1277.15	1233.46	1285.18	1259.86	1272.19	1279.73	1249.12	1234.52	1227.32	1253.49	1292.61	1272.82	1223.59	1293.8	1350.54	1270.33	1289.22	1208.69	1261.93	1272.99	1295.63	1241.76	1220.05
1327.93	1322.66	1356.88	1339.46	1368.75	1313.66	1235.36	1368.86	1215.48	1320.62	1275.73	1327.26	1303.49	1316.85	1323.26	1292.62	1276.91	1269.07	1297.5	1334.75	1316.52	1265.69	1336.13	1392.81	1314.23	1331.06	1251.16	1305.56	1316.8	1337.89	1285.14	1261.68
1367.28	1361.66	1395.83	1378.2	1407.49	1352.05	1273.67	1407.41	1254.13	1359.48	1316.15	1366.57	1342.38	1355.23	1362.34	1331.88	1316.66	1309.3	1335.79	1373.47	1355.08	1305.47	1374.87	1431.5	1352.72	1369.33	1290.89	1343.74	1355.13	1376.56	1324.18	1301.6
1403.04	1397.25	1432.12	1414.39	1444.26	1388.38	1311.43	1443.77	1291.96	1396.09	1352.56	1402.38	1378.94	1391.76	1398.35	1367.76	1352.54	1345.57	1372.21	1409.39	1391.36	1342.22	1411.56	1467.39	1388.98	1405.02	1326.99	1380.32	1391.36	1412.55	1361.75	1337.47
1438.18	1431.15	1466	1448.2	1477.44	1422.45	1344.63	1477.75	1325.4	1429.97	1385.89	1436.64	1412.96	1426.02	1432.27	1401.46	1386.15	1378.94	1405.97	1443.98	1425.23	1376.09	1445.02	1501.2	1423.12	1439.08	1360.84	1413.73	1425.58	1445.92	1394.07	1371.29
1470.11	1463.16	1498.66	1480.14	1510.18	1454.69	1377.37	1510.02	1358.2	1462	1418.51	1468.92	1445.13	1458.22	1464.33	1434.29	1418.32	1411.45	1438.5	1476.01	1457.67	1408.46	1477.26	1533.39	1455.53	1471.32	1392.59	1446.07	1457.35	1477.83	1427.05	1403.07
1500.97	1494.04	1528.93	1511.01	1541.65	1485.13	1408.3	1541.35	1388.37	1492.77	1449.36	1499.84	1475.95	1488.52	1495.18	1464.07	1449.24	1442.19	1469.3	1505.97	1488.74	1439.3	1508.13	1564.47	1485.77	1501.62	1423.95	1476.34	1488.22	1508.51	1457.21	1433.95
1530.49	1523.6	1559.48	1540.76	1571.2	1515	1437.97	1571.33	1418.61	1522.29	1478.55	1529.09	1505.16	1518.52	1524.43	1494.58	1478.08	1471.68	1499.01	1536.06	1517.58	1468.14	1538.32	1593.25	1515.32	1530.76	1453.04	1505.87	1517.37	1538.39	1486.16	1463.23
1560.18	1553.08	1588.03	1569.95	1599.36	1544	1466.96	1599.86	1447.87	1551.75	1507.88	1558.86	1534.03	1547.87	1554.31	1522.82	1507.33	1500.24	1527.5	1565.27	1547.24	1497.39	1566.74	1622.11	1544.95	1559.91	1482.06	1534.03	1546.9	1566.97	1515.57	1491.72
1587.75	1580.29	1615.74	1596.67	1627.03	1572.01	1494.38	1627.19	1475.25	1579.38	1535.15	1586.7	1562.38	1575.65	1581.2	1551.49	1534.77	1527.52	1555.81	1592.53	1575.13	1525.04	1593.98	1649.29	1572.87	1587.19	1509.41	1562.04	1574.5	1594.12	1543.69	1518.87
1614.7	1607.08	1642.51	1623.83	1653.73	1598.47	1521.78	1653.95	1502.36	1605.95	1563.02	1613.27	1589.17	1602.79	1608.72	1578.4	1562.42	1555.74	1582.43	1619.56	1601.58	1552.6	1621.11	1676.15	1598.98	1613.88	1536.56	1588.68	1601.03	1621.12	1571.1	1546.46
1641.05	1633.37	1669.12	1649.75	1680.33	1624.83	1548.37	1680.43	1528.94	1632.27	1589.14	1640.08	1615.5	1629.23	1635.2	1604.63	1588.16	1581.36	1608.71	1645.39	1628.05	1578.64	1646.68	1702.5	1625.53	1639.61	1562.81	1614.47	1627.38	1646.64	1596.36	1572.45
1666.75	1658.6	1694.46	1675.67	1705.53	1650.61	1574.98	1705.81	1555.9	1657.8	1614.84	1665.28	1641.2	1654.59	1659.91	1630.39	1613.61	1607.15	1634.72	1670.82	1653.98	1604.3	1672.93	1727.22	1651	1665.26	1588.5	1640.41	1652.63	1672.31	1622.85	1597.85
1691.99	1684.1	1719.32	1700.88	1730.38	1675.59	1599.39	1730.56	1580.88	1683.4	1640.55	1690.45	1666.37	1680.3	1686.24	1655.18	1638.62	1631.9	1659.43	1696.27	1679.3	1629.28	1698.03	1752.3	1676.5	1690.19	1613.98	1665.09	1678.14	1697.58	1647.76	1623.13
1716.53	1708.42	1743.95	1724.73	1754.95	1700.58	1624.97	1755.21	1605.55	1707.89	1664.9	1715.2	1691.28	1704.85	1710.49	1680.57	1663.5	1656.17	1684.74	1720.1	1703.8	1653.81	1721.82	1776.61	1701.64	1714.67	1638.71	1690.02	1703.11	1721.32	1672.27	1647.57
1739.44	1732.25	1767.65	1749.15	1778.46	1723.7	1648.64	1778.87	1629.92	1731.64	1689.67	1739.13	1715.21	1728.68	1734.69	1704.9	1687.66	1681.03	1708.47	1743.9	1727.15	1678.44	1746.23	1802.11	1724.89	1738.12	1662.73	1713.4	1726.41	1745.46	1696.82	1671.55
1762.51	1756.11	1791.52	1772.49	1803.55	1748.06	1672.53	1804.31	1653.88	1755.2	1713.22	1762.31	1739.35	1752.49	1757.8	1727.69	1710.95	1704.65	1731.94	1767.36	1751.56	1702.37	1769.56	1825.93	1748.74	1762.02	1686.65	1736.44	1751.82	1768.76	1720.16	1695.44
1784.02	1779.15	1815.99	1797.2	1827.25	1771.29	1696.51	1827.65	1678.11	1779.03	1736.68	1785.76	1762.66	1775.36	1781.37	1752.03	1734.1	1727.62	1755.68	1790.91	1774.73	1725.17	1793.85	1848.62	1772.34	1784.55	1710.35	1759.55	1774.98	1792.7	1744.17	1718.43
1806.99	1803.44	1838.69	1820.1	1849.84	1795.48	1719.49	1850.51	1701.9	1803.19	1759.49	1810.28	1785.64	1800.06	1805.99	1774.62	1757.22	1750.8	1778.5	1815.18	1799.35	1748.83	1817.14	1871.81	1797.1	1809.69	1733.31	1782.33	1798.86	1816.46	1767.51	1741.71
1827.68	1825.5	1861.09	1842.5	1873.24	1818.34	1741.81	1873.83	1724.52	1826.31	1782.43	1832.9	1809.75	1823.55	1828.88	1799.37	1779.6	1773.53	1803.08	1837.53	1822.41	1771.29	1839.95	1894.53	1819.47	1832.13	1756.42	1806.6	1821.9	1838.82	1790.04	1764.55
1847.38	1847.94	1884	1864.29	1895.18	1840.67	1764.16	1895.88	1747.61	1848.01	1806.28	1855.12	1832.66	1845.59	1850.46	1821.54	1803.17	1796.79	1825.46	1859.48	1844.48	1794.65	1862.47	1915.69	1841.97	1853.45	1778.82	1829.04	1843.86	1860.53	1814.07	1785.97
1866.69	1869.48	1905.31	1886.95	1915.93	1862.66	1785.27	1916.98	1769.57	1870.06	1828.9	1877.95	1854	1868.13	1873.41	1843.85	1825.56	1819.63	1847.11	1881.95	1866.42	1817.28	1885	1937.76	1863.85	1876.04	1802.36	1850.34	1866.12	1883.06	1835.55	1810.26
1884.79	1890.85	1927	1908.28	1938.09	1885.05	1809.55	1938.4	1792.58	1892.65	1850.87	1900	1877.07	1890.6	1895.41	1865.91	1847.28	1841.51	1869.43	1903.49	1888.7	1839.58	1906.44	1957.88	1886.7	1898.09	1824.85	1872.65	1888.2	1905.02	1857.78	1832.11
1901.91	1910.87	1947.43	1930.1	1957.83	1906.21	1830.5	1958.3	1815.85	1913.69	1872.94	1920.8	1898.81	1911.54	1915.84	1888.08	1868.97	1863.33	1891.26	1925.04	1910.25	1861.48	1927.77	1975.45	1907.53	1918.73	1846.73	1894.06	1909.64	1926.06	1879.54	1853.51
1917.34	1931.4	1966.01	1949.97	1975.71	1927.61	1851.01	1975.33	1837.18	1935.28	1894.87	1942.01	1919.76	1933.11	1938.4	1909.32	1890.73	1884.95	1912.47	1945.87	1931.89	1883.24	1948.66	1991.31	1929.46	1940.05	1868.63	1915.11	1931.19	1946.28	1901.6	1875.69
1933.33	1949.82	1982.05	1967.92	1990.64	1947.72	1870.35	1990.32	1858.89	1955.18	1915.2	1961.1	1940.41	1952.76	1957.45	1929.84	1911.27	1905.8	1933.39	1963.97	1951.63	1904.04	1967.23	2003.96	1949.58	1959.09	1889.85	1935.75	1951.53	1965.14	1921.97	1896.74
1947.97	1967.18	1996.58	1983.32	2003.05	1965.41	1887.84	2002.66	1880.43	1972.33	1936.84	1977.56	1959.13	1970.45	1974.73	1949.58	1932.08	1926.75	1952.96	1980.14	1969.72	1924.61	1984.24	2012.9	1968.26	1976	1910.66	1955.4	1969.5	1980.86	1942.53	1916.63
