0.5038713928341778
0.6803773354817793
0.19812314506314266
0.12255011356656809
0.0008533542780000403
0.6067440643525259
0.07970808975706234
0.8571938996220467
0.06803593822341725
0.7871746052803701
0.11011718212037636
0.9630721110364675
0.15627822685854653
0.04484872355931202
1.279027600999143
0.49851011273767654
4.978384329674327
1.3693081267202842
1.2851728440191437
1.1032215778545833
1.535309271613869
7.435862865751233
7.000649887771942
13.676661658051216
9.345994383093966
41.12722315595602
18.15294451817499
21.491993239720614
13.746645125327632
27.457645608654275
23.46348134885193
49.08149338246221
25.606703155292053
24.26786486326091
45.21760812746288
56.84539093025887
48.53039217054902
51.44432459583186
39.463402070789016
9.594155306131142
29.55680295710772
23.155613521645137
45.92028278203361
36.74084647533891
39.01016028202139
63.33031797285366
16.91749173358403
30.526081048148626
19.117117534420686
32.13726608138677
14.792193378576485
22.409764546799124
15.097555901629676
16.607311491792643
