16.316128607165822
24.54962266451822
33.44187685493686
41.92744988643343
50.460853354278
58.26325593564748
67.35970808975706
76.54719389962204
84.16803593822341
167.41282539471962
252.41011718212036
335.4369278889635
420.34372177314145
504.6448487235593
587.4209723990008
673.2985101127376
761.8783843296743
842.3693081267203
1007.9148271559808
1178.5032215778544
1347.1353092716138
1521.2358628657512
1674.999350112228
3350.323338341949
5055.345994383094
6769.127223155956
8391.847055481825
10113.49199323972
11787.746645125326
13483.457645608654
15114.53651865115
16770.918506617538
18476.393296844708
20159.73213513674
21911.217608127463
23491.154609069737
25181.46960782945
26963.444324595832
28633.46340207079
30266.405844693872
31987.556802957104
33663.155613521645
35276.07971721797
36967.25915352466
38725.01016028202
40431.330317972854
42066.917491733584
43701.47391895185
45394.88288246558
47063.862733918606
48792.79219337858
50482.4097645468
52157.09755590164
53782.53868723776
