0.11256786115927397
0.34392852026546095
0.4611711170019106
0.33570352791750935
0.32422476773474784
0.5585957892921556
1.029368617891862
1.164646364838248
1.823091235028059
1.604181221119262
2.7046503276965836
6.883334646347464
11.121324807603855
0.5047345736383022
6.115522541814698
1.142204361779818
2.5658301546634448
8.595858747723014
5.605936685643428
9.27345869179112
1.9917120761253955
20.76208569207847
1.0983422697242986
22.407366503136927
35.998131735497736
21.75219087159803
19.50547003982865
17.67582271739593
17.332786395900257
57.81682227250167
86.18343269805337
95.77172946415521
33.34850944234131
48.945710115116526
3.2921444140047242
71.16635220948592
26.881490864114312
1.4599013769657176
28.45364476602481
49.40536399589473
1.226766370335099
52.234310668034595
42.60066860348161
82.5034967376123
4.66929272012203
124.45703372369462
124.48490860856691
74.09495502879145
127.30342576737894
58.469032366956526
38.41792442721635
35.50984981060901
143.1601617316992
157.47617790486913
