0.09812230472703999
0.11608902809856
0.13484054020095998
0.1540405504
0.17280183419136003
0.19322846642176
0.21243692191744
0.23060740665600002
0.24954101086464
0.4078079164825601
0.5343586608025599
0.6436788716160002
0.73976237691136
0.8406542643840003
0.9157816284390401
0.9935623941760002
1.06381236400384
1.1303908377625602
1.24062528848896
1.3424540649062404
1.42849921536256
1.5194723704934403
1.5851212882560004
2.1355824023142405
2.5190463922201602
2.84334058635264
3.117145615936
3.3621652381926395
3.6014747991270393
3.8144902371840006
4.047068858595839
4.25568513593344
4.442719666175999
4.639688428840959
4.84069698509056
5.02621963469824
5.222789885237761
5.41616517294336
5.602052768463361
5.799465771264001
5.98220374599936
6.1648917264000005
6.35458590556416
6.55769664
6.738576360778239
6.91432494370816
7.133924757104639
7.3205310999040005
7.520161025597439
7.706931090496001
7.8916405978009605
8.08934622034176
8.27541669816576
8.492197951733761
