0.10678464555264001
0.11705047357696001
0.12693315821824
0.13760776040704004
0.14842834969600005
0.15818501653504
0.16953970950400002
0.18166280644864002
0.19439069368576
0.2895750680422805
0.45054810194944017
0.5727995199590401
0.6821940632601602
0.7805453918310401
-0.08360072046630618
0.25390697475962853
0.23384901845300332
1.0810176783999998
1.191293663296
1.2880797240960005
1.3776749775359998
1.4548296650342405
1.5225980520960003
2.01840894813184
1.3702939341991422
2.6296799649894402
2.8745276444262404
3.09741414678784
1.0318093912725659
3.498019097520641
3.6091763590275234
1.9977706510881923
4.041335038371841
4.220033449984
4.38842836427776
4.555458459904001
4.71643030414336
3.6506855932973155
0.3310530163254368
5.21732112199936
1.4108653931411248
3.3203945421559786
5.4758754861457355
5.87251084093696
6.038814760000001
6.204108551703041
6.36816934093824
6.544812931402241
1.700877381671158
6.8862157056000015
7.0488126016
2.896548425277688
7.394814386544638
7.57082709098496
