0.10678464555264001
0.11705047357696001
0.12693315821824
0.13760776040704004
0.14842834969600005
0.15818501653504
0.16953970950400002
0.18166280644864002
0.19439069368576
0.31886169542656
0.45054810194944017
0.5727995199590401
0.6821940632601602
0.7805453918310401
0.87557491270656
0.9522480922240003
1.0238234234905599
1.0810176783999998
1.191293663296
1.2880797240960005
1.3776749775359998
1.4548296650342405
1.5225980520960003
2.01840894813184
2.349157028416
2.6296799649894402
2.8745276444262404
3.09741414678784
3.3093838549094396
3.498019097520641
3.67431852294144
3.8537773148160004
4.041335038371841
4.220033449984
4.38842836427776
4.555458459904001
4.71643030414336
4.878486445916161
5.03932817608704
5.21732112199936
5.39676759131136
5.5582324941721595
5.72022506328064
5.87251084093696
6.038814760000001
6.204108551703041
6.36816934093824
6.544812931402241
6.727433237916159
6.8862157056000015
7.0488126016
7.210187336112641
7.394814386544638
7.57082709098496
