0.825021944837939
0.887525263770506
0.3735818576512031
0.2457835306276479
0.0054069802632099595
1.207732546697926
1.4183833552738179
1.256109320954593
0.8401353082989829
3.880159417575186
3.9708047907523962
4.842885391049833
6.2441418333580145
6.670261049407259
0.730698677920941
0.3942727962562458
1.4926555310412368
7.273705560366125
11.493984089571882
12.853851552929427
5.081426576790591
3.537056157859979
7.700915220375464
2.5145483852093093
44.74559671498082
24.13641363286206
7.999407963083286
9.420623656194948
64.02000694482376
14.20974186341482
78.11707728772672
87.3299204696159
28.19497598723683
96.76395509245049
90.99288287444142
90.94221757659398
42.98667263767129
14.580166037118033
21.573966156436654
119.1827193156314
272.5919282122668
237.47739256920613
201.30653388520295
59.17246269842872
49.32042533155618
18.400336364073155
36.487377335077326
19.659775293614075
118.96722136827884
27.551986249163747
150.2481250274941
297.8673588793754
240.6040612789293
264.66446740682227
