0.20230161247337364
0.47744095316031476
0.15681939068068118
0.22680486252099996
0.17656330709840518
0.8731133355903111
0.902066882997616
0.5549040865185617
0.04613354941994885
1.5167894475740695
0.39009354923649653
0.2415116059790421
0.7512480560837957
0.3892086560929897
7.732876551354934
7.125015958191625
9.406099895087209
0.8675808343388098
3.213931720096525
4.874748507344293
2.192826087974481
2.775158213302575
2.5008229106942963
7.808856342755462
47.157918162254646
13.462761760141802
16.732848370449574
42.77256327916439
97.74815729194597
40.48670967234102
65.1373999613188
92.91764146016067
0.25464931984242867
45.34590528725312
18.64764776035736
0.045289248795597814
62.92960956879688
102.59828157455922
145.70096463689333
7.401063384688314
149.19756671388677
121.73339022036089
97.5982188528651
29.46801866570604
19.01085669748136
26.09529921784997
54.0755741560497
34.27170626253064
169.967571783498
57.3241720382357
28.805409109059838
138.4998901543222
36.13697673223942
39.750674405463364
