0.11153338545228664
0.3935317045028732
0.2788472463409519
0.0729603743449232
0.22849360512734762
0.6624414425775171
1.0361785126710146
1.0356123123090129
1.0962283097594678
0.01437760672806121
1.9928831254930799
6.922061691651095
10.451282469286298
0.21515883647765577
1.4766677359906453
4.926104056269082
2.4656221863692735
12.051841533838115
3.664230019354136
6.553149045446844
4.517699321254668
21.045672505463926
4.625428482273719
34.173374002773016
16.61063316291711
17.76128598737978
20.606784349221925
6.5042052400949615
4.6124071872473
39.454418238441576
64.74395572264984
23.366652448661625
35.472182040150074
30.85794089929186
18.20535367641787
13.585568497419445
24.664983989445318
15.563594748822652
72.99278955255068
114.45360823583542
3.1251212848510477
64.04151207943505
49.453708420063776
103.14991535006266
43.83112793554028
108.57033335796586
136.79435898676456
59.21433654073189
66.21400887311756
63.2524458085245
13.676097860232403
21.877313562312338
84.7018273853464
93.17201012388105
