0.10566036295936
0.123965959744
0.14304008100096
0.16210093182976001
0.18109314294016
0.20004937945344
0.21853156669696003
0.23589438754816
0.25305246106624
0.40473415344384006
0.53060851666944
0.635374786816
0.7293843216
0.8274420187545602
0.9040297677030402
0.9726567137689602
1.0442256543769604
1.1117188714086403
1.2158537828377602
1.3151062032486402
1.4019924001177602
1.4898096776217598
1.55236449009664
2.0887232823705597
2.4708972755174403
2.784941501647361
3.0559235344000006
3.3018320585113603
3.53313073797376
3.7505497006489597
3.9774781915545607
4.17970874480896
4.375239010531841
4.574636545600001
4.771938889738241
4.96595196461056
5.161991270402561
5.35131617599744
5.530797674519041
5.740700992576
5.916779921226239
6.097778319424001
6.28812195472384
6.494391489372162
6.6674924253414405
6.85051474086144
7.0696683796710404
7.239517779479041
7.4472663450239995
7.641500445736962
7.8283831864550395
8.02460173641984
8.215781170178559
8.429332056893438
