0.56356412238177
0.6064194073019777
0.29458413516896087
0.06410572576859153
0.4802462376526577
0.9960039939938383
1.421563367392153
1.4469570260379783
1.5134044256784733
0.19996930573080363
3.4488207966552977
9.797389474303031
14.848967835768121
5.9744635689879715
9.174705512235164
14.026400411334748
8.114084331608751
0.09764573930920051
10.273577436234063
8.976215485320836
12.026223150029637
3.967306791150577
21.715243796896175
35.599922416401114
2.0136753558845157
44.659012968389106
44.90206550777111
22.37322762475378
0.8498112869001488
43.78107226225984
51.76503242508443
4.745230909004022
57.48210993070461
54.30996329795744
41.336540884509304
35.0429544388644
5.89477884405278
0.006904081514221616
85.26334256630798
106.06009405225268
2.213815821309254
66.59246455284301
49.59155517708132
104.90578884116258
41.13127213417465
105.55325727807212
139.24328775943286
57.92039827816916
65.2582855554574
59.383415167729254
21.057534480023605
33.658875446730235
101.4329509136951
111.57624600506462
