0.10566036295936
0.123965959744
0.14304008100096
0.16210093182976001
0.18109314294016
0.20004937945344
0.1562089914176647
0.18302759802460156
0.25305246106624
0.40473415344384006
0.53060851666944
-0.42950059248980743
-1.4170008618978187
0.8274420187545602
0.9040297677030402
0.7811381946898126
1.0442256543769604
0.04191847408236926
1.2158537828377602
1.3151062032486402
1.4019924001177602
0.2766259926720114
1.55236449009664
1.1376722926913505
2.4708972755174403
2.784941501647361
3.0559235344000006
3.3018320585113603
3.53313073797376
3.7505497006489597
3.5760181309655024
4.17970874480896
4.375239010531841
4.574636545600001
4.771938889738241
4.96595196461056
5.161991270402561
5.35131617599744
5.023577413709093
3.4058447121582485
5.916779921226239
6.097778319424001
6.28812195472384
5.396310969348599
6.6674924253414405
3.213627062583336
3.8011618872680426
7.239517779479041
7.4472663450239995
7.641500445736962
7.8283831864550395
8.02460173641984
7.810660719293489
8.01368140447052
