0.04769786112256001
0.05517312418816001
0.06182821494784
0.068631424576
0.07690815725823999
0.08468006880255999
0.09251525223424001
0.10040685039616
0.10985459482623999
0.19678805766400004
0.28730457606400006
0.37123966587136004
0.4464933782425601
0.515512512064
0.57972021412096
0.637480883776
0.6876124421759999
0.7337800068121599
0.8278583216358402
0.9005524118553602
0.96894570998016
1.03231777372416
1.08622086084864
1.4944104075366402
1.779534656064
2.02696952660224
2.2289152292070398
2.4188859246182397
2.5989463707750406
2.77232623292416
2.9315630918886404
3.0892421253760003
3.2569565276160013
3.4225888005760017
3.56988072880384
3.719121506805761
3.8635267509273596
4.020557545635841
4.16460995205376
4.31105158877184
4.46084137455616
4.610089940544001
4.753886004144639
4.8964625971430396
5.0623488011289615
5.2054284220646405
5.35652882718976
5.50747774976256
5.662617996175359
5.81142434754816
5.965771078051841
6.125189407744001
6.27559414890496
6.437465030656
