0.3606316443505193
0.5490522565687677
0.06887121043366307
0.524641962357272
0.2511381430616524
0.20069138199005465
0.003527580147903109
0.3161105222201712
0.7612577876676596
1.040572317795494
0.05485045463015581
0.14106445475215423
1.0862897164062701
1.3057805090771808
0.7221594185286904
1.7575523391238903
1.8884209396770757
5.992498512351517
8.219791358309863
0.73142934042653
1.1506509680516501
5.495453548016485
2.7855518833855513
26.25218137915408
40.36950159522439
50.61130957968726
9.615091734709495
3.9909575001765916
9.210093882382353
26.49025844251446
41.25193711173779
82.58151103576529
18.912262907051627
130.30989373759076
64.98913011279365
38.02861755759659
29.61846430876176
54.87625324309556
0.6057974272807769
22.12092610309992
4.536439588144276
7.122792159796518
44.715951970167225
113.50271202236036
75.76205658356048
1.5046798029507045
9.899549127025239
7.927337047374749
42.659830077063816
2.8894935712378356
1.3255147814270458
48.47317704142915
14.164923219919729
15.581415541911703
