0.3664728313821186
0.5488398818399745
0.07226081410551188
0.5187210557192472
0.25880529664421914
0.20885786525923322
0.011234875656285226
0.3097179074325851
0.7650958056825772
1.0915495067948484
0.18621049515309096
0.056409674001884014
1.3175593584572312
1.5330452296699377
0.539791877956759
1.657985412768312
1.8777454661042157
5.844660008883011
8.76622560272267
1.7059183920978285
2.628527398106371
7.526105377973863
0.22330880691583843
18.960875095647225
31.90746429169394
56.52789141274843
11.044389467237124
0.048489395589058404
0.0651266034492437
12.980727046047832
57.767830185286584
100.90825162022884
0.013520409123884747
112.03736457046762
48.169530948460306
23.31633030466037
41.88585489830439
45.49007998399975
6.128190206094587
26.319764661984664
6.457074705878767
7.034962945566804
43.537041484458314
111.61037149393087
77.75536182741052
2.932863303736667
10.069420111176441
6.169718972945702
38.242646808306745
10.477446715842234
10.159087008869392
32.35413369503658
35.184950788614515
38.70344586747597
