0.49900724620897563
0.67656712379598
0.1955138557793532
0.12114710124158279
0.0009845826740715324
0.6078264264743893
0.0771508740327107
0.8530831906341376
0.06258940573908944
0.8095367404038996
0.06797217435740777
1.0245963549681392
0.23619520660429316
0.05131282921252023
1.3890874878444492
0.37606063232533415
4.845106513759902
1.2277094005582967
1.4400608706863522
0.9389652595573352
1.365098947778506
7.262149598929227
7.175724578989502
13.82380050773736
9.229046561601535
41.01292937175913
18.288441933304057
21.317807686946253
13.52874340352173
27.19843858884815
23.752843961190592
49.38715259799574
25.91129112384442
24.55292922200897
44.97113579943107
57.04338873148663
48.66560758570267
51.38298867944832
39.473914737776795
9.515120932032005
29.70206877628516
23.355790424451698
45.679087427859486
36.4716324970359
39.29006031942845
63.60103413379693
17.160354741041374
30.33019823666109
18.990270411639358
32.098613510024734
14.718782115181966
22.207083392422646
14.74821771720599
16.223039488926588
