0.42446052124806855
0.3337482613587248
0.1490762666084109
0.2761990410026769
0.7127950510157106
0.08560156564175969
0.5662774003524476
0.35754399450736685
0.6090011984693575
1.197255127577563
1.9077167398246786
2.1557032886335605
0.010449401754783594
0.13676949449637732
1.290707243974225
2.645047182515782
6.341837046205228
0.3455826599727061
4.328724931464194
4.126823239404075
6.889579515934656
3.1751327258618858
3.0297727541933455
16.549687587239077
21.93527752580212
29.50767332117357
19.98929167069764
45.548378786394096
2.878570217950255
68.79928865630063
19.324474939616266
13.280031712234631
39.12707664947811
32.88419773136047
4.341977809548553
73.27743918931446
10.73379426495012
88.46821053406893
30.018058069959807
48.73118255623922
58.87706926267856
18.10211862966389
94.10342152397789
7.056051962113997
77.46048288433667
42.80195715472655
11.194033228064654
33.24716013226134
78.71188778831856
78.41023261639202
28.531785610350198
24.518902156036347
1.2978158961996087
1.4275974858195697
