0.11013477646336
0.12157327933696001
0.13392437946624003
0.14611842631936
0.15906824048896004
0.17043950778624
0.18422225420544
0.19689737785344005
0.21046220563456006
0.3176250464286145
0.3192585934915731
0.4536203997941224
0.7054145401881601
0.80038645530624
0.8865774159897599
0.9638589808742404
0.8449293212586388
1.0940858754073597
1.2084903911449603
1.3052751741849602
1.3857847718809602
1.4651649936
1.535874404416
2.0442960126054404
2.3794666727040004
2.65795373645824
2.9102667672601603
3.12560335749376
3.3415430529254406
2.333150182280868
3.73475104854016
3.9171249722598396
4.0957923446809605
4.274294921994241
4.453112857600001
4.617877796055041
4.7952660842521615
4.052745289665884
5.131884926248962
5.308003131228159
5.476955411868161
5.640777001024
5.816431945984
5.97471590605824
6.152138106780159
6.318257351887361
6.48318332713216
6.652231372864002
6.802920150988904
7.009523120540161
7.17308948325376
7.35457083353344
7.529140869184
7.69940848804864
