0.35786132212516364
0.294746760798521
0.15950337128499115
0.25952735741928734
0.6684363857914661
0.15342206162878824
0.47100643102955075
0.23792326503912875
0.46421789425245663
1.5455694750019688
2.383907210760043
2.682048665572438
0.5229557223081542
0.5912503363945234
0.9235922138519754
2.380727170541718
6.1893878503493625
0.2922637227637779
4.476781557636286
4.4349328626788065
6.469764846575345
2.6747465407497657
2.4887865918003627
16.60363181820003
21.586804752078024
27.24315121388372
25.30198651266619
37.23322041715073
13.877178744307457
81.52132819886174
32.61041495842437
0.4241900463021011
27.583301874863537
23.391673775739037
11.231474802396406
69.0840241472506
9.56058753452453
89.99444819610653
34.240664432949416
42.15172001557221
50.4762588237063
8.411400565702934
83.59649010726571
17.774235952005256
67.10380894977425
33.3509044876555
19.218971711852646
39.28855452352582
82.29283918600413
78.16568284415553
25.462683512501826
31.697606638954312
10.225928907981142
11.248521798779258
