0.5132904894368977
0.10536017291673261
0.6383784262986154
0.4379666987414055
0.049942791847740864
0.08678353906545766
0.2610301938751718
0.2568112526020201
0.7016086195873612
2.6192502258868444
2.8854753207381805
0.9165719525943246
0.6284391379308545
2.901840209711679
3.5593862549687856
4.571925799390556
5.41780870758771
8.026391337867494
4.1174806491407026
1.954953357057775
4.14085756348004
0.3189220721994843
2.641501377366467
47.622001371929855
4.825325276615331
0.8907908480632614
35.89091711297442
29.40368595740256
20.741581067246443
40.74315991422918
15.453805359746184
9.66497527541651
12.983306718477252
22.292955519234965
49.30754746764069
90.632300551566
50.819700944353826
53.65814610857342
67.84995642620561
86.7870473025323
64.13409517097898
0.29292485149926506
23.608645630687533
18.683705335679406
44.21865359565709
68.23685727539123
128.06931405148498
238.50216947022273
282.20470528982696
316.527319294888
286.0233016394923
71.59315440208593
233.7409316588819
233.7409316588819
