0.09112863637504001
0.10704936985600003
0.12354493890816001
0.13924480328704
0.15503685750784002
0.17208558822399997
0.18979336214784004
0.20636450365696002
0.22332958802176
0.4120898015555392
0.5944938793067345
0.76464251539456
0.925644106816
1.0745539595499942
1.2085410348012031
1.3327159589329503
1.4470259621862636
1.5560337073334916
1.7370315996372399
1.90191901656064
2.0471153836953606
2.18701980107776
2.31057997150464
3.195831138376869
3.8201984662758397
4.3126596309913605
4.7490844721105026
5.1367502736000015
5.498889928829439
5.848983952702474
6.176258803264
6.493315085762561
6.810845970983726
7.110439838064639
7.405730582947841
7.693655870094877
7.9907349198054405
8.27663186186496
8.557200455998412
8.834183003339202
9.114972464345053
9.39997336709376
9.676529146944002
9.946671320348427
10.220164494960642
10.492136774986243
10.76893972937787
11.053299718938225
11.326096634096073
11.596825839385192
11.856523306517952
12.086414391709216
12.303025808525799
12.465666280442646
