0.08762452500736001
0.09825466393600002
0.10819257661696
0.11879106705664003
0.12906142470144003
0.13970490994944001
0.15048316774656004
0.16211510427904002
0.17283110031616003
0.2856654497382401
0.39815494242304
0.5035276185702401
0.5950703024640002
0.67807187878144
0.7584375480422401
0.82293345978624
0.8828030597760003
0.9450826219929602
1.03923181609984
1.1244854863897602
1.20609243986176
1.27230819952896
1.33821585424384
1.8030430892953604
2.1152607437209605
2.3689445517337604
2.6077495656678398
2.80253313229824
3.0023185984
3.1973903003750404
3.368041257461761
3.54505031516416
3.7282234289766403
3.88091260801024
4.04062744121344
4.22198605590784
4.36456944968704
4.522686158256639
4.698101334108159
4.8485221480959995
5.01084285247744
5.16967167295744
5.35066477302016
5.48973147390976
5.652738296381442
5.818979009535998
5.971532843584002
6.13686863471616
6.322151037565441
6.45864890032384
6.626563302205438
6.813344504834561
6.958638809098239
7.121895641344
