0.08762452500736001
0.09825466393600002
0.10819257661696
0.11879106705664003
0.12906142470144003
0.13970490994944001
0.15048316774656004
0.16211510427904002
0.17283110031616003
0.1898202672429265
0.3026387878172032
0.5035276185702401
0.5950703024640002
0.67807187878144
0.5361091456362205
0.82293345978624
0.8828030597760003
0.42534841015250213
1.03923181609984
1.1244854863897602
1.20609243986176
1.27230819952896
1.33821585424384
1.8030430892953604
2.1152607437209605
2.3689445517337604
2.3954010584954477
2.724635742745793
3.0023185984
3.119176126549564
3.368041257461761
3.54505031516416
1.2569031842459877
3.88091260801024
3.144545299552591
3.336983592273818
3.3718169812770573
1.1704825783674742
4.698101334108159
4.8485221480959995
5.01084285247744
5.16967167295744
0.47179985585802164
5.48973147390976
5.652738296381442
5.818979009535998
5.971532843584002
6.13686863471616
0.379910002238141
6.45864890032384
6.626563302205438
3.9872854506938094
6.958638809098239
7.121895641344
