0.1162857214625781
0.5295053244238694
0.3248431212754497
0.43854217102440174
0.10367843792406006
0.09617091116128051
0.3276888775882014
0.03651398845605058
0.5236180404643562
3.2227820793737294
3.4257254242845363
1.3320370342195247
1.7854636515318703
1.1315494416169827
6.441210194857376
3.7484937737860946
2.197456715931139
11.806311358569587
2.062421840192769
3.287691846803
3.5101415946608086
7.757148401062977
5.501475824958561
15.033474869928341
52.47584535559781
86.94359662885017
10.145353880454422
81.91475698531394
27.11989639514468
69.99517828894386
2.0336424917295517
27.671767625939538
152.24085401123375
2.2317365117596637
69.78696529066656
97.69243974999335
120.73201661396524
172.12139236867006
38.01681017982264
158.3658103165253
152.17422944153077
180.54862196151225
22.500230953344726
211.5431275408555
197.7227267123817
152.7342685827607
252.90966285705508
224.54888629194465
4.288566493371036
274.51663185182406
236.21844871411304
12.921648531751998
219.3305404372295
241.26359448095246
