0.10819257661696
0.12078905622784
0.13515093458944
0.14840122834943997
0.16176097890304003
0.17587354537983999
0.18882848793600007
0.20362331351295998
0.21566141572095998
0.33604188735744006
0.45149368771584003
0.5645442539545601
0.66082071711744
0.7457690346726402
0.8358201498240003
0.9039293655040004
0.9681489437593601
1.0391959325721603
1.13514875600896
1.23096007178496
1.315590648064
1.3861577319040004
1.4560187023360007
1.9647606472806398
2.2962092494950403
2.5780489814041596
2.8219538096358403
3.0597398222054397
3.2713291301785605
3.4719316093440007
3.6600954765337597
3.8590999484646415
4.031222290332161
4.215117776855039
4.400456049256962
4.561094891584
4.736326957148161
4.92610567508224
5.089629850032639
5.25881026953216
5.428706145730559
5.623234424895999
5.77753139958016
5.9470430863359995
6.13250941321216
6.30649509405696
6.469835844003841
6.64433519985664
6.827961318154241
7.00505053307136
7.173655143423999
7.374535499612161
7.54634303889664
7.727074552834561
