0.8842915880140669
1.0732754947294083
0.23835186443872658
0.20242899420350113
0.1485281933816438
0.35121683640084456
0.11073272970070036
1.0384598357750008
0.2446139643740537
5.246686806898879
6.838756771789917
0.5994228535617481
1.390139178467507
1.4194778502023837
16.043479809865403
13.914036761900093
13.472378526639659
29.80762680084888
11.788248784117513
12.17995480678087
10.229182122709744
5.647500238357907
9.720281721713945
10.217736118139328
63.902918301984755
36.40614230535812
34.83598147514567
72.08234484199056
81.2709545321868
73.76935601776677
15.35048613055369
97.70479521357265
24.839515257586754
11.581800123542052
40.71368962416818
120.65454513449004
128.7017246801479
16.447599088591232
82.11563289451442
119.56852486454227
145.8158075344072
70.57617564678367
105.45362986058899
134.39771310753713
11.131588887350517
4.288962819904555
106.01097068297531
106.39538557427295
27.204943684046157
19.69521151878871
101.97386635734438
110.0194199777834
37.09158359596768
40.80074195556445
