0.05360404460037402
0.08302253751161187
0.13515093458944
0.14840122834943997
0.1603628067144684
0.0712013348098991
0.07061299515549119
-0.03810689049855298
0.14415220840276627
-0.3042917988181873
-1.1483702507422615
-0.03373133721064692
0.1166023956463973
-0.34010711503183866
0.46130548621532447
0.9039293655040004
0.9681489437593601
-0.9247233714493621
1.13514875600896
1.23096007178496
1.315590648064
1.3861577319040004
1.4560187023360007
1.9647606472806398
2.2962092494950403
2.5780489814041596
2.8219538096358403
3.0597398222054397
3.2713291301785605
3.4719316093440007
3.6600954765337597
3.8590999484646415
4.031222290332161
4.215117776855039
4.400456049256962
3.0037639612192875
3.233975396155709
4.92610567508224
5.089629850032639
5.25881026953216
5.428706145730559
1.3975413917672936
5.77753139958016
5.9470430863359995
6.13250941321216
6.30649509405696
6.469835844003841
6.64433519985664
6.827961318154241
7.00505053307136
5.749875345513958
7.374535499612161
7.54634303889664
7.727074552834561
