0.50744992578705
0.6832188910754304
0.20009843785017978
0.12363080896930967
0.000738805002882259
0.6059174502118339
0.08170062798876643
0.8604375933949342
0.07237218168920379
0.7681274097769517
0.14748405700598255
0.9071946467976204
0.08255567541266373
0.13444106658221244
1.175846697197585
0.6137549614846876
5.104077525378216
1.502919812743471
1.1392989531428839
1.2571203311035788
1.6935728790572284
7.595753597266366
6.841220989092108
13.569187733809486
9.401508308713346
41.1662882968576
18.098168047319632
21.58619281915344
13.889970935113524
27.650801374311413
23.23034893823933
48.821420958873205
25.33675055583808
24.007111896022252
45.449678746488644
56.65374494854041
48.393943602739455
51.513686661051906
39.466137104645895
9.655915818115318
29.43189743322
22.97766304769175
46.13851124160283
36.98742048480926
38.75137792174792
63.07810832995892
16.68960703119228
30.711487769345695
19.239149826666107
32.17763973557885
14.856154190965754
22.594543577652075
15.419784418714698
16.96176286058617
