16.31255007421295
24.54678110892457
33.43990156214982
41.92636919103069
50.46073880500288
58.26408254978817
67.36170062798877
76.55043759339493
84.1723721816892
167.43187259022304
252.44748405700597
335.49280535320236
420.41744432458734
504.7344410665822
587.5241533028023
673.4137549614846
762.0040775253782
842.5029198127435
1008.060701046857
1178.6571203311034
1347.2935728790571
1521.3957535972663
1675.158779010908
3350.4308122661905
5055.401508308713
6769.166288296858
8391.90183195268
10113.586192819153
11787.889970935112
13483.650801374311
15114.769651061762
16771.178579041127
18476.663249444162
20159.992888103978
21911.44967874649
23491.346255051456
25181.60605639726
26963.513686661052
28633.466137104646
30266.34408418189
31987.431897433216
33662.97766304769
35275.8614887584
36967.01257951519
38724.75137792175
40431.07810832996
42066.68960703119
43701.288512230654
45394.760850173334
47063.822360264414
48792.856154190966
50482.59454357765
52157.41978441872
53783.01042392277
