0.160602165504
0.17242160007424
0.18531165286656004
0.19852513939456
0.21308637712383996
0.22594887614464002
0.2382767544960001
0.25188514041856
0.26634352079104
0.3190131256944317
0.3094811504253989
0.66165079492864
0.6382227271218107
0.8650994034918402
0.9499480805478401
0.7546766390193445
1.0954117498086398
1.155831409216
0.7578281431580214
1.3609928914560003
1.4485528222105604
1.5222505955430403
1.5965313099366396
2.0839948185830406
2.293698022432516
2.031362445203179
2.9310809616
3.1516702066713607
3.36352078729216
-0.4017458702808505
3.7399227965439996
3.9204696963097603
4.0979297630233615
4.246092177667143
4.438343315253761
4.608805198243841
1.458735060134793
4.810637689896529
2.4503130802688955
5.271895197296639
5.445039305136641
5.609386770127361
5.764762584064001
5.928087422568963
1.1034608068698413
6.257530266831358
6.428180140687361
5.804187644921494
6.76455180597504
6.924510156072962
7.09299217859584
7.263594195151362
7.442848255490559
7.613308252661761
