0.160602165504
0.17242160007424
0.18531165286656004
0.19852513939456
0.21308637712383996
0.22594887614464002
0.2382767544960001
0.25188514041856
0.26634352079104
0.40285526079743994
0.5364964796646401
0.66165079492864
0.7661206802022402
0.8650994034918402
0.9499480805478401
1.0303874064
1.0954117498086398
1.155831409216
1.2734996108313603
1.3609928914560003
1.4485528222105604
1.5222505955430403
1.5965313099366396
2.0839948185830406
2.41822902030336
2.70591445712896
2.9310809616
3.1516702066713607
3.36352078729216
3.571144479907841
3.7399227965439996
3.9204696963097603
4.0979297630233615
4.282595158026239
4.438343315253761
4.608805198243841
4.768786773527041
4.95536805550336
5.099084256471041
5.271895197296639
5.445039305136641
5.609386770127361
5.764762584064001
5.928087422568963
6.111954795274241
6.257530266831358
6.428180140687361
6.582057064704001
6.76455180597504
6.924510156072962
7.09299217859584
7.263594195151362
7.442848255490559
7.613308252661761
