0.03774242446342768
0.3967938737340191
0.2143915246766852
0.00959418974685633
0.9415399060312453
0.6564539288464744
0.06076616005668711
0.06915989219892538
0.36164886358238846
1.8293772570703482
2.601973001016461
0.4007137622954815
3.1507434639644885
0.04456405042060396
0.3946219313158963
5.948781691683507
2.0517119959753245
0.6580619425986924
10.910138810976491
3.2303163539654633
2.233865917344019
3.3289460381179197
8.78176152983292
16.383010614114482
34.62586168481539
55.13590783831569
44.420356125818216
32.66193738754555
26.028868832650915
141.67661387197768
22.086674851407224
31.75573793433432
28.474002259659756
80.05540629482493
67.38175893887455
48.78720343852547
118.53087946369124
95.0642068043926
118.54126479803745
28.47183894403497
68.9941839770654
77.11020749635645
8.109775101453124
14.59003995187959
184.02288106030755
14.554507782959263
34.887016591579595
93.71173798755626
55.89904581561859
30.954879229000653
43.81308505421475
47.67360953713069
20.124037764580862
22.136441541038952
