2.0561855500445354
1.0276249728238334
0.5376084136885666
0.12979615751572737
0.4275940451459519
0.36743975628071013
1.5321134713741316
1.9903033739765448
1.9895818954534832
6.243827637187792
6.37401650448038
1.8852587193476325
1.8688494564155462
4.362507483290244
7.4101152438699955
15.408074241218515
13.2755096854778
11.937822472177572
25.105653083062748
10.923008110227556
15.011065580493323
7.08949479952048
15.592237536072389
65.44180132500605
140.8779100606571
90.7418709918129
205.01928072598457
191.09862182188954
116.66359599347197
23.334926814099163
117.5124213274812
102.66303016302118
77.73432479717303
48.808628301714634
87.89201951343057
62.57723247748072
130.7096723936229
79.5415469317777
139.91630657493442
59.8621111112443
25.22373443602919
20.2982055376051
77.68496596658224
97.36241716217046
87.411595383448
120.8903127250378
81.02765084573912
216.28328161548416
71.84034709321713
160.61432273372338
172.74696177195437
172.94929749968287
98.13963861733646
107.95360247907011
