1.2272566724960559
0.20091660622329854
0.3801377328379232
0.6484990701003284
1.1739604894766202
1.3824988172393446
1.1591142839221504
1.135332940944437
0.3440497527811459
0.13998104690401192
0.47414422702874504
1.3102032403356247
2.7092159181245847
4.494623056086084
5.243882324861261
5.217545381188643
4.235989756437334
2.1591268418557092
3.498199925306608
4.70197987845313
9.481022130931706
3.0423636529760643
10.864265032422054
7.1128375279990905
7.998442942436668
10.62923861260424
26.326357804007785
48.65077288200155
90.16015020687519
54.530919637667466
31.85886270264382
0.03343041780317435
56.89016315749541
59.315556779947656
41.316682077034784
91.15874196117511
52.14681452386503
30.542574593095196
35.89447357595782
71.98316346501815
107.063452087099
41.52737188979518
6.834596261498518
16.9360497200978
62.273729716966045
60.38917310794204
51.19409583220113
25.68652571109851
137.80553857048653
59.06735819296591
48.75937194727885
131.17778379708034
10.063219436029613
11.069541379632575
