0.07919946777600001
0.08933116724224001
0.09940551402495997
0.10949322168576002
0.12022696325375999
0.13088882036736002
0.14127494926336
0.15215366873344
0.16222850617600001
0.026306054049730354
0.17927618705747622
0.5176376564761601
0.6220338089574401
0.71550214717696
0.79790056470784
0.871265429056
0.93698992670976
0.99626589241344
1.1046783549542398
1.1934461285401603
1.27385714294784
1.35344744018176
1.41523571591424
1.899832182336
2.22466054767616
2.4957478186009605
2.7266833657958407
2.94000679016704
3.137376157696
1.3046447877434595
3.5201084285030397
3.7014927926169614
3.8689945845759994
4.03850502145024
4.2071720177766405
4.366996549695999
4.533846945802241
4.697796153600001
4.858370678909439
5.006999635854986
4.600228810587825
5.347489751296002
5.50508239519744
5.6642096016
5.83393301303296
5.9966762932454385
6.159648914496001
6.322062531389439
4.172915804767994
6.646966736509439
6.8165606979993605
5.34261320527458
7.161875164224001
7.325770171455999
