0.08222946234624003
0.08982632386815999
0.09932784263423998
0.10786862960896001
0.11726734522624001
0.12614430822400002
0.13551351238656
0.14414718275584004
0.15352980850944004
0.25029768856576
0.34487336798464013
0.43140515604736
0.5088870551142399
0.5841777249510399
0.6454875528217602
0.7026972635161601
0.7566299760870402
-0.09979165989376526
0.8943500031206403
0.9707829842022403
1.03887300870144
1.10701036359936
1.15984628787456
0.7790563486831288
0.8448844597545426
2.1106045952640002
2.3203819584
2.51480223664384
2.7023835378918397
2.866476543715841
3.03497651961856
3.2101172224000005
3.363585344064001
3.525922529536001
3.682960162816001
3.83645241354496
3.9819021172761606
4.1335639224422405
2.978260665080624
3.055118941442309
0.6491155107967153
4.749895945935361
4.887587118205442
5.040829640112642
5.19724000071936
0.4829913752030315
5.432533691336895
5.659770418339842
5.813970314549761
5.96998463336704
6.114652797749761
6.276123240048643
6.441841964546559
6.59054870020096
