1.7620047649498076
0.5125160275482017
0.8281748977760017
0.08167013804732193
0.05560229275943129
0.7788040853097584
1.184119778463895
2.297611931279434
2.8471030961979977
7.026699473070295
9.318277406532701
11.00837412669597
12.781006032255732
7.360391011365266
10.502493244337415
11.711235012583188
10.523547407822889
4.764980426123884
9.417527210833327
12.098067438970475
16.127191695539523
3.0471260628612526
18.24635645632702
71.77625595559084
6.391502222329109
58.335611380955925
49.967721839278965
12.919809357945269
77.3506330128439
18.431788925126966
57.64330960708321
208.53008019960907
159.16071965617812
222.81616689575822
241.54906488797133
228.7820199729067
131.81185113657193
103.64134493749589
245.7513926781212
20.93210791294041
89.06775257513436
82.27914633096952
106.83009358546406
129.66467011040368
120.44527712868148
38.53046155867196
281.9843291816651
174.43933177665167
193.79518027607264
193.71874916672095
315.7899700476919
256.20123856447753
150.03528683051263
165.03881551356392
