0.07569277517824001
0.086285537536
0.09759376
0.10769528636416001
0.11947143383295998
0.12974519264256001
0.13041486019080464
0.15315764023296002
0.16437640400896006
0.2504210752818654
-0.23829437900069445
0.25851261555941385
0.62470180900864
0.71240892346624
0.7918750239769601
0.8686389120639999
0.6003465318942192
0.9951419146240001
1.0996525609062402
1.0174442110333974
1.27469157970176
1.34539213602816
1.4132264192640003
1.8999777382502399
2.2247655525990404
2.48963460587776
1.6347179383633135
2.6009289043978443
2.7819651188621997
-0.2042241161172651
3.5210330782105603
3.695264971171841
3.8705872122086395
4.03496889421824
4.208760569896961
4.36876213709056
4.532572872256002
4.69489743314944
4.853794134435841
5.022747943741441
5.186091646320642
5.3406544434073595
3.0599734176806894
5.664879818160641
5.828917884951039
5.982978617763841
6.159736276418562
6.313657269680641
6.478254802370561
6.081413743296178
6.81095582404864
6.97991882455296
7.14765785890816
7.322912263743999
