1.1178215687907738
0.35188904274988886
0.6161550238681528
0.28837450818615196
1.013870554594213
0.36499621330886356
1.732307220022122
0.6653423766006057
0.2408972996529286
0.3767563817391135
3.29187276777904
2.307775599318404
1.0703607021081325
1.0613168414137135
2.3897654727377358
2.4265904473880937
5.160312645006343
3.3648284827661428
0.17036897682942254
8.503154774698942
0.19673988826139066
7.088975089130372
5.92932462194176
20.53417355554575
8.094160738455685
53.78919987505287
7.881032106333805
148.2577380019775
169.86185633452078
3.689077687507961
106.99061001386326
139.22418980039947
113.19986859142227
157.32929994834194
76.60963873390938
113.47181070490842
94.45351108780596
78.94883280165232
91.87747237848816
4.9583746176431305
43.431905820663815
12.514645424591436
150.40034913054842
19.622566734637076
44.59775992217328
42.88523046492628
93.0093178055613
16.843037413862476
29.54565799372358
98.04043463069684
59.00456644080259
68.5701530434817
104.55133667990594
115.00647034789655
