0.7004266463001123
0.12434862217824261
0.6627873094468413
0.18957063310218558
0.7621295077030084
0.00732183183141899
1.220016705961939
0.05645166828925596
0.464978285316235
1.6561668634091973
4.553699391869429
3.200716327963164
0.7318948111754366
0.8398487744843237
1.6384162481552949
3.6548301864476116
6.73040234915311
5.130941037413095
1.599278110203727
9.729273245574404
0.5135318569448373
8.002768994302642
8.384512327809716
5.259333840698673
11.969834538180294
28.01691103056055
70.60562953824956
57.058828043522226
55.92672708484315
131.70780310294504
24.380633959168335
11.284683827740082
5.467972569025733
51.36966664062493
13.11699266546566
40.03390598241822
37.97298120219057
38.69207939509943
66.2827976941553
16.83112421014812
44.2461483513398
19.94799122623226
136.3439498093503
2.2978097078739665
26.108197003828536
60.1933471545417
79.65023962044506
24.631610442629608
29.328188466992287
109.24634321314079
36.776850548310904
32.51359108772158
53.21612631925382
58.5377389511792
