0.25048671900425745
0.027435981328640224
0.0870623295134294
0.34216906644394385
0.15493247593660442
0.37868101129183174
0.657819631906392
0.10758953927202697
0.34342610790915273
0.855499943272207
2.0383784612691045
0.4174881338690284
0.8480105808997678
0.8867343783359161
1.1794689981680904
1.7496559015798994
0.408614752385688
2.0478373508369714
5.389619742351329
2.6343550128578954
5.234723035039224
6.457179702860003
0.8626657265215272
14.774965202535896
3.5653986287079533
23.6502738219624
9.616267744353536
45.94851969607589
50.281103153518416
9.891276918779113
82.83757214112666
23.273156417337304
68.12706816444552
88.52378689364923
25.160211856757087
14.458311156267882
33.356182211904525
55.44785005133235
22.129739854888612
65.312501391978
11.76234225891676
35.52630504514673
38.85690812483517
13.128392834616534
116.04665334423771
48.17494637234631
43.24718265867705
8.33916059506737
42.4625651636743
65.95969795831479
49.23714337126876
35.79126182889013
21.9811243355216
24.17923676907376
