0.24832865138066396
0.027227056766140123
0.08536625855282409
0.3397484865890874
0.1525300386035795
0.37699369227325974
0.6583661211360123
0.10909770576715516
0.34746652760414065
0.807086859533598
1.9337386885229648
0.2661412705433577
1.024944649147244
1.067431956522114
1.3448788747342633
1.8838373469912995
0.5000402194320941
2.007748962228902
5.298541133905019
2.8584035777384997
4.860865453270662
6.960944518760471
0.22205782685773556
15.850875137491585
3.6909460441502233
26.02618131336294
4.702916819391248
53.38445456060981
40.993374552128444
20.515421754516865
71.70506435891548
12.354918955425092
78.07666843003244
96.95050001914205
18.530597796263464
18.818946599138144
31.305149057145172
54.96535424063404
24.824375362535648
70.08985356257472
5.03798747386827
43.723817192156275
48.175900159614685
23.13975482740352
105.82841837524029
58.13243530542968
34.10494668834872
16.245286422679783
36.37597893472412
69.95128252638096
48.13876916945446
33.88669111763738
16.461380496257334
18.107518545883067
