0.6688083563769602
0.13213370753821962
0.7396243234133095
0.5525010595667865
0.3364570216957077
0.3646089670999473
0.4515270323893503
1.1194869449863063
1.078123815226263
2.2060903246133705
4.9539082339227605
1.2180311733940243
1.9966596107319674
3.532635746933579
0.27095540953803265
1.1557461384090857
11.558066678911018
0.9442281181417229
3.6665353590611858
3.2748217623766323
7.0658228038141715
1.3449469274996773
1.0828298919689132
10.482205593877097
27.593263756782108
54.61302025656914
36.587111370618004
37.31617650476619
48.05257368533967
64.65456280537364
32.07013594306409
23.381176698116178
77.67717475496829
8.455735594376165
35.66026430488637
23.520848840340477
43.97306707585085
25.44762751129747
75.95859502427265
52.24526644144862
110.92661405644685
46.523361792402284
68.76687630556262
64.13163153124333
97.60623454680172
53.394241268979385
124.06259367243183
125.81565858574322
62.616321313653316
22.468852578378574
33.68741251634492
30.339447164580633
26.971271413262002
29.668398554588205
