0.11179981947904002
0.12485989736704003
0.13803899929599997
0.14868612608256002
0.16288133652736003
0.17600642777344003
0.187988147776
0.20394111488255992
0.21746329583615992
0.35014391951616
0.47793440358400013
0.6026156066022401
0.71226037960704
0.80751934219264
0.8875056824550401
0.9644119892070401
1.0411345295999999
1.0944172687359999
1.2046625390694399
1.30242143367424
1.3869867116160002
1.4674240605798399
1.5391479093759999
2.0454033909760003
2.3814761164902407
2.67473726181376
2.90720505078784
3.13251485983744
3.35397321588736
3.5561269842841607
3.7376767295718403
3.9254197177958408
4.10163594230016
4.28908076329216
4.4598006069760014
4.6340794025574406
4.812161744896001
4.980159959779841
5.15415674861824
5.320093557475839
5.49393846479104
5.655416684544001
5.811933496343039
5.980740236247041
6.14620257239296
6.320115552256001
6.48318332713216
6.679768441815042
6.832653047503361
7.0146497151385585
7.190257763983362
7.359249116200959
7.53657984820224
7.728933769216001
