18.320050602744654
25.69619637085778
34.3449876353739
42.430808318571685
50.82521881387498
58.8336649244955
67.17700013403771
74.97674962378524
82.90270940881328
168.34948644739066
261.48799526373006
360.62645397067496
463.474166183178
568.0419815446204
668.0243791736251
767.3281499934914
868.1345752491801
966.7182531510125
1161.3606892315536
1352.093209293416
1535.2388237690413
1717.5121789579025
1892.4139318470402
3569.4668657777647
5153.431375834394
6765.571983581109
8386.237106017017
10004.312935403552
11767.540796652116
13426.40919553551
15104.070305507554
16743.611637555718
18487.415201543627
20197.36510841108
21875.516365026975
23574.104670293673
25282.555940677117
26991.570483402666
28681.548220836023
30327.334649470133
32021.80484912334
33680.4067896809
35363.05638947868
37028.20422902552
38709.15342488191
40364.12299363261
41953.11182645449
43609.53032978798
45242.10901454571
46847.88172954264
48392.32307143334
49926.68544429923
51567.57954731995
53101.87282532991
