0.032614429344583584
0.23064299967569468
0.08387006015073695
0.08967490910988118
0.19990522047751114
0.08854947379771971
0.25578322978432766
0.8634172388229473
0.22537029423706656
1.1375510896006062
1.5064505619224065
0.8229011845355103
0.9386486065853887
0.08817960528807589
4.115885200783623
0.010657265271333927
2.390712148416128
7.616640992621228
17.095650500876786
3.104558728427037
6.327941329096802
14.497894855042432
3.9794558648216025
21.66166906855051
11.553243261322677
57.899313805673046
14.058642963815146
13.655767992482652
46.28113252805633
76.50315043273804
38.4406521509718
59.62336639250134
56.80629184645295
59.687660816642165
1.4832348767195072
45.63759844643573
80.08613007627355
72.5421895614927
15.493875245418167
14.902375396421121
178.84831143177144
50.6310211161981
86.337742978998
171.05976349915
25.901271738417563
229.45616250208695
104.02938396721584
112.27794832235668
195.26391724123823
34.85317485866835
77.49258126759378
92.53889405301743
158.73482767635141
174.60831044398657
