0.15084486250806606
0.12878034638952585
0.006214582602268592
0.13596650075280792
0.18966436011965015
0.053474736632772135
0.16944086087850962
0.7163651102337099
0.0205953111557875
2.2177561989095125
3.806050928571466
4.5275405626630345
6.108202547268206
6.594762211456725
4.144305179599769
9.705649909227873
13.554082561479618
20.199575046166842
1.0300654946004215
21.849237136596912
28.056591906768062
10.627478867911123
31.761707656552062
73.41992949866244
71.20734008452382
7.728296920735374
44.40221520452178
17.778626101593545
24.293897481844397
123.03922399644762
23.584641287301565
11.609876979651744
129.2358377204
125.32392997559145
54.133550110989745
11.393094665872923
68.59630280808415
55.26868128786009
59.400316894087155
87.34662942163777
75.4468997919248
176.5239087077789
235.3765465766337
339.53396918407816
160.8977280113395
29.85778302835388
309.0503349437422
319.46120399607025
7.674461599235656
159.74150917498628
258.8205360031934
254.61887802648562
25.54044762567355
28.09449238824091
