0.058999244085759996
0.06618229598463998
0.07401707889664003
0.08214873145599999
0.09006913327104002
0.09877392980223998
0.10755671213056003
0.11697822763264003
0.12523331924224002
0.21721714350336002
0.30980356
0.39700080639999996
0.4753826704
0.5470673296000002
0.6140364825830401
0.6693465144960001
0.7212901069440001
0.76766195303424
0.8684748864000001
0.93624047106304
1.0042573215769601
1.0744765356441603
1.1253815056
1.53810000864256
1.8284188778521597
2.07389492248576
2.2733836412953607
2.465477793856
2.6428822821913607
2.8282844079001603
2.98380573500416
3.1444254927078403
3.31457270817024
3.4712101724185596
3.62020335956224
3.76870470575104
3.91719463945216
4.081557138024961
4.223794427043841
4.3736193424000005
4.540520017820161
4.669838017968639
4.81664137135104
4.959443483568639
5.1280580768665605
5.298113828874239
5.4203438858342405
5.572847833344
5.755385244674559
5.8959920660889615
6.042015701821439
6.19823562817536
6.380966998517761
6.516477423216642
