16.277254357269083
24.519988691836744
33.42221379226188
41.9172829583232
50.46020698090669
58.271279894239996
67.37778719467968
76.57535788496261
84.20450148312659
167.53425302177956
252.60327879423596
335.6844672043877
420.63379745229025
504.96792484785726
587.770661857851
673.6721888844361
762.2747756798457
842.7856291748426
1008.3725920766476
1179.0067278658594
1347.6882799085026
1521.8445412568324
1675.6608985371458
3351.664821565503
5057.291538956501
6771.428976147588
8394.259679156497
10115.840433745694
11789.917384038867
13485.386780645751
15116.210123277171
16772.330553664848
18477.54449520546
20160.637309276914
21911.87777349439
23491.6014080161
25181.69485524901
26963.444024747834
28633.261818960884
30266.021157062783
31986.999799514822
33662.458061997284
35275.278875664975
36966.390548886455
38724.12206919093
40430.479038086654
42066.157618142504
43700.86367640008
45394.49165794562
47063.752674390074
48793.042472673136
50483.07993849106
52158.24911670863
53784.21817371097
