0.06731866235630957
0.08081238933504001
0.09001632073983999
0.10027304894463997
0.10949322168576002
0.12058117350400005
0.13129665286144002
0.14134110935296004
0.15105721745664002
0.01997322071567162
0.009862596004842017
0.3655271055854815
0.5601597993703693
0.6872914041241601
0.7560983559307438
0.8401379613721598
0.6557344726496366
0.9601303229337599
0.5989158702249758
1.15704271454464
1.2372166290457602
1.3155502742553604
1.37449549836544
1.8457374426726396
2.1677497395840004
2.4346234675839997
2.6567487381529604
2.86230634395904
3.0550005967360003
0.9501947197418015
3.426822964224
3.599337484864001
3.7669282234777604
3.9349101694566406
3.9038137814255753
4.252708434332161
3.960184005960105
4.581038192896
4.085164479285867
4.34864874306514
4.58486884700995
5.209043009955839
5.365820147776001
5.516154943580162
5.682990652725761
3.9089827746713333
5.987887304256001
6.150828551464961
3.576937308983781
6.47673181931776
6.638529514383362
6.795439607080962
6.97526976061696
7.12462009856256
