0.07077813293056
0.08081238933504001
0.09001632073983999
0.10027304894463997
0.10949322168576002
0.12058117350400005
0.13129665286144002
0.14134110935296004
0.15105721745664002
0.26568993958144
0.38382683781376004
0.49566556283904
0.59542335111424
0.6872914041241601
0.7696679231718401
0.8401379613721598
0.9072791101440003
0.9601303229337599
1.072434221056
1.15704271454464
1.2372166290457602
1.3155502742553604
1.37449549836544
1.8457374426726396
2.1677497395840004
2.4346234675839997
2.6567487381529604
2.86230634395904
3.0550005967360003
3.257147107146241
3.426822964224
3.599337484864001
3.7669282234777604
3.9349101694566406
4.08788874486784
4.252708434332161
4.409247392112639
4.581038192896
4.72514906558464
4.8835413279769595
5.057677149183999
5.209043009955839
5.365820147776001
5.516154943580162
5.682990652725761
5.849587262464001
5.987887304256001
6.150828551464961
6.329853446399999
6.47673181931776
6.638529514383362
6.795439607080962
6.97526976061696
7.12462009856256
