0.8514994990697815
0.2519580407868318
0.18622335288862502
0.7229568502131443
0.09141411182827852
0.7593910174891647
0.88182594280498
0.28944925718830916
0.6997918357314035
2.7371619518876855
3.4585051436478125
2.7646050520048107
2.7319940702581675
0.234460205798257
3.8339988917942947
3.2221408013443806
6.912004160426932
1.8211713619336933
10.648459578896905
0.8227423529613134
2.2234193834333382
11.32225075658289
6.974347280488018
17.79631301746076
16.93679139678352
28.162420669098537
10.74317801116922
29.424734228947273
46.82319244034261
108.96121113381378
29.995022591408997
25.087049086316256
10.617059081694606
31.61627815549582
76.65626428045289
43.18710376578383
80.50813221037606
55.72871769220001
93.0254685268992
84.10234127307558
96.90382867599328
35.44695968316228
31.061184465914266
44.68862360059575
51.40596937100054
138.69964460761548
80.28083347478969
46.298774237504404
146.36247981318593
6.69869826672948
14.579856470867526
83.65991512954497
69.48497089038574
76.43346797942432
