16.6971064082
24.8556580807
34.0127841575
42.1383504889
50.5298355879
59.0401613668
67.3364281938
76.1946909428
84.3892093200
166.9690887489
250.0487576274
335.4183323384
418.9398067916
504.1463160200
590.8506173030
674.7134268998
760.6875946208
842.1216732862
1012.9874213058
1181.4318170077
1348.9661944490
1510.9102810293
1677.0010878362
3336.0381709114
5027.2349295463
6730.6060188262
8411.0756788459
10135.9348547238
11788.7653454846
13455.0680367182
15152.8426430392
16802.2412364916
18496.2647410498
20173.0666467955
21848.4975773351
23517.1509197934
25207.1394030587
26863.8746249003
28593.1616131592
30261.2812564814
31960.3342895126
33658.4734926052
35425.6461382287
37135.9884498625
38874.8965853268
40510.4233826688
42211.2363337953
43868.1190797908
45605.4431968758
47260.7752389718
48777.5405602961
50207.4987871242
51617.3341588767
53063.3703481701
