0.8383748203
0.8478362634
0.8574370645
0.8676884214
0.8785425523
0.8900546824
0.9020030470
0.9139327200
0.9906108979
1.1730293347
1.4132157798
1.7041987160
2.0326270809
2.3903067804
2.7709734570
3.1617734208
3.5594191232
4.1691921468
5.0146945481
5.8596658845
6.6980542283
7.5617639220
11.6153336148
19.3352601963
25.9798522705
31.6859192071
36.5741483171
40.7758727912
44.4087312020
47.6602703360
50.5926404425
53.2266410612
55.6322685588
57.8254616361
59.8628926805
61.7900351898
63.5769925107
65.2495603405
66.8116922210
68.3107396767
69.7118809216
70.9925671888
72.2063780327
73.3194451188
74.3747668252
75.3583662528
76.2456322280
77.0640268987
77.8221623668
78.5275056724
79.1961417975
79.8079337497
80.3387435822
80.3387435822
