1.2222251895
1.0730888249
0.2098208314
0.1343677456
0.0387621042
0.0739650311
0.4610166915
0.2398731778
0.3630334370
0.9778159304
0.8454667865
0.2891969894
0.0656449625
0.1973399770
0.4259905939
0.5727054671
0.3731753820
0.2823744581
0.3899713020
0.3253824633
0.0788562659
0.1920568163
0.3060127689
0.6163392599
0.6312579204
0.0196441159
0.0959004604
0.3546080972
0.1110085216
0.0200674690
0.0478028749
0.0923045965
0.0118631180
0.0620343437
0.1671139797
0.0704510782
0.0611454974
0.0776921857
0.0772212799
0.1382166451
0.1207263800
0.0302945848
0.0403768091
0.0903137874
0.0539462516
0.1589968598
0.0489105428
0.0417556880
0.0864402853
0.0657063028
0.1213810132
0.1183394056
0.0464332765
0.0464332765
