0.8086538462
0.7338568935
0.8426853707
0.8310276680
0.8351539225
0.8733125649
0.8343253968
0.9201312910
1.0174207597
1.2394988946
1.4725967431
1.8105489774
2.0967339816
2.4001141553
2.8431372549
3.1333830104
3.6902150066
4.0657481267
4.8952270081
5.6939742722
6.6746031746
7.2656587473
10.9526600247
17.6550855463
23.4359760346
28.8507718696
32.3897554400
37.6454789615
40.6182081623
42.7554651754
46.6703662597
47.7976697926
50.5105105105
52.6282853567
54.8239895698
56.0293137908
59.0382590383
58.3622484386
62.3655913978
63.0434782609
64.9170204554
64.1984732824
68.2352941176
68.9909762100
75.3246753247
74.3261157755
78.2689623081
76.5589440146
82.3702252693
91.9628212138
99.5855535820
103.0006123699
102.3737066342
102.3737066342
