0.3159521200
0.4752534409
0.3669838237
0.1598292826
0.2143519852
0.3819884222
0.3275829936
0.8326350075
0.6639298000
0.6374674112
1.7434515990
0.7058823122
1.5529427362
0.7104950363
1.6601393132
1.2396109450
2.9710476719
0.2103919753
2.7911394054
3.0765625311
2.5462567354
3.5112251510
5.3656959120
24.9936918285
13.2804633757
9.1470062589
7.4957123940
49.4239611155
18.9303495933
1.7505875850
16.1041079369
17.5965169815
6.2498973280
11.5437656062
17.5590679317
29.6815721030
19.8006541492
42.6683812050
7.5143391162
3.4408463330
16.3917204392
34.6963915507
120.9500677330
148.6256586553
202.4903756284
150.3702961149
159.8026102202
121.4773460846
157.9630401204
107.9741666065
83.7250187240
365.5615768063
672.0252588054
672.0252588054
