0.7933962264
0.8688016529
0.8706004141
0.8599182004
0.8760416667
0.8625641026
0.9161220044
0.9700115340
1.0064624222
1.1798540965
1.3942307692
1.6793130990
2.0153366882
2.3478503629
2.7269779507
3.2013703845
3.5787234043
4.1306483301
5.0178997613
5.9582004959
6.8597063622
7.2157872158
11.7960586296
19.4630872483
25.5196480049
31.5099288123
35.9786096257
41.3369378226
44.8294243070
47.3802816901
50.3442083209
53.6523125997
55.2925706772
59.5609065156
59.1628561379
61.7474302496
63.7846037163
65.2950310559
67.6045016077
65.1937984496
70.9106239460
70.8210526316
71.3921901528
75.7657657658
70.7912457912
77.3689052438
76.3504312301
79.7912713472
77.4401473296
79.8670465337
73.9665787159
81.5317498788
83.3911750124
83.3911750124
