0.5061938779714339
0.6822176252441352
0.19939947722043883
0.12324657923877425
0.0007808091027996511
0.6062107262388139
0.0809898479691924
0.8592765794180934
0.07081643236460877
0.7750808321049192
0.1337066482093121
0.9279189351646551
0.11000382449992685
0.10100132756883795
1.2144198491014322
0.5706268154652889
5.057011169094153
1.4528774770850532
1.193917491502475
1.1995622856536556
1.6344880551944243
7.536208233329717
6.900435817114612
13.606558431576559
9.385776926375911
41.157935907492174
18.112128283597485
21.557058728141783
13.841604096172887
27.58271750327549
23.314457763230166
48.91661889120951
25.4365388933511
24.104166593009722
45.36280304981483
56.7258470984998
48.44563873741208
51.486950193339
39.464277895229316
9.633639639821922
29.477843581767956
23.043524202686967
46.05750008342875
36.89571099328168
38.8477577325466
63.17213310004445
16.77463496128621
30.64224310114514
19.193495156905556
32.16240812402975
14.832495624308649
22.52583829806099
15.299824006935523
16.82980640762908
