0.47158553703725303
0.7245383428715968
0.4571203330585547
0.2764974754815839
0.9518304587608668
0.769925283623472
0.9794520254731083
0.4654273512814484
0.2749353788073847
0.3568183255397628
4.357775560428138
2.010726132763864
2.466500012252993
10.807883971174192
2.863951278671834
2.92683052615439
3.7476669267759917
13.002884615707444
5.904202292222635
0.7521694057952573
2.799447114003897
11.557872848670513
0.6798819800605997
12.625886796745363
32.56036814028812
53.78184703047191
30.735166438091255
6.057200581924917
26.551015475595705
132.38417848053177
61.65945366350752
12.75652312967577
14.353791961457318
65.13644918826685
65.1036324011111
20.054149590843735
5.52070895741781
68.06415674366508
71.88838820688034
77.3009260516883
79.01203673144119
134.35304634515342
76.99908576896269
84.80370693272562
103.89994826276234
76.45575901954726
96.50501497266669
71.39078040475579
80.3254274830324
173.1792061412125
21.938969783383072
0.47301301397237694
1.7613899504431174
