0.24106216613878217
0.792628114657699
0.11653344975155733
1.409826213718091
0.06696797985686942
0.10220296899131398
0.5428666955881454
0.16304184824926438
2.039880597295138
9.463020068989323
13.183718837569387
8.225794844600216
5.335552652234242
1.0472788639810915
5.750484753759338
9.97353119767729
10.44656707466288
21.807082179606596
12.124503404444795
9.572275122307474
1.220346686873654
3.7386830144137093
16.090326008094962
6.3346737358638165
33.052933315045266
28.04040791744046
15.973635450285656
70.44825773237608
10.463789449882825
35.71132855797805
10.471185983660689
76.84341514810149
48.89575927297119
72.92334597522131
43.413442448174465
138.96491376075937
114.72154118038088
9.026619475331245
78.33384658835348
105.37962142970355
72.25726653428501
135.96697084408515
59.90811510488129
80.33993016734894
56.16918893454567
101.79329084866185
10.553396020739456
78.42850860588078
68.11367638948286
3.7951006809526007
78.8182022026158
28.629034650235553
115.71721202712797
127.28893322984078
