0.03424269223206944
0.0305851325108302
0.09892886927616001
-0.03214175123213918
0.061524145082581874
0.030600947113398905
0.06306300275214702
0.049782653922180925
0.17003285238016
-0.4999584701335876
-1.431971250464061
-0.5511452482797016
-0.1701484976044081
0.5283979700838564
0.7503052118425602
0.7447456679862855
0.7890852909355403
-0.6413208252926239
0.9200115197039508
1.13634917761024
1.2143405256294404
1.2890786613760004
1.3536112487040002
1.8521990564070399
2.0725857355370505
2.110924066972228
2.6894950410239997
2.3119882695926193
3.12081337598976
3.3248984236441594
3.51067074662656
1.7567410071584786
3.8721801675673597
4.046502374464001
4.23240758169856
2.168428096341853
3.4489445684687983
4.7392384372326415
4.898487956707841
4.573847507663028
5.233897063549439
2.0785159806119307
5.570105995491842
5.736147624655359
5.918578119843841
4.2624365268348186
6.2518081307545605
6.416315958807043
6.199328828747168
6.770320736256002
6.937576709184001
7.11926562530304
7.28790063116544
7.469184053168639
