0.217967813411871
0.6542882892306778
0.3435394200527213
0.40098035383970654
0.3120236326810186
0.8596538316940823
0.06428233509572578
0.5149879160190096
0.27201264049128326
6.741407497594707
11.29368872049676
8.513585868084363
4.686688872530965
3.057877556493679
4.0620268680249865
3.426846735824597
0.5992335254908312
1.4855632350081578
12.744604100656147
15.95442918556364
43.463167450678384
54.96760470465529
68.30702732163763
160.87521242786352
174.164372229714
109.76660357072433
47.0191215037903
65.93775133821873
163.5956936843686
205.237812571002
171.3095971441453
242.99226994319542
194.62460431201907
125.32722551098777
76.59802448421397
99.7538823837458
26.774836334483552
128.69997323449206
76.69398026035924
0.6340479398750176
27.897401384670957
34.29884275913355
8.137581666225742
73.4909083651437
13.56162833597773
17.492739145149244
77.19963919743896
2.0351942731213057
58.13233940357168
32.50477102084551
69.10134866798035
85.65979656751006
80.54061139671103
88.59467253638213
