0.0111305871118699
0.025876099668878216
0.12242161254400002
0.10564844292999703
0.14787646205406374
-0.0643782820938836
-0.004640014519157548
-0.09389626755636798
0.02027660180679486
-0.4627288504265368
-2.0639751311886396
-1.685040272468021
-0.6211885916913972
0.030289504720991234
0.8739288170905599
0.7313136226388366
0.7018955697163114
0.022253038142126647
1.0641913070680027
0.14954963018075373
1.3839207244825598
1.4649519639040003
1.5380126996889603
2.0609887054873606
2.4155475868902405
2.70823106543616
2.9626230740198407
3.2024276422758398
3.42662748367104
3.63508695337216
3.8285966224000005
4.029738268272639
4.2136002802713595
4.392411172864
4.545542895293112
4.755958425856001
0.6603118648884436
5.1188157504000005
5.291472102400001
5.4608211856
5.634592213916162
5.8174507044966415
5.989093254453761
6.158251207989762
6.340573788060162
6.520072175626239
6.686684351733759
6.871998005340159
7.05544943913216
7.2309017019289605
7.413683404864001
7.595156779133439
7.775192405770239
7.957734078159358
