1.1339875731953146
1.0302388029822787
0.502817668036748
0.9579259469664549
0.5449054714769375
2.017341671600967
1.4098348483198464
2.0287955866616443
1.8983576180460773
5.329721825068475
11.009369219775152
9.208495661702045
5.573526769344255
3.2110875092218407
5.672051994815433
7.462525640599097
7.6565605727633965
12.30748804628604
6.18661878378839
13.055987284888488
5.0805962850784
5.626856444075202
7.86928196861254
9.01748338417201
9.089452390151564
2.2687890570605305
15.246545386249636
15.049002271451172
45.25167051145036
40.781522164848866
18.953360796438574
43.07637421317122
0.48177144681176287
54.872320970524015
81.06126752813725
29.23872421460328
127.26006539818263
62.38692329736659
39.385920738233835
10.606757049350563
15.913430035619967
65.9514284663237
36.89866691710631
20.475178708649764
42.00072597862163
69.3103408531606
34.40350052759459
28.631292107857007
62.484690613542625
10.040299732638232
13.219012112771452
8.623323783169326
56.65742065892118
62.32316272481331
