0.05774062973184
0.06557696640000002
0.07354857216256
0.08133356425216001
0.08974194524416003
0.09865227682816001
0.10696876689664003
0.11673756889344002
0.12544517246976
0.21891019718655996
0.3144445999129601
0.40283291935744003
0.48303389604096
0.55577144280064
0.62403427373056
0.68181616070656
0.73335793031424
0.7821633600000001
0.8801591962240001
0.95084029218816
1.0235028971622404
1.0834711445606398
1.14405442818304
1.5598291423334405
1.8531093750681604
2.098859177536
2.29909048213504
2.49602587001856
2.67496753987584
2.8543913276313604
3.0076272247014404
3.16480684329216
3.34064228075776
3.499731004746241
3.6427417449702406
3.795196470376961
3.9386816151654394
4.103061841922561
4.23972478910464
4.388502103575041
4.545246619330559
4.6939059709977595
4.83427113624576
4.9775680389529615
5.16055183055104
5.28734337362176
5.438962802690559
5.590394926082562
5.7552163536102405
5.891804708416002
6.0498053170790405
6.214019932200959
6.3686134887654395
6.5224092962406415
