0.4332015179637594
0.014101168026989797
0.2433542400237485
0.02442290008159631
0.08999731777246467
0.4601167748950701
0.04967746572623355
0.8365989555142761
0.47322679327236017
1.6096833841948808
1.8409255792111026
2.5261844116122916
3.096217632748562
3.0631798971279522
0.4951848561842098
1.838836751744111
6.464106753091755
9.088723466979673
6.576620300462309
10.37497605417434
5.036213404263663
15.111286782457
8.932482944260528
37.601061242583455
22.39198387227316
50.87732076699649
3.3667596024952218
60.2090539221972
65.89976623482471
154.01857387166638
33.36937439760186
8.968765334862837
179.9232120976012
217.0434090714698
97.36045704832577
94.80785272044886
3.739238357367867
153.5259910434179
0.22590929184298147
14.978128950668179
61.57561707172863
47.61697985166393
60.596856773910986
138.3345331773453
223.0028260554027
47.576555455481866
47.50433625515143
56.604066751031496
73.20698701484798
115.07824998630531
78.57959043540905
14.242046354411286
7.902535395543964
8.692788935098362
