0.6429814285018338
0.6264432717926951
0.5643415872547877
0.4395735203524467
0.7898509948551933
1.1854236859038423
0.8135002697299001
0.47847130712885644
0.10739664319518738
3.6818240273983918
4.426338893575007
1.6229782700851842
0.1555141164175211
1.825336094709769
0.4717635014970938
3.2420258287226034
5.739537023623257
1.0579637251871645
1.9906268989386717
1.5509763577088052
5.922294795941298
7.924965005896183
8.005265043722602
3.6728934883899456
12.408522269603054
21.030243163258092
46.62006764846774
4.407890267393668
76.62382873159913
57.66961288542552
35.69014842647266
15.07669494044967
76.20428002105109
9.744955079531792
84.26196112046819
68.15701288839045
10.216789277656062
24.3506746907442
71.45362405661945
20.980080506826198
46.64214879748397
64.74899601079233
31.88183388808102
84.4143940936774
19.935780667081417
51.124108610951225
79.91690840493538
112.39628453274781
16.372102412613458
24.196789582216297
37.767744607925124
104.53409390540764
42.70919186195533
46.98011104815087
