0.5215986990349322
0.561816030697365
0.5687455196236257
0.39579381670797176
0.6989172400225598
1.0509871290514425
0.642726262176069
0.2743955701444065
0.34071937354431725
4.056070153660983
4.693002313820841
1.5933717846453987
0.5820889826488269
0.9785176954602548
1.7621134073565372
4.95095155038598
7.819692497532287
3.4286009916534113
4.80243968724244
1.455523956139814
2.934894124176026
5.14462008487385
5.592090608296985
0.11809789037579321
16.102155755749664
24.611939691840234
32.86570952730108
20.21522228849426
43.81703441625905
96.4129416310243
5.260835049281013
25.45323714123515
38.289919557671965
23.507634085824975
56.476592143808375
46.90057860426532
3.976142540541332
16.94562731154656
70.466841059344
26.331877603075554
35.53620252209657
48.78782975645299
11.973504334237077
61.20791870017274
5.5399513346201275
24.09501693009952
52.19685253623902
84.82283395930426
10.344808044450474
49.32909201216535
15.058384404568642
124.50562148507743
58.942582836454676
64.83684112010015
