0.06926918665215999
0.078655567936
0.08984742471936
0.09989442929664002
0.11087195105536
0.12223694137600002
0.13287016458496004
0.14377322561536002
0.154524465216
0.27105101537536
0.39140939337984004
0.50735647426816
0.610098463744
0.6979252397286401
0.7807630976640001
0.85569604147456
0.9234102961177602
0.9803439511782402
1.08827625474304
1.1797192157414402
1.2605433112166402
1.334431590976
1.4025342772249598
1.8917867784217606
2.22256096961536
2.50203556094976
2.73447762497536
2.9621383962649603
3.1613010688230405
3.37469832603904
3.5538704533094387
3.7399227965439996
3.9125283073254393
4.094866303221759
4.2597525573222415
4.4317457813094405
4.6062362507673615
4.77232336539904
4.934390491261442
5.105683699776
5.278524630016002
5.44660003554304
5.609970362613761
5.78235508854784
5.9437815873638415
6.115610296576
6.288210223004161
6.462317151037442
6.624479384680961
6.793512792394241
6.974526054115838
7.13561716555776
7.319578742784001
7.510800661056001
