0.11120037347584001
0.12271737634816002
0.134530502656
0.14572848153600002
0.15814301958399998
0.17017803069696003
0.18313606713600003
0.195307428096
0.20955886617600003
0.3435722914201601
0.41606110821617925
0.312309082817599
0.3872524497727757
0.8156055046374401
0.90563696118016
-0.105141475487465
0.8858951184064884
1.1142440696217601
1.2316240779673597
1.2226266974827322
1.3675126620517488
1.4946686024089602
1.5611043118105599
1.5727314660597145
2.4204738116838405
2.7097953363993597
2.1469900859873174
2.5274236679795887
3.391791115778561
3.601074004380161
3.78882176290816
3.981269977344001
4.159942053160959
0.9543678581375108
2.809991442178096
4.69230459945984
4.867297260503041
0.7137110464109471
5.1968387732377606
5.369000605788161
5.53982460596224
5.71281893462016
5.875240792988161
6.037517322495999
6.21445867161856
6.38585838305536
6.111048798329681
6.727159342858243
6.894346702397442
6.239072884321104
7.242169912384
7.433920035266562
7.606413965539841
7.780886251776002
