0.34048627297508816
0.04527608131962069
0.35405194238269644
0.03107002726966357
0.22381947441690642
0.015219843540940303
0.24984767093876314
0.18986536379858876
0.5771809182927541
1.3212733666097165
1.990752418314571
3.2021639266418447
3.678988946580091
0.29475918443887394
2.5297452347159606
9.357134576078352
6.247049017648237
2.7726001463792045
2.3619300872745725
8.606389598545093
10.059872869888068
0.5106733239128971
11.672385019803414
31.214096250182138
18.825446884608937
19.081665535306456
63.00827140114234
59.1608407942349
10.57260849875638
56.88220802977412
8.265491763771934
54.238901463384536
18.113621038526617
123.36014411039287
92.42985890217096
55.67501696385443
86.79874741137974
136.80648560998452
17.487183542925777
14.231930861536966
35.92715638025038
79.89792549873528
16.80811877303495
51.053676042109146
21.380355382461858
31.77257400068629
100.00441881315783
11.98711055109743
46.25479745284974
98.80254236272594
66.20495550502528
74.40562840470375
18.748725640849443
20.62359820493439
