0.49919935023410744
0.6767166663894812
0.19561554363934164
0.12120131670473455
0.0009798561303853148
0.6077844006236361
0.07724917090024519
0.853240187105385
0.06279646080163559
0.8087180790004993
0.06947650352580581
1.022436579076782
0.23342219910824724
0.0480024486554953
1.3853187032614187
0.3802384948638746
4.849643712974512
1.23252516228672
1.434791040467303
0.9445706506655824
1.3709364215626465
7.268147946366071
7.169635306487862
13.817988073651122
9.234407115154681
41.01845934800076
18.28221476694671
21.325126020328753
13.537224410772978
27.207967122876653
23.742609428865762
49.37663259790861
25.901010096025857
24.543436274620035
44.97925926197786
57.03691369694934
48.661227640182915
51.38492701173527
39.47348914889153
9.517797350425099
29.69721695307817
23.349133409144997
45.68709501485864
36.4805647952453
39.28077321041201
63.592048033940955
17.152288027384202
30.33671009747195
18.994492785954208
32.099905761722766
14.721219135637511
22.213828809886763
14.759857787117653
16.23584356582942
