0.11130604097536001
0.1229764624
0.13379559364864002
0.14469563916544
0.156050281024
0.16689774137344005
0.17964305818624
0.19220858905600002
0.20424325571584
0.32720413470976
0.44828274033664
0.5588459536
0.6580765904486401
0.7451611988198401
0.8285630727193602
0.8948827011097599
0.9607167621145599
1.021829852736
1.12150133289216
1.210387230976
1.29524065386496
1.3675300389273604
1.4342687540121601
1.9183623944601602
2.2482963226240003
2.5073835747840008
2.74829023009024
2.9593522686182396
3.16067524210944
3.3648120404377604
3.537697536778241
3.7233314611609587
3.89687814022144
4.05684695091456
4.234145751616001
4.398979373775361
4.555909246197761
4.721018122332161
4.8868089515238395
5.050317737597439
5.226893337600001
5.3837735276159995
5.547946846464001
5.704913142016
5.869440403171841
6.041323534428159
6.1999008016
6.362751984540162
6.5360808437759985
6.687867694717439
6.858809010915841
7.03629524832256
7.169601738365439
7.3769254296601625
