0.3327437221510188
0.4509811151936596
0.3240145797720828
0.06342629572618819
0.03321139136154727
0.6427352561334274
0.035260525978387136
0.3156375986040558
0.19818655395364715
1.3225736528017933
1.3863830160098018
1.1470103560573648
0.27524394212179004
0.5429977714079541
5.3818639357366465
0.6864697012830447
3.095009263137399
6.837256438828831
0.834399294006289
5.839631749445516
1.2956841027996688
1.1545438638017913
2.004366063951238
6.158688779662953
10.247602751795966
45.02098099709292
0.43549752701073885
24.350417017076325
18.5843208128681
98.7224872322422
1.8683330898147688
62.92607051963569
52.10885815578877
62.255592701927526
18.50581969891573
5.038097056960396
93.88996390561806
87.84495064647854
65.50010722652587
60.100047436422756
84.67556898709518
27.50514085211762
45.754586565788486
12.354644396596996
4.4156668615250965
91.96691557017039
36.63338746653608
18.192924057657365
98.03367255998455
49.232381665664434
12.621797606661858
78.15319150387222
280.4956660753378
308.5452326828716
