0.30522577995055755
0.24724884426003868
0.06549817446847328
0.092220670511594
0.030718542096998647
0.3244973625525063
0.4738150884751491
0.8760029213770935
0.188098213861835
2.5099223775941937
0.32167415533911026
2.0695951996634676
0.9787879367564756
0.9354294704990593
4.51898621349801
1.3168526709595199
1.1130975337008522
3.2630038278480242
5.58487650059908
0.6701573443144753
11.875097262202189
2.754432663053649
11.004242010385724
0.8957613925590522
6.86826157726955
23.064800581862073
45.82490397756919
55.70526184099617
34.6939637085743
102.19469548622874
97.5223617495376
75.40278443061106
145.82781202823026
21.814419644757436
29.66460909831585
15.62096752314028
70.68980635365733
45.92427547889383
90.8139853731227
32.94602732468775
0.2837243182948441
39.02195675871917
52.2660475028315
39.469121087982785
14.220939189857745
71.71824143308186
29.733479852206074
14.329267187444202
134.53078253480635
72.50752263045433
57.435267846471106
84.8311145672269
17.37475836980593
67.5879081423409
