0.049961190399999994
0.05762227415296
0.06484886343936
0.07260653593599999
0.08070235545856
0.08932064686336001
0.09794596455424
0.10701482201344002
0.11470197485824
0.20433871507455995
0.2982557923840001
0.38156218493184013
0.45990532583424
0.52986519705856
0.59721736704256
0.6509288217625602
0.704202932224
0.7557422990233602
0.8447580450918403
0.9193219854438401
0.9937027451929602
1.05107112734976
1.1061957319705604
1.5300779581542403
1.81986143570176
2.05629175730176
2.27518850377984
2.4568079642726404
2.6485505379942396
2.82911323521024
2.9771211080089603
3.1429900311040004
3.324064074242561
3.4657034896000005
3.62033730969856
3.778209157634561
3.9229094574489594
4.07679388509184
4.24008719126784
4.37965781127424
4.53309746909184
4.680188794575361
4.839148197480962
4.982045416860162
5.135952517696
5.29600746459136
5.43978375342336
5.59763801411584
5.763494929984
5.900095409725439
6.0582930496
6.22964859421696
6.379188777871359
6.534821023836161
