0.16173266560000002
0.175239355456
0.18791184614400003
0.20295673725184
0.21672525701375997
0.22979674738944003
0.24325097474304005
0.25680245434624
0.27040998409215994
0.40832508961024
0.545376342016
0.67029719860224
0.7778111080960001
0.8765633135001601
0.9661757617177602
1.0404881298662403
1.1070844358886403
1.16572963234816
1.28744060743936
1.37301024872704
1.45737819684864
1.546580755456
1.60570663035904
2.1007464457830403
2.4383047356518404
2.7245331794560004
2.951183158640641
3.1708839426457605
3.3863478172902397
3.599337484864001
3.769729789872641
3.953925448704
4.129986411274241
4.306740592253441
4.469767220469761
4.63673189757184
4.799660724643841
4.985895999744001
5.137149174784001
5.302084653775359
5.488824294976001
5.633840241469439
5.806843012016641
5.959754293616639
6.135386325629439
6.31409951248384
6.458559443804161
6.62765069362176
6.820145350064638
6.972388118784002
7.134300830525438
7.306727985216001
7.508003333416961
7.656103058728961
