0.16173266560000002
0.175239355456
0.18791184614400003
0.20295673725184
0.21672525701375997
0.22979674738944003
0.24325097474304005
0.25680245434624
0.27040998409215994
0.048949886825677136
0.4178643595393901
0.67029719860224
0.7778111080960001
0.8765633135001601
0.5999430204276264
1.0404881298662403
1.1070844358886403
1.16572963234816
0.7527047937947968
1.37301024872704
1.1669165830455444
0.7860073774865312
1.60570663035904
2.1007464457830403
2.4383047356518404
1.9781184061400685
2.8578228409005026
2.3552395347080917
3.3863478172902397
-1.0642083964388953
3.769729789872641
3.953925448704
4.129986411274241
4.306740592253441
4.469767220469761
4.541006568882828
1.1082997768794134
4.985895999744001
5.137149174784001
5.302084653775359
1.1464333410800833
5.633840241469439
5.806843012016641
5.959754293616639
6.135386325629439
2.7290953039349124
6.458559443804161
6.62765069362176
2.1723653512368903
6.972388118784002
6.150692651461986
4.515134014835701
4.966736739001659
5.064708505139436
