0.6667613220068276
0.1436675460917769
0.348746133767861
0.7956184600480682
0.9803560867406702
0.6199486264026888
0.4017705540771175
0.1635369779018987
0.10586200842989513
2.7969118805598328
2.2765093404678396
0.8511435071545748
1.7464305353960867
0.7503711536510309
5.501327045628273
3.7460839919370983
1.0106809405635886
4.87897177122818
11.293168489077289
7.261953292201042
9.754056158333015
18.753865577773013
5.949814397694354
10.580412469983003
14.14966979568635
56.04940249765605
48.633569372508646
62.546129362011925
6.844279682467459
153.10536993669302
6.239998549730444
9.502722104600252
6.583889625908341
19.628389362398593
60.46149960743787
80.55939071625835
124.39820434500871
80.92338400648077
60.11947352055722
56.66297480632056
172.4487025020535
25.65096441868809
60.08222404771368
63.46891370895173
38.14848277873534
162.3767477572328
66.99306986583542
58.019750572872
171.7211499806217
8.92804947388504
104.98593799621449
110.64327291060908
147.33767151049688
162.07143866154658
