0.8460369615504924
0.566156260569997
0.44126736405033284
0.01839132674238897
1.3678510172843303
0.9934365970182526
0.2636541597469062
1.2176176317246359
1.200976303355418
2.691848196262498
2.914640489717698
1.4054801081998676
2.545313674402337
4.4986276591449155
4.809425948670196
4.154655705526807
5.565034585658168
4.24904856384228
6.538123956845766
0.541537754263345
1.16967147783771
1.0158870348614073
2.418923054863626
8.37169426496257
36.65491730712529
7.05587415478567
35.08793644117941
18.282570259945714
20.09127072080628
84.89799954965747
47.21085560269603
37.211273820954375
8.244629460539727
52.71614573710758
90.21852845464309
2.452922731208673
57.932331592786795
24.81065217050491
69.51795245810354
12.638980623662064
44.23306892758774
36.410609083905
12.697694622365816
24.332026057280018
37.200084169562615
68.34000722094788
60.99593796439149
107.26265709503787
35.01787341298768
30.69585021207604
29.70681265771418
18.79305089670379
84.11079103802331
92.52187014182564
