0.11335880934400001
0.12540777359616004
0.13762081833984
0.15061974712575998
0.16541985689856004
0.177827516416
0.18988538317056003
0.20481634640896
0.21838349615104
0.35193749434623994
0.48757037925376007
0.61320927469824
0.72749163193344
0.826033770496
0.9120800088294401
0.98858635501824
1.05967753636096
1.1226199258137601
1.23768651018496
1.33243988714496
1.4212302059929605
1.4993630254310404
1.5730015862809603
2.0866380304
2.4344037783577606
2.7287181064422406
2.97353880578304
3.205073833984
3.4240867438694407
3.635154065664001
3.8153152594022406
4.0144193715225605
4.196060548669442
4.3820154169369605
4.545246619330559
4.730659800064
4.899422879296001
5.07613877362944
5.258245237864962
5.42436024545536
5.599303754711041
5.770257362496
5.939834653941761
6.1084743814758395
6.287857153600001
6.464912396208641
6.638892295383042
6.819501881589762
6.981406852119039
7.159897077442561
7.34569573467136
7.521222878231041
7.696283292149761
7.879482544130562
