0.4586904946491046
0.2964452125914683
0.2830503308174528
0.02864407900046473
1.2965467625525449
0.8289236329008531
0.013267361341817718
0.8667151015660721
0.7638144294808313
3.787148278586301
4.4428810655327595
3.1986120866437773
0.5981766930592585
2.477841447523133
2.7690560127257413
2.1343677821546407
3.5984224715256232
2.361427961926097
4.88305846657704
1.9053964727522725
0.17360129828944082
1.6037789621832417
2.293619070359682
3.2534158951471
27.330614343998604
18.54409213000781
23.56389802771446
8.34456354689064
27.260043439035144
88.53947203061762
46.98385823238095
33.50340691064412
1.0125426445847552
42.12169291313694
103.44598027028405
18.210689241881482
75.50361956933557
43.73710346786538
49.801959335429274
7.253365571192262
24.709879656977137
17.782596859724435
4.542530546459602
39.72478735759796
24.251251019457413
58.251777366189344
54.11700360930263
104.0959476969656
34.55761178868852
25.941467907126935
39.226205856059096
4.526405335200252
64.89925186815526
71.38917705497079
