0.11184080124466433
0.028369017554364717
0.6772182136613125
0.3039363048755632
0.23317568423544088
0.568167047312329
0.1883970101261383
0.7783259676682945
0.4370028715676142
1.198483254408984
1.3162879475651152
0.503358826665135
0.12086296969573596
1.978978977364136
3.399827485844412
2.6514617018945046
3.0362014577364107
8.924760892900053
0.2440571961731166
2.0968289641252795
4.684341855339653
4.431955322185331
4.242467425134919
20.117470420140307
6.244400019958448
1.4250906628476514
25.8263920341833
11.869635072516758
17.309621339913065
68.00881264101918
27.97328937653765
54.18735564330564
38.87602198923196
7.963474224594393
40.37828314392391
82.3142805522948
57.376083349172404
19.304433525179775
9.86563214796115
0.0397097685636254
36.06513870105118
31.56996512857586
28.728229169311817
2.448008352686884
14.793417330358352
86.7560995046224
10.97589776058885
77.74590013008856
35.46872796727257
43.63936382946122
45.74791312251182
5.649045921825746
65.63732456600701
72.20105702260771
