0.10160385751296001
0.11143525828863998
0.12236003999999999
0.13229340230656003
0.14288037122304004
0.15277216497664
0.16496204648704005
0.17506257666304
0.18714968166400003
0.3095489121894401
0.43497296181504
0.55354314242304
0.65970522706176
0.75598712341504
0.8409447545241601
0.9152090702233598
0.9833086378086399
0.5385466509550835
1.15269254267904
1.24623821558016
1.3288666841190404
1.40812588136704
1.4729725374566405
1.9566280115430406
2.29322321265664
2.5613467370726406
2.7937598112793607
3.0115965001830407
3.2173740396159998
3.0430017696758553
3.5963329600000002
3.7788249663999998
3.94455189922816
4.119763278400001
4.285800911349759
4.018535172994919
4.61674323345664
4.784634764208641
4.9487882104038405
5.112366999759361
5.278120277056001
5.439865851904001
5.60188614236416
5.761466973391359
5.926202089392642
6.096909132864
6.2518081307545605
6.425859965183999
6.58097342014464
6.75622324765696
6.915805963264001
7.08961768784896
7.254584557608959
7.431041107240959
