0.12253890057769468
0.0315037613599074
0.6809047793257719
0.3125032760694211
0.24566657853994656
0.5531207974236452
0.20521141024194378
0.761135511011588
0.4205886067787077
1.2535446897509814
1.542646407085698
0.965481411174892
0.8432548276583702
0.9906381482396682
2.1621458583460935
1.1918431392496132
1.3758783946417452
7.078278772959493
1.8650138163222891
4.396180093669955
7.101504094523079
1.955379850576037
6.7238250837006035
21.37452289307248
6.37192556093305
2.0860547460779344
25.372395353104366
12.078004468294239
16.283133267776066
66.24367470743891
25.728992947282677
51.73731721425793
41.24299928242908
9.975373364020925
41.839449745497404
83.08560288682565
57.34523229120896
18.444138032587944
8.226789094951528
2.372413373512245
38.97602365402781
34.89322146021004
32.29286633670563
1.1734969829340116
18.278727157863614
89.89043657763978
8.341437371760549
79.62045380443305
34.439243377550156
43.536046947789146
47.03512587262958
8.377081838509184
69.86575813015952
76.85233394317548
