0.06122576179456001
0.06958453100544
0.07982478307584001
0.08978412960000001
0.10047378457599998
0.11096573647104004
0.12216311193856
0.13284450406656004
0.14388002095104002
0.26814500905984007
0.40022324742399995
0.52753609396224
0.64444159954944
0.74963457524736
0.8396218169574401
0.9206049407385599
0.9957389488358401
1.0634493376742398
1.183622147136
1.2876802576
1.37771629363456
1.4596312551040003
1.5322993601766406
2.0556860897689604
2.40581938575616
2.69602213306624
2.948946188700161
3.17659043832064
3.40548344418304
3.60795740901376
3.8035671148569596
3.9881559805542417
4.17920501154816
4.362657664245761
4.539994991656961
4.717577049602561
4.89490491322624
5.071540032064
5.245902842920959
5.41575558194176
5.590977529815041
5.7630724096
5.938462114816
6.112999112704
6.290328847587842
6.466165459663359
6.636262357711361
6.814998452247039
6.99266519547904
7.168941990144
7.3399727080345585
7.5113794835481595
7.69638094491904
7.870987358783999
