16.710682102283368
24.624281394733252
33.819310552804346
42.33436018539003
51.09193318268268
59.36957851668497
67.91443865155148
75.83111405348382
83.80666931242041
165.8633841143281
249.21988504755436
334.00661306664085
419.967281701008
506.72363845329346
589.843143345502
672.9809824982971
758.2117477256196
842.5077470251563
1011.9070742675315
1181.791670758434
1348.4274204727974
1517.4762740114509
1682.4708639650744
3361.1689286775627
5021.0768441021355
6717.285856714243
8404.324536434053
10064.418343539104
11847.880869443248
13506.392465948351
15170.017176221501
16787.300691985307
18502.614797345315
20183.44353568838
21834.646253233986
23509.71293646103
25199.896074444478
26897.17244431467
28582.705512008768
30231.422678550884
31936.592226952693
33613.23676208768
35321.73105321453
37019.72196761958
38740.87329743492
40442.01355342618
42081.1550514894
43795.56748264113
45490.64752409709
47162.715605268815
48775.11300564981
50380.76622985834
52101.755530869406
53714.26651341737
