0.16194649217013435
0.1699101040075881
0.44792795893104653
0.42847716315176143
0.005578637773375306
0.5643648087490547
0.2345407179862633
0.7064063192965904
0.6595015108348861
8.831074508435563
14.756970663233233
13.974341352309011
11.159628998705216
7.840776064591807
1.335090170811327
1.7187906932183523
0.5077571369664611
3.955209666522933
3.4306082242591174
3.335724191513691
16.940858910920724
21.155819218663282
20.127631345362033
23.022683621799388
38.64584378544805
28.667672972616856
28.7598581042148
57.3889869880004
85.12284230782825
48.57773257036206
30.462252121704296
77.93646495463327
15.526163802696828
30.232940690104442
0.009773484580364311
26.693789644425124
114.74092020368698
69.8330667369919
44.67462739844996
69.7572323696586
26.963738590802677
122.06329438806279
45.637907378099044
34.901673241467506
145.38496806655166
101.76377083665284
34.07156114215468
63.96397989038087
19.647559166740393
5.307895015299437
60.49053756392823
20.897434110098402
84.35731729135296
92.79304902048825
