1.2563877680284818
0.7776406129541584
0.32977858343772226
0.7357335294396705
0.6808435034552289
1.64969786770299
1.6547477165663338
2.469817970018255
1.358510725765484
4.873671209832082
9.854489034010754
8.685574278982301
5.792045667834088
2.489172928435835
6.712220435047357
7.229617211491018
6.285741627694392
10.175472226086413
4.022664551539833
12.659993222839603
5.7258407126753355
7.658584740766173
4.2181810497643255
3.8053576570619043
22.372726036546737
27.13079108312286
17.360273139109268
36.01379647247268
55.99476372933714
13.642148795810499
8.995364771302775
35.00150399692575
29.678930004425638
16.44491944022957
47.32671950302756
73.94800188786394
161.33876804380998
24.665376037650276
1.3071772304101614
28.70558839993464
11.474295395324589
86.8387566524616
13.616113589865563
6.478732086499804
121.08515460434137
81.44074209647806
17.83659573006298
52.224932082121086
12.344544276384113
2.6400184097510646
58.567529227002524
27.92542173198308
72.69117498270498
79.96029248097548
