0.10323728859136
0.11665339687936
0.13141147005184003
0.14537931882495997
0.15882966798336
0.17412126310655998
0.18797288621056002
0.20325814829056005
0.21539994854399996
0.343799286336
0.4656522907238401
0.58401631273216
0.6916756542361601
0.7883706719257602
0.880984977664
0.9570630636160001
1.02564068721664
1.0925032443494402
1.2029632204902398
1.308534663744
1.3883550699110403
1.4686608904422405
1.5440865707238403
2.06791762625536
2.4169154793062404
2.7077676644761604
2.9720822151398405
3.21024335791104
3.43308128587776
3.6368320743040004
3.834660033149441
4.03348418263296
4.21475644336384
4.400677571952641
4.578627635619839
4.754653515082242
4.922512543336959
5.117621230656
5.28993376020736
5.466992185600001
5.636848432343041
5.821101988415999
5.987887304256001
6.162007903856641
6.34952911785984
6.521780030261761
6.69241998962944
6.87448965685504
7.04984063959296
7.229671252503041
7.405251633584642
7.598358406144002
7.772444398428159
7.953762682370561
