0.38844482769467703
0.12319470778390595
0.4313028262630212
0.35130575004467346
0.2325825475202663
0.4574153597611357
0.08616135142239045
0.35711953331228585
0.048005513318642556
3.692786441500857
2.1040415917418045
1.4976295178619807
0.025041544146972683
1.4991702466302286
8.911533724416927
1.322911733388196
0.6885961694673597
11.836214935822795
0.8483521775152667
4.978380824506303
11.301073354299206
9.53811167163667
7.464928856834149
22.375297368134397
28.409475923536775
47.871974166232576
65.34377969178058
30.81889177373523
19.49534681309524
129.2942583598524
129.31148688911344
71.1408599984643
211.05287308799234
80.48085877646372
96.11450336004418
147.83851824953672
114.44696659561305
67.03039199245177
72.9457968009956
14.024381336148508
63.67172932156245
151.66314944029
187.30826493429777
63.87694780257152
22.971320161028416
58.101917935440724
0.4541754142555874
19.468675025105767
234.2004613172685
112.16148930184863
56.9864069827745
216.35554043653974
144.4122409276606
158.85346502042668
