0.03994625806336
0.046825497664
0.05434941039616001
0.06168825298944001
0.06929698234624
0.07751457812736
0.08540889350400001
0.09417140637696002
0.10244710941696002
-0.09534751818825318
0.25487922534235463
0.38069294881023996
0.46457201666303993
0.537863825664
-0.012700520027179474
0.66710212487424
0.72377352070144
0.09868397973616205
0.8680484921574401
0.9472396992537601
0.9637199779438934
1.0833245909094402
1.1439038327833604
1.5796749389414402
1.86539652834304
1.6101221409790318
1.6100874808548966
2.51675633746944
2.7071305528960004
0.4802935553206211
-0.3985029014937935
2.3867963332956825
-1.8192313712266488
3.10705758083521
1.8628260514289694
1.3624553897791838
1.9315657253230452
4.160444624202241
4.32670618141696
4.4743824028569605
4.620147339427841
-0.648517523259728
0.7824392438798959
5.079073542400001
5.236474326223361
5.398157820520959
5.54778102697984
5.70524944720896
-0.17707789477069458
4.463324886202374
6.170748835440641
1.1270242222898839
2.813405053757818
2.884796614058534
