0.32822008648318857
0.2257205356090317
0.1266992906297304
0.5636031216985202
0.20855494237707717
0.49565176170237635
0.1305493314730768
0.10806624939071696
0.1123408429948114
1.0432888151837574
1.5580816370254809
0.6216832863773902
2.4062523272254452
2.2387149174853676
2.292879104281269
3.1970969897893156
2.112400427671105
3.8235191086637315
14.204601685001762
6.3618778808829575
4.798534780330101
15.663957705634175
0.3509767582102086
23.539125244667957
25.995607201032726
52.29018022459968
9.955959794770024
11.920457402608008
60.22119349953937
82.9257175475359
33.21445342568586
32.85278008665773
18.909797079155396
1.0724113910328015
59.55348062160556
19.51296890961021
51.782968923074804
69.36485100272694
102.08004550004625
54.978376176572056
121.98041070891486
45.264851187916065
41.09675944397168
67.99108650180278
82.44480841215409
163.07588792029128
90.58849246671889
82.12052545994811
186.2767558036503
16.90385362199595
13.728634901730402
121.60164048079605
103.02685663742159
113.32954230116376
