0.09339527172095999
0.10310161371136001
0.11341807417600001
0.12413952942336
0.13414345753600002
0.14517806930176003
0.15557786480896005
0.16630866985216003
0.17750110495743998
0.2923642761318401
0.4054959003673601
0.5108727087129601
0.60209654022144
0.6853376093414401
0.76341180174336
0.8306791250560001
0.89039303812096
0.9420736777830402
1.0510350400000001
1.12635259576576
1.203812729856
1.2809386443673598
1.3379308307481605
1.78573831375104
2.0980943104
2.3645040677913602
2.5803102046233604
2.7858814572160004
2.9736602044441596
3.1733916604825594
3.3453404983398403
3.5174672412774397
3.6805286756761597
3.8474226206310402
4.004481254400001
4.169136721192961
4.325461554895361
4.495180193856
4.63673189757184
4.79834983178496
4.971915280752642
5.113401710602239
5.2788481235353615
5.426409981583359
5.5989705867673605
5.76577680769024
5.9016345315839995
6.06331920420864
6.251192056834559
6.394667597823999
6.559319263242241
6.714292564503041
6.903592294973441
7.050775284636161
