0.49874885306710226
0.6763659112439839
0.19537697997775183
0.12107408907088768
0.0009909805906076485
0.6078829905727687
0.07701849377484393
0.8528716861164725
0.062310399198381106
0.8106416384126192
0.0659403074748468
1.0275144602323394
0.23994226132157337
0.055786018683534166
1.394179878132718
0.37041583730103866
4.8389765858281635
1.2212034229801247
1.4471799203922728
0.9313927610703558
1.3572122093908092
7.254044165809773
7.18395456247481
13.83169454173003
9.2217182450986
41.00534072657956
18.296987914289275
21.307782458830843
13.517148982493381
27.18543357778435
23.766797205660623
49.401485112433875
25.925292888645345
24.565856235054525
44.96007280021513
57.05220872600694
48.67157626729386
51.38034429572144
39.47449054732715
9.511477262763947
29.708679383900744
23.364864906921866
45.66816779292276
36.45944739983679
39.30273421939637
63.61330203651596
17.171372319302463
30.321298913404462
18.984492968331324
32.09683385472454
14.715471394025371
22.197889720409876
14.732338644986157
16.205572509484774
