0.11397592065023998
0.12399074797824
0.13482761484543998
0.14500376580096
0.15596686141696
0.16589263832063997
0.17788689616896
0.18964004333824003
0.20259217048576
0.32338966333696
0.44585854525696006
0.5590564863206399
0.659447940096
0.75390737990656
0.834533406784
0.9061059948160002
0.9721013463040005
0.9802033386885501
1.1358614298240002
1.22916424685824
1.30921927020544
1.3835894696166402
1.44660467590144
1.92475445096704
2.2608225830502406
2.52625847947264
2.75465454511104
2.9731746246681605
3.1693171223577603
3.3706903711360012
3.5531405525017603
3.7349551286502405
3.905360116162559
4.07160723794176
4.2426244400742394
4.407178051583999
4.5732062012313595
3.0506581914341275
4.90027997003776
5.06306161557504
5.226490967104
4.580174671656084
5.552341965744639
5.7094540984729605
5.8798490256000004
5.2435252447503675
6.2028811438105595
6.371367550986242
6.531672005224959
6.6984313904358395
6.86471021150464
7.036015136381441
7.20498976620544
7.379602610997761
