0.113714630656
0.13235742505216
0.15211248025600002
0.17163322122496
0.19045333897216
0.20997803216896002
0.10937413303599106
0.24589697440000005
0.021336524964347625
0.42003672088576016
0.5471454383718399
-1.3586068064440242
-1.7958521635585893
0.8476398777369601
0.9229368044160002
0.9951419146240001
1.0657010995839997
0.4171388002275225
1.0104909744672264
1.3375237069849601
1.4251355191321597
0.38496829978043556
1.57622601286656
2.1171041527398407
1.8217017047073014
2.8130910804198406
3.0861494815360007
3.3351116299494405
3.5619043096806404
1.5842611065179564
0.9233950363803856
1.9196449928670654
4.402376097856001
4.6017045610905605
4.801820232591361
4.989983959459842
5.183927526976002
5.37691506206976
3.9159554826623575
2.5026522076444073
5.949962027919361
6.135299136552959
6.325337672501762
5.063254811944538
6.700253559831041
6.890095810160641
7.09993115324416
7.280585441535999
7.480925176384
3.6538979897342987
7.865951680604161
8.062737534016
2.87421865625043
2.951118025274738
