0.25570437521061606
0.4666744435285928
0.6262514980474592
0.7461058151669775
1.011092213865311
0.7943728903584741
0.26304778116403327
1.2232702835484588
0.0929761100634039
2.697941038750656
5.85488170865986
14.592700918649655
16.316935254054556
4.887280491934575
9.2115568757971
9.655060764254245
4.7104049521256
1.2218404335421837
1.914114155156426
4.501885437126475
6.878256883765289
5.637163903748387
16.96484238834637
28.89590739290179
24.51694863508783
30.020321468005932
35.14334515085102
27.40141845395192
31.613394708158012
115.02069853483954
48.863807506637386
37.78353410085765
119.43588451631149
119.52275636509876
84.50331367848776
130.9811711442817
110.47245727518384
85.66544813485598
143.37388348823515
77.80352267701528
24.141949987297266
50.983202941577474
38.06868929887423
90.67498403924401
71.97120533042471
77.64449674402567
83.55959207391425
20.653419235968613
36.35995461803395
152.52468692021648
19.623098351490626
29.229184984142194
116.25088607615908
127.875974683775
