0.07721107001344002
0.08619250452736
0.09564620099584
0.10514610405376
0.11519127392256001
0.12444977729536001
0.13429820867584
0.14442796935424002
0.155217088576
0.23011850545591714
0.38730209689600015
0.20756664364784028
0.6034082970009601
0.69710209341696
0.7773455155839999
0.7954153275618485
0.9171969516159999
0.33137498359410716
1.0863309219840003
1.1754792317030398
0.706416652909819
1.33069329082624
1.3926718852710398
1.8694852255974403
2.19733899083776
2.4585738242560002
2.68759039152384
2.90444488474624
3.10311618160896
3.29499170060544
3.4780996731289604
2.2082921388150063
3.82357038818304
3.9897729454105604
4.16066002108416
4.318143846607361
4.482054825064961
4.132624245047552
4.808533231434241
4.96305006633216
5.1222408128742405
5.291472102400001
5.440440558615041
5.601136355584002
5.760030720040961
5.92937304892416
6.0851811778560005
5.692191982118915
6.412839066050561
6.5760981236121605
6.7326383033958415
6.90433221001216
7.068545311336958
7.229387317504
