0.5496970549777522
0.16687111609875416
0.3000976900705581
0.4826807232551147
0.8567641699409805
0.308540736528613
0.049316564186966616
0.17397368231414134
0.05353823228750798
1.3402300634642188
1.5408542420140066
2.8644110936873517
1.1210238690154029
0.8181970886085423
0.7674595098833379
2.535711030679863
0.9113224297600482
6.206537966643168
1.8452063140759947
4.074714854280046
10.967466144033324
3.3541884476594532
15.347490646897995
6.941093311634177
19.115771102256986
1.881952764378184
26.808917921656757
0.3110494391476095
10.160823195286866
5.304303111630361
9.409358193273874
78.27740775605344
27.35212809897712
53.12917400137303
2.4143673048965866
65.5890445308105
44.80126350823775
79.9390640299498
20.685484875892143
27.464371674555878
23.00434935899466
88.45803648199944
16.442815827314917
0.8759596829331713
9.806255269279063
83.63209425839887
26.949435034119233
97.84942551485437
51.00189880209655
40.3673421628846
50.29472348584386
0.039742348868458066
38.45847046090057
42.30431750699063
