0.6385947639430469
0.21857987478001561
0.28483768071809124
0.5016220511085336
0.909541995842126
0.39061392356177294
0.16075671866477137
0.03408462720763339
0.11486092581402829
0.9566036096566108
1.046551244187981
2.3423466383264326
0.6232083899298573
1.2651450256132648
0.3764786921681207
2.8714946666256083
0.6167201946589103
6.469570621838557
2.09581770229056
3.7818118641018827
10.585393496506413
2.8314575815593344
14.670510032551647
4.328131373241376
22.17981659189536
3.75037534045714
26.97530161407849
2.1071611088555073
14.44987514377317
0.30470714873081306
3.1349857517489
71.9478938117827
33.26859587926447
58.25399497097533
6.44633367660208
68.46547446081604
46.42235008364878
80.38665851987753
21.391087226893433
25.85784169440376
20.660297341080877
91.345081425854
13.29760883795825
2.3108072309478302
6.8193840414023725
86.14902059062297
28.809968879468215
98.76943807765929
50.83737830883183
38.89905686881684
53.17684155302413
4.639645407856733
44.84857544742408
49.33343299216649
