0.08757243421695998
0.10190702674943998
0.11703843103744
0.13155187032064003
0.14650889211904
0.16085618233344
0.17701204998400005
0.19339870834944003
0.20772592828416
0.3679655011225601
0.52467654823936
0.6776371662438402
0.81872384368896
0.9458698414105601
1.0681007533081601
1.17456348201984
1.27683852873984
1.3667891983257598
1.5358307812249603
1.6875007646745603
1.8215713183360005
1.9416884106470407
2.05694799780096
2.8841440894182395
3.46360685549824
3.9384720430105595
4.343782929615361
4.71910626038016
5.0610025107558405
5.3855705147622395
5.71029521458176
6.006506908469761
6.30269460308224
6.588651157834243
6.878089506365439
7.160368025704963
7.438143471616
7.70908108013824
7.991331948751359
8.25558165270784
8.52834366275584
8.799377080975361
9.06945508567296
9.33920445452544
9.608432703907843
9.87064584397056
10.140199559424001
10.401574461667842
10.66788475945984
10.94221828792576
11.213432712232962
11.473893424744961
11.744581228554242
11.98903367033856
