0.05293091651584
0.06027142840576002
0.06809761640704003
0.07574120460544002
0.08341468185600001
0.09246172725504002
0.10095413219584004
0.11034514686976003
0.11888814336255998
0.21430677731584
0.312650959104
0.40489092514816005
0.4897357156454401
0.5647823104000002
0.5893732526887093
0.6940782705049601
0.7506711400038399
0.80278159396864
0.6522666393564333
0.9769661890560003
1.05164860920064
1.12027152466944
1.17624262902784
1.6080268864000002
1.9094508325094401
2.1605519180185597
2.37176262678784
2.57223089406976
2.75237655922944
2.9385584366617605
2.892174749438801
3.2787185070182394
3.3735500765703117
3.5998717539558402
3.764810657344001
3.9155924507673596
4.067417702656002
4.23038016780544
4.37774272379136
2.0844993446690894
4.69443982222336
4.83798676939776
4.992657761935359
5.1507210304
4.926982662350418
5.065631393372364
5.612972174909439
5.77330175068416
4.863098315663014
6.09447574008064
6.258851131484161
6.418723590400001
6.5852182042240015
6.73245563544576
