0.13825880851758043
0.007317175711033741
0.280982379834704
0.03550124838081814
0.449555611923266
0.19417840717701296
0.04520130611422246
0.5479908557678357
0.07600874998242091
0.9865857073410211
0.9016043564375877
0.910215024020772
0.02452167634419311
0.6999406203863714
4.019968009306808
2.431540406765521
2.8312445257132595
3.1497794272914916
8.006033609426368
5.396186331951867
1.0779342740122502
6.767767678231621
4.547175635401572
16.154457895306678
7.306698864485043
34.60264712017215
4.558459800044147
10.174240402413488
51.033961511868256
22.21875875256592
60.492824132261376
32.66264369173223
77.9682475517584
2.2612279527966166
72.10671200773504
8.871188712448202
30.466965196072124
60.85182515568522
11.73590455305748
80.09028353487156
89.69854003212095
23.103941563764238
18.105708019575104
18.018991653960256
97.71437113142747
106.71932337898033
51.461321404181945
27.889525844875607
101.30438583570503
12.024337639093574
15.64592345616984
17.122539389623853
3.889283486030763
4.27821183463384
