0.1375622793813136
0.0072615821915889
0.28039114677171284
0.03432933610757516
0.45124705252103325
0.19197110901668424
0.04261869388462003
0.5451310636565978
0.07303498362892924
0.9790032256710788
0.8524386794433951
0.7859063756887963
0.25238510069954145
0.3528972899131304
4.503566961948081
1.826796563487619
2.099003782059526
2.2966752217035946
9.08489201724774
4.165166891592662
0.27418419802302196
8.19345583781569
3.094287715575092
15.54713595935118
7.456792129061796
34.67197204029253
3.791340672196384
11.500771038701714
49.78378552721006
22.457191251045515
62.04567077534011
28.280991597795946
70.21341740583739
8.940066968829342
57.07346608601438
9.545138193283492
51.96572121365898
36.60624581129741
37.82119251555196
107.30220873801227
62.16132007923443
50.06455657797051
43.55205849924823
4.9286486232231255
78.31910379306646
91.65336250690598
61.88088509872614
32.30581988408085
104.14514134728961
2.205271612307115
33.75830090124509
9.626588079285284
40.167753769419505
44.18452914636146
