0.559193764498989
0.30022090579327454
0.29060750990270634
0.3927769767729359
0.5077397045931633
0.8986457075884502
0.6820858127453135
0.6383454919623262
0.4074382774355314
1.5139162320997173
1.1093533005071379
0.7585704099320765
2.868830256190563
0.7653843933161397
2.9931802422325973
0.7020181127244314
2.768864741079483
3.2164305633988306
5.31740030509809
0.383855788473511
0.9628962213910199
0.5682913113785162
0.707008284434778
12.470351078316071
17.28944268343548
2.2395975313829695
19.728636571087918
42.51341122682243
8.394993136485937
11.354445897266487
54.57594963408337
42.45252993794929
60.41283373579063
53.54683317652962
37.49485708737848
65.75346042558158
24.61651966235513
1.3120015167769452
30.45858058138765
66.035093581806
41.727645516493794
76.67800853006338
36.24397167303687
2.8381128168475698
39.55691331666458
7.673363955647801
16.119087547136587
132.6910304424091
27.834146215231158
28.331563527026447
82.46730376729829
59.92556737497944
111.03094622033677
122.13404084237045
