0.3380102402313234
0.20042361116664154
0.2726438494618506
0.2709545225711878
0.2889636299778928
0.5869108094624664
0.29005872362982643
0.17028349050558234
0.12940526919562956
2.4937278600960155
2.2387190935887418
1.8940456278756415
1.7863142914883952
0.25037730368086386
2.050481702166735
0.17301542566519856
1.9633059970094564
2.4787121233775906
4.722656318708459
0.8252155344341645
0.7060821178217793
0.5211791491715303
0.8966189732170733
9.323287539543799
12.329629060122897
6.627091649742397
17.793467891529872
40.885312685382814
3.400190584939992
3.621547229067801
63.86763743327174
32.84765887801768
51.863949535090796
47.174387736416975
40.97540663384643
65.63911239598019
28.93607066900222
9.611816578475555
18.403331446344964
50.64319064575102
23.492051257348066
56.42973901049845
14.771831842968822
18.878531064241542
60.48882009771478
26.863985521871655
32.51799719190603
145.01357200032362
19.828793477732688
25.992376733025594
77.77394065666158
71.43488328767853
130.50062788580544
143.550690674386
