0.05752092315904001
0.06546884281344001
0.07407454928895998
0.08251233270016003
0.09122429552896001
0.10046262733056002
0.10926039367936
0.11841527087104001
0.12751069706496
0.22288067608576
0.31965725822976004
0.40902266758144
0.4927950144409599
0.563328304704
0.6305579642982401
0.6886052155417601
0.7447054845542401
0.7954813288857603
0.8873067273241602
0.96461940822016
1.0370082088960002
1.1020531652838403
1.1619701659878403
1.596442358016
1.9005114909721599
2.15305615503616
2.37035337986304
2.5798578806809602
2.7660586088678403
2.94822086707456
3.11720776339456
3.298379028736001
3.46786630795264
3.632201710888959
3.7863555727359994
3.9450412868838405
4.113763987970561
4.270729750735361
4.426263927613442
4.581038192896
4.741231017994241
4.895839493839362
5.057677149183999
5.21917053014016
5.381976840317441
5.53833341264896
5.699197470320641
5.87123139429376
6.01755438735616
6.180196000000001
6.35476337326336
6.5056991133798405
6.66667442569216
6.85042261049344
