0.4985407402166757
0.6762041801504175
0.19526721049059148
0.12101569021261582
0.000995993161005515
0.6079282718797145
0.07691284162810064
0.852703227946563
0.062088504531544686
0.8115099613117707
0.06435551930667316
1.0297800042940253
0.24284275297804925
0.05924218002496673
1.398110006592674
0.3660623832377041
4.834250630877705
1.2161879764461219
1.452669676585856
0.9255487546040513
1.3511190658871328
7.247773555963704
7.190330128726373
13.837925905728753
9.21583501677378
40.99921812042248
18.303843314986807
21.299826802403913
13.508045750035308
27.175318056391916
23.777569169642447
49.412479336362594
25.9359722300469
24.5756645037618
44.951725866718334
57.05882226513495
48.676004543693125
51.378448526320426
39.47503689196674
9.508612872552476
29.713777556124114
23.3718106018423
45.65984599443618
36.45019154597685
39.31233456887276
63.622571120133216
17.17967396955646
30.31461879075505
18.980190869297076
32.095568104261474
14.712878592981724
22.19084400896827
14.7202381373354
16.192261951068943
