16.321459259783325
24.553795819849583
33.44473278950941
41.92898430978738
50.460995993161006
58.26207172812029
67.3569128416281
76.54270322794656
84.16208850453154
167.38849003868822
252.36435551930666
335.37021999570595
420.25715724702195
504.540757819975
587.3018899934073
673.1660623832377
761.7342506308777
842.2161879764461
1007.7473303234141
1178.325548754604
1346.951119065887
1521.0477735559637
1674.8096698712736
3350.1620740942712
5055.215835016774
6768.9992181204225
8391.696156685013
10113.299826802404
11787.508045750033
13483.175318056392
15114.22243083036
16770.587520663637
18476.064027769953
20159.42433549624
21910.95172586672
23490.94117773486
25181.323995456307
26963.37844852632
28633.475036891967
30266.49138712745
31987.71377755612
33663.37181060184
35276.340154005564
36967.54980845402
38725.31233456887
40431.62257112013
42067.17967396956
43701.685381209245
45395.0198091307
47063.90443189573
48792.71287859298
50482.19084400897
52156.72023813734
53781.98941914229
