0.04714595801344001
0.05629496494336002
0.06624569982976
0.07657661493503999
0.08714587394303999
0.09728610141183999
0.10873743671296002
0.11928900222976001
0.12807694918656004
0.22742369058815998
0.32585647891456
0.42640273122304007
0.5111998323097601
0.5898682376294401
0.6710466976153602
0.7320924293759999
0.7924076138598399
0.8590205220889601
0.9454933042790401
1.03564652995584
1.11205292433664
1.1792222464
1.24513818347776
1.7197993354854402
2.0366029932160004
2.294449385536
2.529000656202241
2.76640987670784
2.959473377344
3.13881033689344
3.3374262285337606
3.534785034485761
3.69269414035456
3.8648414464
4.053231933696002
4.20637785415936
4.374281897666559
4.56380161659136
4.714442942218241
4.872113251624961
5.03932817608704
5.242517271439361
5.37626210285824
5.539078984215041
5.722329952176642
5.897274207644159
6.0409774656
6.224641773898241
6.400098521090562
6.576278657935358
6.732912309967359
6.917935206730241
7.089898864744961
7.261127843903999
