0.04714595801344001
0.05629496494336002
0.06624569982976
0.07657661493503999
0.06622054100933289
0.0747351885047234
0.00509416625947022
0.054206170795846303
0.12807694918656004
-0.48897337202414676
-1.2977608189202017
-0.16340297892445332
-0.17936916949346438
0.05189565447732969
0.11191292464392855
0.7320924293759999
0.656094518819986
-1.3641575352761461
0.9454933042790401
1.03564652995584
1.11205292433664
1.1792222464
1.24513818347776
1.7197993354854402
2.0366029932160004
1.4458269750642443
1.8295292994617456
-0.9928558555710771
2.959473377344
1.2030110167599428
3.3374262285337606
-0.461509655925334
3.69269414035456
3.5885575596468153
3.514895231001742
3.731662084523286
2.6854321669290133
2.277457934054021
4.714442942218241
1.972047534428368
1.259133083896919
-2.80637137554859
5.37626210285824
3.0436353575695243
5.722329952176642
4.847799330904786
2.145538812157412
6.224641773898241
6.400098521090562
6.576278657935358
6.732912309967359
6.917935206730241
7.089898864744961
7.261127843903999
