0.5573297833745485
0.4171136956203796
0.06343194522621332
0.552575094478378
0.9881445197215655
0.8798815543899394
1.6824647399249812
1.6477997352443197
0.15199059651141056
6.5642463440643155
10.344324675493993
4.663649807718173
5.063660734936889
3.7281604709559133
9.348476814625542
5.089845073343213
6.185274711099623
24.165170058570652
2.3400497659370103
5.446396966999373
0.7883864636996805
12.51705414337357
13.192222371532125
7.440634175154628
1.0045807961896571
35.65580997390589
37.72453399220831
126.44002133875438
38.143719433846854
98.79954074832676
6.015778020710059
132.79535568231222
57.22905035193253
82.70327728091434
77.80660525206986
87.9953464802602
92.97560603791135
131.5443528447322
28.085789648408536
112.85944570161519
99.30187814864621
277.76822801330854
51.41167648044939
90.83809809979721
68.50068978425406
135.5071040751718
117.22090688362368
16.784517824475188
57.55026183654991
92.8205704052234
73.48001976590604
21.121097816278052
23.3807337980179
25.71880717781969
