0.07287235462144
0.08734341873664
0.104246328384
0.12004395549696004
0.13371835189504003
0.14802178969600002
0.16394854491136002
0.17796113479936002
0.1928263744
0.3206331735270401
0.42792111898623997
0.51553778569216
0.6018507447321602
0.6871455025177601
0.7541213388825602
0.8185964480742401
0.88217478317056
0.93954714264576
1.03941124303104
1.1278847811686399
1.2030790450201603
1.2852448535449599
1.3436778709094401
1.84320374743296
2.19499158774016
2.4911344275558402
2.7486987264000002
2.97050464463104
3.1929229803750405
3.4084721635430406
3.6272390917734394
3.8264617908633607
3.996666294888961
4.1908706165145615
4.380762859939841
4.5733567532646395
4.75043297158144
4.92938750546176
5.111491556976641
5.3192005054566405
5.482393721981439
5.662534233664001
5.84175751593984
6.0399393185894406
6.211826467432959
6.388972058050562
6.59732786749696
6.764185607703041
6.95678183506944
7.149728375285761
7.338446944266241
7.5247951144959995
7.7187597441433615
7.920541156239361
