0.06820155610239453
0.5239496416485352
0.37341006547686106
0.7309468156623211
0.008354600188624772
0.2947815513134415
0.4787532674511965
0.2812878291448584
0.7300242953234459
0.11016724781023868
2.063725864795515
9.981781922578648
9.945434665040295
1.1502075921712276
4.893471963419302
4.969219735807087
0.6665272658046888
3.820356118974246
2.9020718103752188
0.7752948203169581
11.795202396318473
6.591163581063256
17.673762864483933
24.78537656657545
12.206886468145058
30.233407920654827
31.479278176333537
85.60454339751959
105.62568413673762
99.35427932166385
0.28427259036470787
7.443400350668526
225.269875019756
204.1662318869603
192.76310480086977
134.1787953852472
199.5809430619047
235.7589684937011
233.9648403024148
11.625018253409507
153.2601556330883
160.25756346990966
177.47414673899766
22.75394451705506
116.86318659065728
168.70267428505758
57.00496221852518
105.72597157498967
44.37622492769151
8.347475179347384
11.02247911633458
19.60358821009868
4.081120913295308
4.48923300462484
