0.17569034809224604
0.5742977417101649
0.3782116492839407
0.778840600681356
0.07179527110206863
0.18481142947266704
0.6182479817016571
0.44429783646356213
0.9161104439037473
0.48273295577038766
1.447728225502516
9.042416675756726
8.541680150327124
0.8762378400012949
2.25811794658523
1.650764074822746
4.742264942602105
8.63714132196992
9.082104384127433
8.146078317982528
3.5211780562221975
15.626651592059943
8.305503681533537
23.137231019100454
18.710929258167198
29.14932922512071
46.91899023552287
49.459009022350074
45.69497310928455
15.942640633007613
106.07722371502496
116.36209500805126
88.35725622026803
55.16900871285907
35.04615249125345
29.238891386696196
33.64749359801863
69.81987136198222
70.48649025738268
169.4826972611263
1.7506060576051823
17.552894576263498
45.23004984622821
96.15228874890454
10.869455022482725
77.17695320065104
130.18431362361298
48.1488763522575
5.683906329926685
27.302396646577108
9.991399085905869
40.935232528237975
38.88806673036743
42.776873403404174
