0.07287235462144
0.076632253376542
0.104246328384
0.10639018323504319
0.13371835189504003
0.14802178969600002
0.16394854491136002
0.17796113479936002
0.1928263744
0.3206331735270401
0.42792111898623997
-0.9400738397070062
-0.8597998625955712
0.6871455025177601
0.7541213388825602
0.8185964480742401
0.88217478317056
0.577435479366271
0.6729664819046997
1.0046275647880718
1.2030790450201603
0.48124280496116345
1.3436778709094401
1.84320374743296
2.19499158774016
2.4911344275558402
2.7486987264000002
2.425046197518619
3.1929229803750405
3.4084721635430406
-0.05552640130072639
0.531350670321963
3.0543087377715015
4.1908706165145615
4.380762859939841
4.5733567532646395
4.75043297158144
4.92938750546176
4.391338318597303
0.40598142023658657
5.482393721981439
5.662534233664001
5.84175751593984
6.0399393185894406
6.211826467432959
4.88865194626376
4.549966066193553
6.764185607703041
6.95678183506944
7.149728375285761
7.338446944266241
7.5247951144959995
7.7187597441433615
7.920541156239361
