0.25690362247453535
0.6760161343998092
0.03632435864764716
0.019102581257065765
0.22054700126866322
0.11773487218536616
0.07576916607561657
0.8067853339784534
1.7092099447618665
0.8510579904156543
0.577463736723189
5.712346446518609
6.590794340355501
2.261176096223437
0.3972347184051159
1.6028191813346666
1.2460685787275452
6.936046638618677
5.768818137256176
0.8365142842610567
1.4957355334379372
3.770757742302976
2.707238095391176
11.717767412320427
5.72681336272035
28.763481020988365
28.112194902854753
36.46094668175647
64.5468793076434
35.678102635387404
74.94648181638513
22.902002665457985
38.499923397554085
36.31866789187188
4.668781420590676
20.294926943701284
39.633277048564196
16.994585362190264
39.86997287129998
20.477548062674032
9.923225997397822
27.310940488394408
13.494594938376395
62.55023742148478
19.976885288357153
75.25285511401307
73.69547510144184
39.82306472405617
21.75724953372992
61.311919612649945
46.04750124269049
29.406247908133082
43.992160511268594
48.39137656239546
