0.09274022627584
0.06943036867359731
0.12663235399936001
0.14355975389184003
0.15977096202496005
0.17673077892096004
0.19264093471743998
0.14720847770916523
0.0706882014823067
0.3636225073254401
0.47876214301696013
-0.3104452866876184
-0.4649935559295435
0.6806093614224508
0.8266097270886402
0.8954155576959999
0.9579586095129602
0.9968554873688917
1.1257176048025603
1.2169796362239997
1.30274282578176
1.38379649926144
1.4557213974758398
1.9818197515494398
2.34985844245504
2.6561176576000003
2.9130296976000003
3.096042052982271
2.782125921309496
3.6076231113753607
2.116995032757087
4.0323531571840014
4.225747902773761
4.42293202669824
4.62150933308416
4.810154313000961
4.9976927447040005
5.192426293148161
5.373569065215999
5.567198722877439
5.750488409909761
5.941293150538241
6.12667048460544
6.3194961217766386
6.4982493348889605
5.313167578823273
6.88723181783296
7.06508307890176
7.263973670976
7.461682265663999
7.654447395555841
7.84158600020224
8.037270360064001
8.23698265620736
