0.5596112842271488
0.5738995325428675
0.14104793233282464
0.2864823173567004
0.6226398339210846
0.40560682865521613
0.5446987557780005
0.09870963990816506
0.929388071409349
0.041641170182202814
1.0747787336460704
5.646253957954741
5.879549208617107
0.8971739771804437
2.316306164055618
3.9576831721608414
3.910550552044924
9.799115017103077
8.650748778802267
1.68513206779744
0.34903871323695057
4.6944060457715295
2.628551727637614
16.927963640029702
6.639353230667439
29.326462674282993
30.94618468211047
45.07004520609735
49.90840582663259
54.34337068343666
53.68692136261416
1.0474434248571924
59.53242877736193
55.33782243963287
11.42901395316585
33.07528323742372
48.84756165315048
11.53194241143865
41.97448877441275
21.671098557246296
5.992607692049205
33.61181865022081
21.57805594884121
71.91122577915667
9.969471972210158
65.11923200551246
83.3341678134384
31.135276915425493
28.833256751437148
66.24362258974725
48.401824119646335
29.98152689205017
48.04724165398511
52.85196581938363
