0.06377766379776
0.07295789949183999
0.08229003653376
0.09189531467776003
0.10255980630016001
0.11233008058624003
0.12087470703615998
0.13015124091903998
0.13979702235136002
0.24264372588544
0.3435722914201601
0.43720448276735996
0.52488054378496
0.5977343264358399
0.66701587746816
0.72587128356864
0.7842816921702401
0.8394605543526401
0.9334156788633603
1.0141940131840004
1.08563396229376
1.1488032571417601
1.211161878784
1.6531540911001599
1.9625902952550405
2.2265510154342407
2.4359967498239996
2.6434545575961597
2.8339702336
3.02327520954624
3.18663627727104
3.3646183366681606
3.5326014448665606
3.7077258576793595
3.8517045557759992
4.015759492096
4.181004198300159
4.336449733327361
4.488913419471361
4.641129131584
4.809613922122239
4.9545061603840015
5.1161083724185605
5.283944453962241
5.4369106968985585
5.593891003824639
5.758087838722562
5.93185898846464
6.070428702976002
6.23518479003904
6.41096728332544
6.55715581019136
6.72131757654016
6.904794677045759
