0.06377766379776
0.07295789949183999
0.08229003653376
0.09189531467776003
0.05853705629335351
0.09117280605948133
0.12087470703615998
0.13015124091903998
0.13979702235136002
0.0619898867175987
0.09657120863477464
0.36069273490420106
0.52488054378496
0.5977343264358399
0.66701587746816
0.72587128356864
0.7842816921702401
0.7446206023816153
0.7422736983946843
1.0141940131840004
1.08563396229376
1.1488032571417601
1.211161878784
1.6531540911001599
1.9625902952550405
1.2136492973853108
2.4359967498239996
2.6434545575961597
2.8339702336
3.02327520954624
2.78753635701602
3.3646183366681606
3.5326014448665606
1.8985997563633714
3.8517045557759992
4.015759492096
4.181004198300159
4.336449733327361
4.488913419471361
4.004510315609496
4.809613922122239
4.57984258218816
5.1161083724185605
5.283944453962241
5.4369106968985585
5.593891003824639
5.758087838722562
1.3261659917642836
6.070428702976002
6.23518479003904
6.41096728332544
6.177286286521086
3.946595780342038
4.054329114230647
