ch	pt	fine_thr	a_fit	b_fit
 0	 0	 0	225.792	4.602
 0	 0	 1	224.891	4.632
 0	 0	 2	223.908	4.639
 0	 0	 3	223.021	4.604
 0	 0	 4	221.905	4.591
 0	 0	 5	220.980	4.644
 0	 0	 6	220.183	4.636
 0	 0	 7	219.078	4.614
 0	 1	 0	225.616	2.311
 0	 1	 1	224.763	2.192
 0	 1	 2	223.892	2.253
 0	 1	 3	222.874	2.255
 0	 1	 4	221.718	2.127
 0	 1	 5	220.797	2.123
 0	 1	 6	219.845	2.121
 0	 1	 7	218.948	2.073
 0	 2	 0	225.613	1.452
 0	 2	 1	224.649	1.445
 0	 2	 2	223.748	1.472
 0	 2	 3	222.701	1.442
 0	 2	 4	221.619	1.419
 0	 2	 5	220.670	1.425
 0	 2	 6	219.823	1.380
 0	 2	 7	218.852	1.271
 0	 3	 0	225.540	1.055
 0	 3	 1	224.591	1.122
 0	 3	 2	223.717	1.078
 0	 3	 3	222.773	1.100
 0	 3	 4	221.597	1.121
 0	 3	 5	220.589	1.056
 0	 3	 6	219.774	1.084
 0	 3	 7	218.714	1.066
 0	 4	 0	225.548	1.017
 0	 4	 1	224.534	0.858
 0	 4	 2	223.655	0.980
 0	 4	 3	222.735	0.926
 0	 4	 4	221.599	0.995
 0	 4	 5	220.629	0.926
 0	 4	 6	219.687	0.856
 0	 4	 7	218.702	0.847
 0	 5	 0	225.494	0.692
 0	 5	 1	224.598	0.789
 0	 5	 2	223.683	0.829
 0	 5	 3	222.626	0.719
 0	 5	 4	221.575	0.714
 0	 5	 5	220.617	0.756
 0	 5	 6	219.675	0.624
 0	 5	 7	218.787	0.699
 0	 6	 0	225.568	0.692
 0	 6	 1	224.555	0.653
 0	 6	 2	223.641	0.632
 0	 6	 3	222.724	0.705
 0	 6	 4	221.645	0.620
 0	 6	 5	220.620	0.665
 0	 6	 6	219.653	0.568
 0	 6	 7	218.819	0.658
 0	 7	 0	225.576	0.632
 0	 7	 1	224.565	0.631
 0	 7	 2	223.669	0.680
 0	 7	 3	222.662	0.624
 0	 7	 4	221.588	0.637
 0	 7	 5	220.602	0.664
 0	 7	 6	219.662	0.557
 0	 7	 7	218.800	0.550
 1	 0	 0	228.336	4.526
 1	 0	 1	227.306	4.621
 1	 0	 2	226.130	4.574
 1	 0	 3	225.248	4.557
 1	 0	 4	224.201	4.657
 1	 0	 5	223.210	4.570
 1	 0	 6	222.352	4.519
 1	 0	 7	221.206	4.533
 1	 1	 0	228.053	1.834
 1	 1	 1	227.021	1.812
 1	 1	 2	226.139	1.952
 1	 1	 3	225.019	1.884
 1	 1	 4	224.012	1.916
 1	 1	 5	222.902	1.882
 1	 1	 6	222.007	1.884
 1	 1	 7	221.019	1.979
 1	 2	 0	227.947	1.143
 1	 2	 1	227.004	1.082
 1	 2	 2	225.944	1.195
 1	 2	 3	224.928	1.206
 1	 2	 4	223.835	1.237
 1	 2	 5	222.882	1.102
 1	 2	 6	221.928	1.154
 1	 2	 7	220.860	1.178
 1	 3	 0	227.916	0.875
 1	 3	 1	226.920	0.850
 1	 3	 2	225.888	0.859
 1	 3	 3	224.926	0.904
 1	 3	 4	223.843	0.873
 1	 3	 5	222.873	0.882
 1	 3	 6	221.917	0.891
 1	 3	 7	220.896	0.840
 1	 4	 0	227.929	0.759
 1	 4	 1	226.897	0.739
 1	 4	 2	225.935	0.775
 1	 4	 3	224.937	0.737
 1	 4	 4	223.875	0.753
 1	 4	 5	222.866	0.749
 1	 4	 6	221.838	0.762
 1	 4	 7	220.835	0.741
 1	 5	 0	227.932	0.650
 1	 5	 1	226.912	0.677
 1	 5	 2	225.960	0.643
 1	 5	 3	224.924	0.655
 1	 5	 4	223.844	0.657
 1	 5	 5	222.864	0.620
 1	 5	 6	221.872	0.661
 1	 5	 7	220.846	0.644
 1	 6	 0	227.925	0.652
 1	 6	 1	226.941	0.604
 1	 6	 2	225.920	0.605
 1	 6	 3	224.920	0.603
 1	 6	 4	223.874	0.608
 1	 6	 5	222.854	0.642
 1	 6	 6	221.850	0.581
 1	 6	 7	220.899	0.635
 1	 7	 0	227.878	0.603
 1	 7	 1	226.971	0.613
 1	 7	 2	225.915	0.672
 1	 7	 3	224.898	0.633
 1	 7	 4	223.794	0.622
 1	 7	 5	222.861	0.653
 1	 7	 6	221.870	0.625
 1	 7	 7	220.872	0.610
 2	 0	 0	220.751	5.298
 2	 0	 1	219.856	5.361
 2	 0	 2	218.660	5.236
 2	 0	 3	217.818	5.374
 2	 0	 4	216.630	5.230
 2	 0	 5	215.642	5.336
 2	 0	 6	214.738	5.456
 2	 0	 7	213.695	5.311
 2	 1	 0	220.171	2.087
 2	 1	 1	219.125	2.071
 2	 1	 2	218.181	2.072
 2	 1	 3	217.182	2.117
 2	 1	 4	216.120	2.059
 2	 1	 5	215.112	2.125
 2	 1	 6	214.105	2.058
 2	 1	 7	213.138	2.150
 2	 2	 0	220.058	1.338
 2	 2	 1	219.095	1.260
 2	 2	 2	218.104	1.268
 2	 2	 3	217.140	1.272
 2	 2	 4	216.046	1.308
 2	 2	 5	214.999	1.303
 2	 2	 6	214.032	1.357
 2	 2	 7	213.011	1.307
 2	 3	 0	220.045	0.960
 2	 3	 1	219.056	0.986
 2	 3	 2	218.169	0.994
 2	 3	 3	217.164	0.979
 2	 3	 4	216.021	0.991
 2	 3	 5	215.039	0.938
 2	 3	 6	214.036	1.012
 2	 3	 7	212.992	0.978
 2	 4	 0	220.036	0.815
 2	 4	 1	219.082	0.766
 2	 4	 2	218.126	0.788
 2	 4	 3	217.108	0.787
 2	 4	 4	216.021	0.878
 2	 4	 5	215.006	0.896
 2	 4	 6	213.929	0.842
 2	 4	 7	212.956	0.870
 2	 5	 0	220.010	0.696
 2	 5	 1	219.006	0.629
 2	 5	 2	218.106	0.712
 2	 5	 3	217.154	0.722
 2	 5	 4	215.999	0.745
 2	 5	 5	215.016	0.733
 2	 5	 6	213.965	0.691
 2	 5	 7	213.016	0.731
 2	 6	 0	220.004	0.695
 2	 6	 1	219.039	0.640
 2	 6	 2	218.095	0.641
 2	 6	 3	217.137	0.619
 2	 6	 4	215.968	0.634
 2	 6	 5	215.052	0.646
 2	 6	 6	213.961	0.629
 2	 6	 7	212.919	0.652
 2	 7	 0	219.953	0.645
 2	 7	 1	219.078	0.591
 2	 7	 2	218.099	0.601
 2	 7	 3	217.090	0.622
 2	 7	 4	215.996	0.647
 2	 7	 5	215.010	0.622
 2	 7	 6	213.970	0.620
 2	 7	 7	213.007	0.627
 3	 0	 0	226.970	5.218
 3	 0	 1	225.951	5.142
 3	 0	 2	224.906	5.187
 3	 0	 3	224.012	5.145
 3	 0	 4	223.059	5.208
 3	 0	 5	222.093	5.172
 3	 0	 6	221.235	5.133
 3	 0	 7	220.075	5.148
 3	 1	 0	226.756	2.210
 3	 1	 1	225.682	2.115
 3	 1	 2	224.910	2.231
 3	 1	 3	223.851	2.157
 3	 1	 4	222.723	2.104
 3	 1	 5	221.840	2.079
 3	 1	 6	220.917	2.171
 3	 1	 7	219.940	2.142
 3	 2	 0	226.647	1.266
 3	 2	 1	225.667	1.329
 3	 2	 2	224.675	1.320
 3	 2	 3	223.724	1.335
 3	 2	 4	222.686	1.331
 3	 2	 5	221.834	1.256
 3	 2	 6	220.794	1.279
 3	 2	 7	219.753	1.218
 3	 3	 0	226.577	0.989
 3	 3	 1	225.656	0.964
 3	 3	 2	224.706	0.993
 3	 3	 3	223.720	0.986
 3	 3	 4	222.650	1.012
 3	 3	 5	221.756	1.021
 3	 3	 6	220.936	0.964
 3	 3	 7	219.714	0.979
 3	 4	 0	226.598	0.803
 3	 4	 1	225.620	0.865
 3	 4	 2	224.655	0.788
 3	 4	 3	223.655	0.803
 3	 4	 4	222.675	0.797
 3	 4	 5	221.753	0.766
 3	 4	 6	220.807	0.823
 3	 4	 7	219.710	0.789
 3	 5	 0	226.613	0.718
 3	 5	 1	225.631	0.663
 3	 5	 2	224.692	0.692
 3	 5	 3	223.659	0.682
 3	 5	 4	222.683	0.719
 3	 5	 5	221.642	0.726
 3	 5	 6	220.766	0.676
 3	 5	 7	219.719	0.672
 3	 6	 0	226.547	0.664
 3	 6	 1	225.558	0.665
 3	 6	 2	224.660	0.669
 3	 6	 3	223.684	0.663
 3	 6	 4	222.635	0.669
 3	 6	 5	221.611	0.645
 3	 6	 6	220.667	0.697
 3	 6	 7	219.740	0.638
 3	 7	 0	226.685	0.632
 3	 7	 1	225.607	0.624
 3	 7	 2	224.720	0.637
 3	 7	 3	223.601	0.628
 3	 7	 4	222.629	0.648
 3	 7	 5	221.654	0.592
 3	 7	 6	220.716	0.630
 3	 7	 7	219.713	0.597
 4	 0	 0	223.787	5.566
 4	 0	 1	222.963	5.486
 4	 0	 2	221.809	5.445
 4	 0	 3	221.089	5.528
 4	 0	 4	219.989	5.500
 4	 0	 5	218.960	5.575
 4	 0	 6	218.293	5.525
 4	 0	 7	217.199	5.392
 4	 1	 0	223.307	2.422
 4	 1	 1	222.410	2.353
 4	 1	 2	221.420	2.451
 4	 1	 3	220.485	2.349
 4	 1	 4	219.479	2.318
 4	 1	 5	218.633	2.239
 4	 1	 6	217.686	2.281
 4	 1	 7	216.734	2.320
 4	 2	 0	223.342	1.588
 4	 2	 1	222.257	1.395
 4	 2	 2	221.366	1.334
 4	 2	 3	220.291	1.407
 4	 2	 4	219.401	1.343
 4	 2	 5	218.581	1.394
 4	 2	 6	217.630	1.287
 4	 2	 7	216.600	1.383
 4	 3	 0	223.277	1.098
 4	 3	 1	222.332	1.095
 4	 3	 2	221.307	1.088
 4	 3	 3	220.365	1.052
 4	 3	 4	219.332	1.046
 4	 3	 5	218.507	1.020
 4	 3	 6	217.540	1.035
 4	 3	 7	216.638	1.034
 4	 4	 0	223.264	0.895
 4	 4	 1	222.258	0.942
 4	 4	 2	221.244	0.877
 4	 4	 3	220.275	0.953
 4	 4	 4	219.497	0.856
 4	 4	 5	218.502	0.805
 4	 4	 6	217.689	0.849
 4	 4	 7	216.574	0.852
 4	 5	 0	223.297	0.741
 4	 5	 1	222.310	0.768
 4	 5	 2	221.397	0.768
 4	 5	 3	220.333	0.728
 4	 5	 4	219.503	0.707
 4	 5	 5	218.459	0.693
 4	 5	 6	217.626	0.714
 4	 5	 7	216.573	0.745
 4	 6	 0	223.283	0.638
 4	 6	 1	222.286	0.685
 4	 6	 2	221.439	0.666
 4	 6	 3	220.410	0.689
 4	 6	 4	219.448	0.639
 4	 6	 5	218.470	0.674
 4	 6	 6	217.626	0.642
 4	 6	 7	216.694	0.675
 4	 7	 0	223.323	0.660
 4	 7	 1	222.308	0.642
 4	 7	 2	221.388	0.636
 4	 7	 3	220.345	0.729
 4	 7	 4	219.418	0.656
 4	 7	 5	218.487	0.632
 4	 7	 6	217.689	0.631
 4	 7	 7	216.675	0.662
 5	 0	 0	223.084	5.525
 5	 0	 1	222.174	5.520
 5	 0	 2	221.055	5.523
 5	 0	 3	220.214	5.547
 5	 0	 4	219.097	5.477
 5	 0	 5	218.095	5.441
 5	 0	 6	217.293	5.617
 5	 0	 7	216.242	5.466
 5	 1	 0	222.447	2.199
 5	 1	 1	221.487	2.266
 5	 1	 2	220.457	2.205
 5	 1	 3	219.562	2.246
 5	 1	 4	218.516	2.172
 5	 1	 5	217.614	2.205
 5	 1	 6	216.550	2.221
 5	 1	 7	215.599	2.266
 5	 2	 0	222.372	1.361
 5	 2	 1	221.381	1.311
 5	 2	 2	220.382	1.344
 5	 2	 3	219.436	1.327
 5	 2	 4	218.397	1.256
 5	 2	 5	217.479	1.344
 5	 2	 6	216.546	1.301
 5	 2	 7	215.493	1.424
 5	 3	 0	222.392	1.010
 5	 3	 1	221.400	1.038
 5	 3	 2	220.414	0.954
 5	 3	 3	219.341	0.925
 5	 3	 4	218.382	0.899
 5	 3	 5	217.464	0.927
 5	 3	 6	216.463	0.939
 5	 3	 7	215.477	1.016
 5	 4	 0	222.391	0.826
 5	 4	 1	221.397	0.847
 5	 4	 2	220.302	0.779
 5	 4	 3	219.407	0.717
 5	 4	 4	218.449	0.746
 5	 4	 5	217.465	0.795
 5	 4	 6	216.425	0.881
 5	 4	 7	215.472	0.821
 5	 5	 0	222.419	0.714
 5	 5	 1	221.413	0.767
 5	 5	 2	220.384	0.723
 5	 5	 3	219.432	0.629
 5	 5	 4	218.408	0.643
 5	 5	 5	217.459	0.630
 5	 5	 6	216.465	0.724
 5	 5	 7	215.457	0.686
 5	 6	 0	222.439	0.642
 5	 6	 1	221.395	0.670
 5	 6	 2	220.393	0.662
 5	 6	 3	219.427	0.633
 5	 6	 4	218.383	0.592
 5	 6	 5	217.437	0.646
 5	 6	 6	216.452	0.665
 5	 6	 7	215.497	0.638
 5	 7	 0	222.404	0.644
 5	 7	 1	221.332	0.676
 5	 7	 2	220.371	0.622
 5	 7	 3	219.409	0.574
 5	 7	 4	218.394	0.614
 5	 7	 5	217.525	0.607
 5	 7	 6	216.499	0.623
 5	 7	 7	215.491	0.656
 6	 0	 0	225.912	5.410
 6	 0	 1	224.847	5.470
 6	 0	 2	223.842	5.420
 6	 0	 3	222.916	5.364
 6	 0	 4	221.929	5.394
 6	 0	 5	220.871	5.393
 6	 0	 6	220.044	5.391
 6	 0	 7	218.886	5.306
 6	 1	 0	225.601	2.352
 6	 1	 1	224.593	2.316
 6	 1	 2	223.680	2.408
 6	 1	 3	222.649	2.397
 6	 1	 4	221.551	2.233
 6	 1	 5	220.477	2.332
 6	 1	 6	219.615	2.271
 6	 1	 7	218.619	2.297
 6	 2	 0	225.527	1.480
 6	 2	 1	224.576	1.442
 6	 2	 2	223.567	1.416
 6	 2	 3	222.429	1.423
 6	 2	 4	221.557	1.456
 6	 2	 5	220.519	1.399
 6	 2	 6	219.520	1.359
 6	 2	 7	218.505	1.394
 6	 3	 0	225.600	0.999
 6	 3	 1	224.429	1.129
 6	 3	 2	223.578	1.059
 6	 3	 3	222.460	1.034
 6	 3	 4	221.466	1.057
 6	 3	 5	220.395	0.984
 6	 3	 6	219.558	1.063
 6	 3	 7	218.440	0.956
 6	 4	 0	225.553	0.860
 6	 4	 1	224.481	0.809
 6	 4	 2	223.536	0.907
 6	 4	 3	222.522	0.920
 6	 4	 4	221.477	0.841
 6	 4	 5	220.451	0.881
 6	 4	 6	219.456	0.817
 6	 4	 7	218.437	0.846
 6	 5	 0	225.537	0.729
 6	 5	 1	224.488	0.734
 6	 5	 2	223.559	0.727
 6	 5	 3	222.452	0.701
 6	 5	 4	221.466	0.741
 6	 5	 5	220.459	0.667
 6	 5	 6	219.499	0.670
 6	 5	 7	218.522	0.701
 6	 6	 0	225.549	0.688
 6	 6	 1	224.484	0.701
 6	 6	 2	223.487	0.607
 6	 6	 3	222.553	0.683
 6	 6	 4	221.491	0.682
 6	 6	 5	220.439	0.696
 6	 6	 6	219.436	0.606
 6	 6	 7	218.531	0.634
 6	 7	 0	225.557	0.626
 6	 7	 1	224.499	0.744
 6	 7	 2	223.486	0.642
 6	 7	 3	222.480	0.619
 6	 7	 4	221.489	0.628
 6	 7	 5	220.432	0.618
 6	 7	 6	219.457	0.579
 6	 7	 7	218.472	0.600
 7	 0	 0	228.959	5.317
 7	 0	 1	227.867	5.359
 7	 0	 2	226.836	5.315
 7	 0	 3	225.866	5.402
 7	 0	 4	224.992	5.472
 7	 0	 5	223.967	5.266
 7	 0	 6	223.272	5.272
 7	 0	 7	222.009	5.282
 7	 1	 0	228.594	2.147
 7	 1	 1	227.492	2.079
 7	 1	 2	226.718	2.306
 7	 1	 3	225.677	2.195
 7	 1	 4	224.780	2.227
 7	 1	 5	223.543	2.239
 7	 1	 6	222.762	2.199
 7	 1	 7	221.927	2.320
 7	 2	 0	228.555	1.373
 7	 2	 1	227.603	1.348
 7	 2	 2	226.429	1.354
 7	 2	 3	225.575	1.384
 7	 2	 4	224.667	1.379
 7	 2	 5	223.558	1.316
 7	 2	 6	222.738	1.391
 7	 2	 7	221.710	1.326
 7	 3	 0	228.517	1.007
 7	 3	 1	227.540	1.020
 7	 3	 2	226.564	1.008
 7	 3	 3	225.669	1.084
 7	 3	 4	224.600	1.004
 7	 3	 5	223.586	1.013
 7	 3	 6	222.704	0.985
 7	 3	 7	221.714	0.997
 7	 4	 0	228.533	0.883
 7	 4	 1	227.525	0.795
 7	 4	 2	226.589	0.848
 7	 4	 3	225.628	0.835
 7	 4	 4	224.693	0.847
 7	 4	 5	223.536	0.853
 7	 4	 6	222.732	0.856
 7	 4	 7	221.688	0.825
 7	 5	 0	228.542	0.688
 7	 5	 1	227.577	0.731
 7	 5	 2	226.615	0.672
 7	 5	 3	225.599	0.706
 7	 5	 4	224.651	0.694
 7	 5	 5	223.624	0.693
 7	 5	 6	222.725	0.724
 7	 5	 7	221.660	0.716
 7	 6	 0	228.483	0.622
 7	 6	 1	227.568	0.646
 7	 6	 2	226.575	0.667
 7	 6	 3	225.567	0.624
 7	 6	 4	224.654	0.680
 7	 6	 5	223.519	0.680
 7	 6	 6	222.750	0.705
 7	 6	 7	221.713	0.676
 7	 7	 0	228.532	0.638
 7	 7	 1	227.555	0.636
 7	 7	 2	226.620	0.677
 7	 7	 3	225.677	0.628
 7	 7	 4	224.636	0.588
 7	 7	 5	223.676	0.636
 7	 7	 6	222.706	0.637
 7	 7	 7	221.792	0.664
 8	 0	 0	221.865	5.247
 8	 0	 1	221.106	5.378
 8	 0	 2	220.010	5.399
 8	 0	 3	219.194	5.515
 8	 0	 4	218.052	5.357
 8	 0	 5	217.132	5.373
 8	 0	 6	216.464	5.509
 8	 0	 7	215.344	5.328
 8	 1	 0	221.347	2.123
 8	 1	 1	220.360	2.140
 8	 1	 2	219.478	2.108
 8	 1	 3	218.567	2.120
 8	 1	 4	217.564	2.151
 8	 1	 5	216.699	2.230
 8	 1	 6	215.772	2.116
 8	 1	 7	214.778	2.267
 8	 2	 0	221.249	1.452
 8	 2	 1	220.263	1.358
 8	 2	 2	219.373	1.345
 8	 2	 3	218.443	1.358
 8	 2	 4	217.572	1.315
 8	 2	 5	216.571	1.372
 8	 2	 6	215.721	1.376
 8	 2	 7	214.677	1.439
 8	 3	 0	221.233	1.068
 8	 3	 1	220.242	1.034
 8	 3	 2	219.347	1.016
 8	 3	 3	218.489	0.917
 8	 3	 4	217.497	0.920
 8	 3	 5	216.617	0.949
 8	 3	 6	215.668	1.030
 8	 3	 7	214.648	1.016
 8	 4	 0	221.173	0.825
 8	 4	 1	220.226	0.818
 8	 4	 2	219.212	0.819
 8	 4	 3	218.409	0.885
 8	 4	 4	217.511	0.802
 8	 4	 5	216.577	0.838
 8	 4	 6	215.690	0.857
 8	 4	 7	214.597	0.839
 8	 5	 0	221.190	0.796
 8	 5	 1	220.165	0.719
 8	 5	 2	219.243	0.716
 8	 5	 3	218.429	0.665
 8	 5	 4	217.401	0.674
 8	 5	 5	216.505	0.722
 8	 5	 6	215.623	0.674
 8	 5	 7	214.604	0.745
 8	 6	 0	221.263	0.646
 8	 6	 1	220.175	0.664
 8	 6	 2	219.305	0.580
 8	 6	 3	218.378	0.632
 8	 6	 4	217.459	0.692
 8	 6	 5	216.485	0.671
 8	 6	 6	215.565	0.657
 8	 6	 7	214.678	0.638
 8	 7	 0	221.124	0.625
 8	 7	 1	220.169	0.627
 8	 7	 2	219.263	0.600
 8	 7	 3	218.411	0.605
 8	 7	 4	217.428	0.627
 8	 7	 5	216.550	0.652
 8	 7	 6	215.558	0.601
 8	 7	 7	214.583	0.675
 9	 0	 0	227.076	5.106
 9	 0	 1	226.086	5.132
 9	 0	 2	225.055	5.046
 9	 0	 3	224.113	5.015
 9	 0	 4	223.057	5.164
 9	 0	 5	222.106	5.101
 9	 0	 6	221.336	5.066
 9	 0	 7	220.167	4.982
 9	 1	 0	226.895	2.196
 9	 1	 1	225.813	2.135
 9	 1	 2	225.012	2.191
 9	 1	 3	223.996	2.134
 9	 1	 4	222.927	2.142
 9	 1	 5	221.841	2.095
 9	 1	 6	221.051	2.103
 9	 1	 7	220.028	2.159
 9	 2	 0	226.834	1.363
 9	 2	 1	225.791	1.311
 9	 2	 2	224.903	1.324
 9	 2	 3	223.859	1.337
 9	 2	 4	222.865	1.346
 9	 2	 5	221.847	1.301
 9	 2	 6	220.977	1.299
 9	 2	 7	219.954	1.247
 9	 3	 0	226.806	0.993
 9	 3	 1	225.735	1.019
 9	 3	 2	224.855	0.931
 9	 3	 3	223.817	1.009
 9	 3	 4	222.797	1.000
 9	 3	 5	221.756	1.079
 9	 3	 6	221.024	0.980
 9	 3	 7	219.936	0.942
 9	 4	 0	226.766	0.846
 9	 4	 1	225.718	0.868
 9	 4	 2	224.776	0.851
 9	 4	 3	223.822	0.821
 9	 4	 4	222.798	0.839
 9	 4	 5	221.762	0.841
 9	 4	 6	220.896	0.850
 9	 4	 7	219.862	0.839
 9	 5	 0	226.727	0.765
 9	 5	 1	225.647	0.719
 9	 5	 2	224.863	0.735
 9	 5	 3	223.788	0.742
 9	 5	 4	222.772	0.713
 9	 5	 5	221.750	0.729
 9	 5	 6	220.832	0.777
 9	 5	 7	219.848	0.672
 9	 6	 0	226.693	0.704
 9	 6	 1	225.650	0.727
 9	 6	 2	224.791	0.682
 9	 6	 3	223.732	0.655
 9	 6	 4	222.715	0.693
 9	 6	 5	221.708	0.666
 9	 6	 6	220.841	0.766
 9	 6	 7	219.826	0.650
 9	 7	 0	226.676	0.666
 9	 7	 1	225.656	0.626
 9	 7	 2	224.742	0.651
 9	 7	 3	223.700	0.686
 9	 7	 4	222.695	0.682
 9	 7	 5	221.733	0.678
 9	 7	 6	220.801	0.664
 9	 7	 7	219.781	0.629
10	 0	 0	229.213	4.769
10	 0	 1	228.218	4.806
10	 0	 2	226.930	4.799
10	 0	 3	225.969	4.796
10	 0	 4	225.223	4.881
10	 0	 5	224.158	4.793
10	 0	 6	223.271	4.730
10	 0	 7	222.005	4.762
10	 1	 0	229.019	1.857
10	 1	 1	227.896	1.796
10	 1	 2	227.066	2.041
10	 1	 3	225.901	1.968
10	 1	 4	225.109	2.024
10	 1	 5	223.941	1.890
10	 1	 6	222.868	2.011
10	 1	 7	222.060	2.066
10	 2	 0	228.990	1.250
10	 2	 1	227.990	1.203
10	 2	 2	226.839	1.179
10	 2	 3	225.877	1.222
10	 2	 4	224.981	1.299
10	 2	 5	223.927	1.198
10	 2	 6	222.908	1.206
10	 2	 7	221.852	1.184
10	 3	 0	228.977	0.887
10	 3	 1	227.970	0.920
10	 3	 2	226.887	0.941
10	 3	 3	225.858	0.999
10	 3	 4	224.906	0.973
10	 3	 5	223.942	0.887
10	 3	 6	222.827	0.894
10	 3	 7	221.871	0.961
10	 4	 0	228.972	0.780
10	 4	 1	227.948	0.761
10	 4	 2	226.836	0.845
10	 4	 3	225.811	0.825
10	 4	 4	224.952	0.815
10	 4	 5	223.942	0.775
10	 4	 6	222.830	0.806
10	 4	 7	221.863	0.783
10	 5	 0	228.919	0.662
10	 5	 1	227.985	0.677
10	 5	 2	226.849	0.671
10	 5	 3	225.816	0.726
10	 5	 4	224.914	0.692
10	 5	 5	223.901	0.726
10	 5	 6	222.830	0.730
10	 5	 7	221.777	0.749
10	 6	 0	228.932	0.616
10	 6	 1	227.928	0.668
10	 6	 2	226.796	0.677
10	 6	 3	225.753	0.664
10	 6	 4	224.882	0.701
10	 6	 5	223.896	0.690
10	 6	 6	222.762	0.711
10	 6	 7	221.798	0.632
10	 7	 0	228.894	0.651
10	 7	 1	227.882	0.675
10	 7	 2	226.790	0.644
10	 7	 3	225.763	0.648
10	 7	 4	224.859	0.633
10	 7	 5	223.839	0.634
10	 7	 6	222.808	0.691
10	 7	 7	221.794	0.665
11	 0	 0	218.993	5.389
11	 0	 1	218.021	5.520
11	 0	 2	216.928	5.428
11	 0	 3	215.985	5.484
11	 0	 4	214.877	5.376
11	 0	 5	213.802	5.438
11	 0	 6	212.878	5.608
11	 0	 7	211.788	5.395
11	 1	 0	218.407	2.310
11	 1	 1	217.300	2.218
11	 1	 2	216.408	2.174
11	 1	 3	215.447	2.290
11	 1	 4	214.301	2.212
11	 1	 5	213.223	2.286
11	 1	 6	212.309	2.253
11	 1	 7	211.197	2.308
11	 2	 0	218.254	1.376
11	 2	 1	217.347	1.371
11	 2	 2	216.270	1.427
11	 2	 3	215.349	1.462
11	 2	 4	214.143	1.362
11	 2	 5	213.088	1.403
11	 2	 6	212.124	1.415
11	 2	 7	211.084	1.388
11	 3	 0	218.233	0.943
11	 3	 1	217.265	1.025
11	 3	 2	216.297	1.052
11	 3	 3	215.263	1.079
11	 3	 4	214.089	1.049
11	 3	 5	213.127	1.108
11	 3	 6	212.140	1.029
11	 3	 7	211.087	1.079
11	 4	 0	218.241	0.786
11	 4	 1	217.236	0.828
11	 4	 2	216.272	0.837
11	 4	 3	215.306	0.889
11	 4	 4	214.073	0.909
11	 4	 5	213.069	0.893
11	 4	 6	212.111	0.923
11	 4	 7	211.045	0.896
11	 5	 0	218.258	0.707
11	 5	 1	217.194	0.738
11	 5	 2	216.169	0.742
11	 5	 3	215.222	0.726
11	 5	 4	214.045	0.756
11	 5	 5	213.054	0.728
11	 5	 6	212.036	0.783
11	 5	 7	211.040	0.786
11	 6	 0	218.195	0.664
11	 6	 1	217.167	0.704
11	 6	 2	216.173	0.684
11	 6	 3	215.189	0.734
11	 6	 4	213.957	0.680
11	 6	 5	213.020	0.683
11	 6	 6	211.938	0.743
11	 6	 7	211.061	0.721
11	 7	 0	218.240	0.666
11	 7	 1	217.214	0.621
11	 7	 2	216.237	0.661
11	 7	 3	215.248	0.693
11	 7	 4	213.948	0.664
11	 7	 5	212.976	0.667
11	 7	 6	211.940	0.715
11	 7	 7	210.973	0.655
12	 0	 0	229.231	4.981
12	 0	 1	228.218	4.994
12	 0	 2	227.138	4.961
12	 0	 3	226.096	4.969
12	 0	 4	225.335	5.037
12	 0	 5	224.315	5.023
12	 0	 6	223.553	4.881
12	 0	 7	222.191	4.914
12	 1	 0	229.027	1.938
12	 1	 1	227.921	1.897
12	 1	 2	227.211	2.086
12	 1	 3	226.040	2.059
12	 1	 4	225.208	2.026
12	 1	 5	224.082	1.971
12	 1	 6	223.160	2.109
12	 1	 7	222.271	2.188
12	 2	 0	229.012	1.262
12	 2	 1	227.973	1.229
12	 2	 2	226.973	1.206
12	 2	 3	225.927	1.254
12	 2	 4	225.062	1.292
12	 2	 5	223.987	1.238
12	 2	 6	223.125	1.268
12	 2	 7	222.082	1.206
12	 3	 0	228.946	0.942
12	 3	 1	227.929	0.971
12	 3	 2	226.977	0.941
12	 3	 3	225.979	1.047
12	 3	 4	225.073	1.006
12	 3	 5	224.060	0.959
12	 3	 6	223.068	0.957
12	 3	 7	222.038	1.046
12	 4	 0	228.902	0.798
12	 4	 1	227.915	0.814
12	 4	 2	226.961	0.843
12	 4	 3	225.953	0.855
12	 4	 4	225.066	0.825
12	 4	 5	223.978	0.824
12	 4	 6	223.076	0.834
12	 4	 7	222.084	0.821
12	 5	 0	228.883	0.715
12	 5	 1	227.890	0.786
12	 5	 2	226.946	0.699
12	 5	 3	225.971	0.745
12	 5	 4	225.038	0.748
12	 5	 5	224.024	0.696
12	 5	 6	223.140	0.650
12	 5	 7	222.041	0.732
12	 6	 0	228.891	0.674
12	 6	 1	227.880	0.669
12	 6	 2	226.946	0.677
12	 6	 3	225.873	0.674
12	 6	 4	225.027	0.703
12	 6	 5	223.922	0.701
12	 6	 6	223.068	0.678
12	 6	 7	221.973	0.653
12	 7	 0	228.895	0.687
12	 7	 1	227.908	0.698
12	 7	 2	226.920	0.668
12	 7	 3	225.910	0.675
12	 7	 4	225.006	0.707
12	 7	 5	223.953	0.692
12	 7	 6	223.034	0.652
12	 7	 7	221.980	0.695
13	 0	 0	231.224	4.646
13	 0	 1	230.075	4.676
13	 0	 2	228.914	4.781
13	 0	 3	227.932	4.763
13	 0	 4	226.877	4.809
13	 0	 5	225.767	4.832
13	 0	 6	224.904	4.772
13	 0	 7	223.558	4.837
13	 1	 0	230.927	1.973
13	 1	 1	229.746	1.985
13	 1	 2	228.940	1.997
13	 1	 3	227.727	2.040
13	 1	 4	226.683	1.959
13	 1	 5	225.434	2.026
13	 1	 6	224.533	2.095
13	 1	 7	223.547	2.028
13	 2	 0	230.816	1.146
13	 2	 1	229.764	1.187
13	 2	 2	228.768	1.279
13	 2	 3	227.673	1.252
13	 2	 4	226.564	1.283
13	 2	 5	225.470	1.299
13	 2	 6	224.511	1.232
13	 2	 7	223.283	1.348
13	 3	 0	230.758	0.978
13	 3	 1	229.710	0.868
13	 3	 2	228.727	0.935
13	 3	 3	227.716	0.906
13	 3	 4	226.479	0.973
13	 3	 5	225.391	0.977
13	 3	 6	224.414	0.993
13	 3	 7	223.397	0.893
13	 4	 0	230.725	0.806
13	 4	 1	229.669	0.782
13	 4	 2	228.741	0.830
13	 4	 3	227.624	0.848
13	 4	 4	226.486	0.788
13	 4	 5	225.421	0.829
13	 4	 6	224.398	0.827
13	 4	 7	223.318	0.835
13	 5	 0	230.683	0.691
13	 5	 1	229.665	0.674
13	 5	 2	228.624	0.740
13	 5	 3	227.559	0.666
13	 5	 4	226.452	0.679
13	 5	 5	225.301	0.729
13	 5	 6	224.368	0.727
13	 5	 7	223.303	0.657
13	 6	 0	230.681	0.645
13	 6	 1	229.594	0.638
13	 6	 2	228.640	0.652
13	 6	 3	227.537	0.679
13	 6	 4	226.454	0.667
13	 6	 5	225.384	0.667
13	 6	 6	224.331	0.626
13	 6	 7	223.248	0.692
13	 7	 0	230.661	0.627
13	 7	 1	229.597	0.650
13	 7	 2	228.613	0.662
13	 7	 3	227.541	0.664
13	 7	 4	226.424	0.639
13	 7	 5	225.315	0.695
13	 7	 6	224.314	0.679
13	 7	 7	223.274	0.642
14	 0	 0	223.194	5.336
14	 0	 1	222.374	5.434
14	 0	 2	221.309	5.381
14	 0	 3	220.424	5.384
14	 0	 4	219.189	5.316
14	 0	 5	218.218	5.421
14	 0	 6	217.560	5.416
14	 0	 7	216.341	5.263
14	 1	 0	222.681	2.113
14	 1	 1	221.655	2.215
14	 1	 2	220.776	2.180
14	 1	 3	219.711	2.147
14	 1	 4	218.698	2.129
14	 1	 5	217.765	2.064
14	 1	 6	216.922	2.126
14	 1	 7	215.792	2.161
14	 2	 0	222.617	1.325
14	 2	 1	221.565	1.327
14	 2	 2	220.709	1.291
14	 2	 3	219.621	1.368
14	 2	 4	218.621	1.192
14	 2	 5	217.639	1.263
14	 2	 6	216.785	1.217
14	 2	 7	215.730	1.352
14	 3	 0	222.690	1.049
14	 3	 1	221.599	0.987
14	 3	 2	220.634	0.978
14	 3	 3	219.650	0.973
14	 3	 4	218.627	0.855
14	 3	 5	217.610	0.937
14	 3	 6	216.638	0.976
14	 3	 7	215.713	1.006
14	 4	 0	222.643	0.834
14	 4	 1	221.550	0.858
14	 4	 2	220.568	0.809
14	 4	 3	219.621	0.706
14	 4	 4	218.660	0.764
14	 4	 5	217.600	0.752
14	 4	 6	216.763	0.819
14	 4	 7	215.664	0.825
14	 5	 0	222.553	0.725
14	 5	 1	221.568	0.704
14	 5	 2	220.596	0.712
14	 5	 3	219.587	0.650
14	 5	 4	218.600	0.697
14	 5	 5	217.578	0.627
14	 5	 6	216.706	0.712
14	 5	 7	215.648	0.654
14	 6	 0	222.562	0.651
14	 6	 1	221.515	0.667
14	 6	 2	220.642	0.704
14	 6	 3	219.559	0.654
14	 6	 4	218.639	0.672
14	 6	 5	217.528	0.647
14	 6	 6	216.654	0.701
14	 6	 7	215.628	0.694
14	 7	 0	222.484	0.611
14	 7	 1	221.490	0.676
14	 7	 2	220.538	0.591
14	 7	 3	219.557	0.621
14	 7	 4	218.574	0.648
14	 7	 5	217.580	0.617
14	 7	 6	216.671	0.652
14	 7	 7	215.605	0.634
15	 0	 0	223.538	6.081
15	 0	 1	222.720	6.042
15	 0	 2	221.644	6.086
15	 0	 3	220.809	6.138
15	 0	 4	219.621	6.045
15	 0	 5	218.669	6.140
15	 0	 6	217.935	6.150
15	 0	 7	216.868	5.969
15	 1	 0	222.998	2.594
15	 1	 1	222.019	2.576
15	 1	 2	221.234	2.666
15	 1	 3	220.116	2.662
15	 1	 4	219.020	2.487
15	 1	 5	218.243	2.458
15	 1	 6	217.232	2.495
15	 1	 7	216.289	2.561
15	 2	 0	222.889	1.753
15	 2	 1	221.882	1.589
15	 2	 2	221.012	1.509
15	 2	 3	220.016	1.562
15	 2	 4	218.894	1.516
15	 2	 5	218.059	1.557
15	 2	 6	217.136	1.522
15	 2	 7	216.230	1.550
15	 3	 0	222.896	1.230
15	 3	 1	221.895	1.250
15	 3	 2	220.921	1.215
15	 3	 3	219.975	1.138
15	 3	 4	218.914	1.172
15	 3	 5	218.015	1.147
15	 3	 6	217.031	1.094
15	 3	 7	216.147	1.195
15	 4	 0	222.837	1.029
15	 4	 1	221.871	1.059
15	 4	 2	220.906	0.992
15	 4	 3	219.832	0.939
15	 4	 4	218.941	0.897
15	 4	 5	217.990	0.969
15	 4	 6	217.115	0.959
15	 4	 7	216.111	0.960
15	 5	 0	222.807	0.893
15	 5	 1	221.839	0.866
15	 5	 2	220.915	0.837
15	 5	 3	219.917	0.766
15	 5	 4	218.875	0.811
15	 5	 5	217.926	0.749
15	 5	 6	217.110	0.783
15	 5	 7	216.114	0.875
15	 6	 0	222.811	0.745
15	 6	 1	221.831	0.717
15	 6	 2	220.854	0.807
15	 6	 3	219.951	0.733
15	 6	 4	218.862	0.718
15	 6	 5	217.941	0.736
15	 6	 6	217.041	0.740
15	 6	 7	216.079	0.754
15	 7	 0	222.862	0.741
15	 7	 1	221.798	0.708
15	 7	 2	220.884	0.685
15	 7	 3	219.823	0.694
15	 7	 4	218.839	0.724
15	 7	 5	217.891	0.664
15	 7	 6	217.037	0.733
15	 7	 7	216.043	0.718
16	 0	 0	218.504	5.606
16	 0	 1	217.585	5.593
16	 0	 2	216.391	5.409
16	 0	 3	215.551	5.615
16	 0	 4	214.571	5.411
16	 0	 5	213.486	5.438
16	 0	 6	212.537	5.588
16	 0	 7	211.550	5.501
16	 1	 0	218.029	2.430
16	 1	 1	217.028	2.463
16	 1	 2	216.071	2.316
16	 1	 3	215.089	2.419
16	 1	 4	214.047	2.272
16	 1	 5	213.006	2.419
16	 1	 6	212.078	2.394
16	 1	 7	210.924	2.447
16	 2	 0	217.957	1.501
16	 2	 1	216.965	1.573
16	 2	 2	216.020	1.585
16	 2	 3	214.948	1.581
16	 2	 4	213.947	1.555
16	 2	 5	212.909	1.535
16	 2	 6	211.996	1.591
16	 2	 7	210.877	1.624
16	 3	 0	218.003	1.067
16	 3	 1	216.929	1.163
16	 3	 2	216.005	1.247
16	 3	 3	214.905	1.235
16	 3	 4	213.914	1.151
16	 3	 5	212.850	1.152
16	 3	 6	211.887	1.222
16	 3	 7	210.872	1.166
16	 4	 0	217.960	0.966
16	 4	 1	216.873	0.987
16	 4	 2	215.922	0.938
16	 4	 3	214.889	1.033
16	 4	 4	213.921	0.992
16	 4	 5	212.899	1.025
16	 4	 6	211.915	1.071
16	 4	 7	210.831	0.979
16	 5	 0	217.971	0.755
16	 5	 1	216.948	0.832
16	 5	 2	215.878	0.795
16	 5	 3	214.879	0.749
16	 5	 4	213.931	0.778
16	 5	 5	212.891	0.769
16	 5	 6	211.869	0.818
16	 5	 7	210.771	0.805
16	 6	 0	217.913	0.690
16	 6	 1	216.885	0.680
16	 6	 2	215.912	0.716
16	 6	 3	214.850	0.728
16	 6	 4	213.912	0.702
16	 6	 5	212.938	0.730
16	 6	 6	211.885	0.762
16	 6	 7	210.786	0.745
16	 7	 0	217.951	0.676
16	 7	 1	216.974	0.698
16	 7	 2	215.950	0.693
16	 7	 3	214.901	0.681
16	 7	 4	213.879	0.650
16	 7	 5	212.883	0.638
16	 7	 6	211.937	0.644
16	 7	 7	210.800	0.680
17	 0	 0	215.073	5.210
17	 0	 1	214.249	5.242
17	 0	 2	213.061	5.098
17	 0	 3	212.287	5.212
17	 0	 4	211.187	5.037
17	 0	 5	210.201	5.178
17	 0	 6	209.158	5.239
17	 0	 7	208.435	5.266
17	 1	 0	214.536	2.334
17	 1	 1	213.592	2.146
17	 1	 2	212.678	2.292
17	 1	 3	211.683	2.439
17	 1	 4	210.589	2.329
17	 1	 5	209.638	2.287
17	 1	 6	208.631	2.410
17	 1	 7	207.697	2.398
17	 2	 0	214.390	1.490
17	 2	 1	213.514	1.431
17	 2	 2	212.445	1.463
17	 2	 3	211.706	1.397
17	 2	 4	210.505	1.557
17	 2	 5	209.625	1.450
17	 2	 6	208.588	1.443
17	 2	 7	207.736	1.511
17	 3	 0	214.382	1.054
17	 3	 1	213.460	1.090
17	 3	 2	212.515	1.081
17	 3	 3	211.560	1.159
17	 3	 4	210.476	1.145
17	 3	 5	209.553	1.081
17	 3	 6	208.458	1.132
17	 3	 7	207.592	1.060
17	 4	 0	214.326	0.924
17	 4	 1	213.512	0.799
17	 4	 2	212.427	0.873
17	 4	 3	211.546	0.958
17	 4	 4	210.407	0.907
17	 4	 5	209.550	0.820
17	 4	 6	208.490	0.937
17	 4	 7	207.547	0.924
17	 5	 0	214.322	0.747
17	 5	 1	213.485	0.805
17	 5	 2	212.468	0.742
17	 5	 3	211.536	0.662
17	 5	 4	210.427	0.728
17	 5	 5	209.515	0.784
17	 5	 6	208.461	0.780
17	 5	 7	207.569	0.707
17	 6	 0	214.348	0.694
17	 6	 1	213.524	0.630
17	 6	 2	212.445	0.608
17	 6	 3	211.552	0.680
17	 6	 4	210.438	0.644
17	 6	 5	209.515	0.645
17	 6	 6	208.498	0.686
17	 6	 7	207.634	0.638
17	 7	 0	214.374	0.597
17	 7	 1	213.501	0.606
17	 7	 2	212.519	0.587
17	 7	 3	211.533	0.621
17	 7	 4	210.483	0.641
17	 7	 5	209.532	0.598
17	 7	 6	208.474	0.554
17	 7	 7	207.570	0.565
18	 0	 0	216.978	5.407
18	 0	 1	216.004	5.420
18	 0	 2	214.833	5.286
18	 0	 3	213.822	5.502
18	 0	 4	212.953	5.247
18	 0	 5	211.845	5.265
18	 0	 6	210.841	5.477
18	 0	 7	209.862	5.378
18	 1	 0	216.498	2.516
18	 1	 1	215.425	2.468
18	 1	 2	214.426	2.412
18	 1	 3	213.403	2.522
18	 1	 4	212.436	2.516
18	 1	 5	211.266	2.391
18	 1	 6	210.322	2.600
18	 1	 7	209.181	2.539
18	 2	 0	216.411	1.596
18	 2	 1	215.336	1.539
18	 2	 2	214.361	1.504
18	 2	 3	213.263	1.499
18	 2	 4	212.347	1.584
18	 2	 5	211.182	1.519
18	 2	 6	210.254	1.562
18	 2	 7	209.093	1.598
18	 3	 0	216.396	1.198
18	 3	 1	215.322	1.174
18	 3	 2	214.330	1.189
18	 3	 3	213.224	1.145
18	 3	 4	212.354	1.133
18	 3	 5	211.162	1.135
18	 3	 6	210.249	1.161
18	 3	 7	209.077	1.291
18	 4	 0	216.379	0.946
18	 4	 1	215.342	1.020
18	 4	 2	214.281	0.996
18	 4	 3	213.192	0.934
18	 4	 4	212.314	1.021
18	 4	 5	211.156	0.975
18	 4	 6	210.135	0.969
18	 4	 7	209.046	1.029
18	 5	 0	216.390	0.797
18	 5	 1	215.247	0.764
18	 5	 2	214.253	0.751
18	 5	 3	213.202	0.789
18	 5	 4	212.327	0.763
18	 5	 5	211.157	0.785
18	 5	 6	210.187	0.835
18	 5	 7	209.103	0.778
18	 6	 0	216.476	0.707
18	 6	 1	215.262	0.680
18	 6	 2	214.276	0.692
18	 6	 3	213.243	0.664
18	 6	 4	212.287	0.691
18	 6	 5	211.144	0.769
18	 6	 6	210.149	0.690
18	 6	 7	209.030	0.687
18	 7	 0	216.402	0.611
18	 7	 1	215.303	0.631
18	 7	 2	214.246	0.667
18	 7	 3	213.249	0.615
18	 7	 4	212.270	0.599
18	 7	 5	211.156	0.631
18	 7	 6	210.176	0.632
18	 7	 7	209.072	0.618
19	 0	 0	217.853	5.558
19	 0	 1	216.927	5.599
19	 0	 2	215.858	5.529
19	 0	 3	214.874	5.665
19	 0	 4	213.882	5.444
19	 0	 5	212.839	5.558
19	 0	 6	211.918	5.699
19	 0	 7	210.975	5.506
19	 1	 0	217.283	2.529
19	 1	 1	216.278	2.574
19	 1	 2	215.356	2.609
19	 1	 3	214.451	2.691
19	 1	 4	213.317	2.577
19	 1	 5	212.244	2.625
19	 1	 6	211.394	2.661
19	 1	 7	210.347	2.682
19	 2	 0	217.224	1.709
19	 2	 1	216.179	1.714
19	 2	 2	215.305	1.690
19	 2	 3	214.235	1.727
19	 2	 4	213.242	1.644
19	 2	 5	212.187	1.710
19	 2	 6	211.293	1.665
19	 2	 7	210.226	1.679
19	 3	 0	217.278	1.227
19	 3	 1	216.172	1.297
19	 3	 2	215.275	1.287
19	 3	 3	214.225	1.252
19	 3	 4	213.214	1.214
19	 3	 5	212.147	1.258
19	 3	 6	211.213	1.352
19	 3	 7	210.245	1.255
19	 4	 0	217.181	0.985
19	 4	 1	216.197	1.037
19	 4	 2	215.248	1.108
19	 4	 3	214.223	0.983
19	 4	 4	213.135	1.058
19	 4	 5	212.159	1.029
19	 4	 6	211.176	1.111
19	 4	 7	210.184	1.112
19	 5	 0	217.237	0.794
19	 5	 1	216.221	0.830
19	 5	 2	215.184	0.744
19	 5	 3	214.219	0.829
19	 5	 4	213.188	0.840
19	 5	 5	212.170	0.847
19	 5	 6	211.186	0.800
19	 5	 7	210.131	0.813
19	 6	 0	217.183	0.688
19	 6	 1	216.118	0.703
19	 6	 2	215.223	0.712
19	 6	 3	214.239	0.737
19	 6	 4	213.217	0.666
19	 6	 5	212.129	0.755
19	 6	 6	211.172	0.722
19	 6	 7	210.159	0.744
19	 7	 0	217.290	0.625
19	 7	 1	216.225	0.606
19	 7	 2	215.248	0.661
19	 7	 3	214.271	0.683
19	 7	 4	213.182	0.588
19	 7	 5	212.142	0.656
19	 7	 6	211.193	0.642
19	 7	 7	210.212	0.664
20	 0	 0	219.242	5.158
20	 0	 1	218.324	5.226
20	 0	 2	217.240	5.108
20	 0	 3	216.251	5.354
20	 0	 4	215.162	5.023
20	 0	 5	214.119	5.178
20	 0	 6	213.170	5.365
20	 0	 7	212.189	5.206
20	 1	 0	218.777	2.444
20	 1	 1	217.761	2.331
20	 1	 2	216.846	2.399
20	 1	 3	215.854	2.432
20	 1	 4	214.677	2.327
20	 1	 5	213.669	2.442
20	 1	 6	212.693	2.363
20	 1	 7	211.679	2.388
20	 2	 0	218.707	1.516
20	 2	 1	217.719	1.471
20	 2	 2	216.765	1.571
20	 2	 3	215.757	1.577
20	 2	 4	214.603	1.472
20	 2	 5	213.522	1.507
20	 2	 6	212.652	1.594
20	 2	 7	211.571	1.586
20	 3	 0	218.647	1.069
20	 3	 1	217.695	1.120
20	 3	 2	216.774	1.175
20	 3	 3	215.746	1.230
20	 3	 4	214.521	1.158
20	 3	 5	213.591	1.204
20	 3	 6	212.573	1.163
20	 3	 7	211.567	1.149
20	 4	 0	218.670	0.877
20	 4	 1	217.685	0.870
20	 4	 2	216.714	0.992
20	 4	 3	215.748	1.006
20	 4	 4	214.557	0.909
20	 4	 5	213.535	0.985
20	 4	 6	212.603	0.908
20	 4	 7	211.579	0.953
20	 5	 0	218.693	0.772
20	 5	 1	217.776	0.769
20	 5	 2	216.748	0.816
20	 5	 3	215.692	0.736
20	 5	 4	214.515	0.771
20	 5	 5	213.536	0.733
20	 5	 6	212.541	0.776
20	 5	 7	211.578	0.765
20	 6	 0	218.649	0.654
20	 6	 1	217.736	0.645
20	 6	 2	216.709	0.649
20	 6	 3	215.702	0.640
20	 6	 4	214.526	0.603
20	 6	 5	213.595	0.643
20	 6	 6	212.574	0.610
20	 6	 7	211.574	0.701
20	 7	 0	218.662	0.553
20	 7	 1	217.763	0.574
20	 7	 2	216.722	0.590
20	 7	 3	215.727	0.631
20	 7	 4	214.550	0.610
20	 7	 5	213.591	0.574
20	 7	 6	212.635	0.630
20	 7	 7	211.576	0.632
21	 0	 0	229.848	4.546
21	 0	 1	228.939	4.713
21	 0	 2	227.750	4.527
21	 0	 3	226.956	4.711
21	 0	 4	226.053	4.762
21	 0	 5	224.994	4.613
21	 0	 6	224.288	4.609
21	 0	 7	223.124	4.663
21	 1	 0	229.562	2.134
21	 1	 1	228.571	2.078
21	 1	 2	227.880	2.204
21	 1	 3	226.682	2.163
21	 1	 4	225.864	2.140
21	 1	 5	224.783	2.203
21	 1	 6	223.873	2.188
21	 1	 7	223.062	2.137
21	 2	 0	229.576	1.400
21	 2	 1	228.647	1.381
21	 2	 2	227.681	1.272
21	 2	 3	226.624	1.370
21	 2	 4	225.828	1.438
21	 2	 5	224.768	1.418
21	 2	 6	223.915	1.456
21	 2	 7	222.786	1.361
21	 3	 0	229.525	0.880
21	 3	 1	228.640	1.159
21	 3	 2	227.666	1.030
21	 3	 3	226.793	1.132
21	 3	 4	225.824	1.156
21	 3	 5	224.812	1.020
21	 3	 6	223.859	1.098
21	 3	 7	222.975	1.154
21	 4	 0	229.615	0.926
21	 4	 1	228.606	0.826
21	 4	 2	227.725	0.901
21	 4	 3	226.729	0.902
21	 4	 4	225.880	0.874
21	 4	 5	224.852	0.887
21	 4	 6	223.918	0.925
21	 4	 7	222.876	0.942
21	 5	 0	229.567	0.675
21	 5	 1	228.693	0.697
21	 5	 2	227.717	0.713
21	 5	 3	226.758	0.649
21	 5	 4	225.816	0.733
21	 5	 5	224.820	0.707
21	 5	 6	223.932	0.742
21	 5	 7	222.897	0.716
21	 6	 0	229.647	0.596
21	 6	 1	228.645	0.635
21	 6	 2	227.771	0.739
21	 6	 3	226.727	0.612
21	 6	 4	225.885	0.673
21	 6	 5	224.959	0.706
21	 6	 6	223.937	0.637
21	 6	 7	222.978	0.672
21	 7	 0	229.616	0.534
21	 7	 1	228.707	0.589
21	 7	 2	227.726	0.522
21	 7	 3	226.753	0.575
21	 7	 4	225.886	0.615
21	 7	 5	224.851	0.597
21	 7	 6	223.922	0.591
21	 7	 7	223.007	0.563
22	 0	 0	214.053	5.355
22	 0	 1	213.014	5.364
22	 0	 2	211.822	5.258
22	 0	 3	210.863	5.489
22	 0	 4	209.943	5.300
22	 0	 5	208.869	5.293
22	 0	 6	207.753	5.252
22	 0	 7	206.795	5.365
22	 1	 0	213.363	2.543
22	 1	 1	212.547	2.535
22	 1	 2	211.481	2.546
22	 1	 3	210.218	2.616
22	 1	 4	209.340	2.579
22	 1	 5	208.357	2.462
22	 1	 6	207.261	2.611
22	 1	 7	206.178	2.575
22	 2	 0	213.357	1.597
22	 2	 1	212.331	1.673
22	 2	 2	211.241	1.652
22	 2	 3	210.292	1.747
22	 2	 4	209.351	1.702
22	 2	 5	208.249	1.672
22	 2	 6	207.251	1.738
22	 2	 7	206.238	1.707
22	 3	 0	213.424	1.226
22	 3	 1	212.409	1.173
22	 3	 2	211.333	1.236
22	 3	 3	210.228	1.218
22	 3	 4	209.276	1.296
22	 3	 5	208.265	1.237
22	 3	 6	207.199	1.297
22	 3	 7	206.196	1.225
22	 4	 0	213.375	0.960
22	 4	 1	212.382	1.048
22	 4	 2	211.298	0.981
22	 4	 3	210.147	0.912
22	 4	 4	209.290	0.955
22	 4	 5	208.263	1.068
22	 4	 6	207.125	1.091
22	 4	 7	206.152	0.962
22	 5	 0	213.376	0.710
22	 5	 1	212.345	0.786
22	 5	 2	211.130	0.873
22	 5	 3	210.193	0.783
22	 5	 4	209.225	0.803
22	 5	 5	208.253	0.754
22	 5	 6	207.165	0.758
22	 5	 7	206.093	0.806
22	 6	 0	213.367	0.630
22	 6	 1	212.360	0.643
22	 6	 2	211.240	0.746
22	 6	 3	210.190	0.670
22	 6	 4	209.207	0.629
22	 6	 5	208.233	0.650
22	 6	 6	207.105	0.687
22	 6	 7	206.094	0.665
22	 7	 0	213.296	0.644
22	 7	 1	212.273	0.620
22	 7	 2	211.257	0.654
22	 7	 3	210.178	0.588
22	 7	 4	209.245	0.616
22	 7	 5	208.227	0.602
22	 7	 6	207.105	0.598
22	 7	 7	206.071	0.606
23	 0	 0	222.914	5.734
23	 0	 1	222.093	5.603
23	 0	 2	220.934	5.728
23	 0	 3	220.084	5.743
23	 0	 4	219.085	5.632
23	 0	 5	217.950	5.606
23	 0	 6	217.391	5.788
23	 0	 7	216.275	5.621
23	 1	 0	222.417	2.740
23	 1	 1	221.482	2.712
23	 1	 2	220.576	2.710
23	 1	 3	219.612	2.590
23	 1	 4	218.577	2.662
23	 1	 5	217.696	2.671
23	 1	 6	216.752	2.650
23	 1	 7	215.803	2.722
23	 2	 0	222.323	1.860
23	 2	 1	221.442	1.699
23	 2	 2	220.443	1.706
23	 2	 3	219.559	1.742
23	 2	 4	218.480	1.671
23	 2	 5	217.557	1.773
23	 2	 6	216.697	1.661
23	 2	 7	215.684	1.824
23	 3	 0	222.330	1.381
23	 3	 1	221.493	1.335
23	 3	 2	220.556	1.265
23	 3	 3	219.494	1.203
23	 3	 4	218.542	1.178
23	 3	 5	217.553	1.266
23	 3	 6	216.669	1.325
23	 3	 7	215.613	1.319
23	 4	 0	222.401	1.116
23	 4	 1	221.415	1.121
23	 4	 2	220.490	1.045
23	 4	 3	219.514	1.021
23	 4	 4	218.543	1.038
23	 4	 5	217.633	1.041
23	 4	 6	216.737	1.062
23	 4	 7	215.618	1.103
23	 5	 0	222.313	0.828
23	 5	 1	221.418	0.866
23	 5	 2	220.521	0.915
23	 5	 3	219.535	0.842
23	 5	 4	218.568	0.848
23	 5	 5	217.634	0.763
23	 5	 6	216.696	0.883
23	 5	 7	215.698	0.809
23	 6	 0	222.439	0.756
23	 6	 1	221.432	0.769
23	 6	 2	220.507	0.838
23	 6	 3	219.533	0.636
23	 6	 4	218.501	0.713
23	 6	 5	217.626	0.693
23	 6	 6	216.633	0.719
23	 6	 7	215.689	0.786
23	 7	 0	222.391	0.734
23	 7	 1	221.423	0.722
23	 7	 2	220.501	0.684
23	 7	 3	219.464	0.655
23	 7	 4	218.466	0.680
23	 7	 5	217.570	0.751
23	 7	 6	216.717	0.684
23	 7	 7	215.738	0.722
24	 0	 0	226.894	4.893
24	 0	 1	225.838	4.916
24	 0	 2	224.801	4.867
24	 0	 3	223.800	4.813
24	 0	 4	222.791	4.914
24	 0	 5	221.816	4.877
24	 0	 6	221.077	4.867
24	 0	 7	219.980	4.705
24	 1	 0	226.528	2.304
24	 1	 1	225.566	2.183
24	 1	 2	224.701	2.308
24	 1	 3	223.623	2.292
24	 1	 4	222.556	2.220
24	 1	 5	221.533	2.177
24	 1	 6	220.647	2.194
24	 1	 7	219.688	2.219
24	 2	 0	226.540	1.404
24	 2	 1	225.461	1.433
24	 2	 2	224.563	1.436
24	 2	 3	223.469	1.401
24	 2	 4	222.521	1.507
24	 2	 5	221.446	1.421
24	 2	 6	220.548	1.412
24	 2	 7	219.536	1.307
24	 3	 0	226.478	1.070
24	 3	 1	225.416	1.074
24	 3	 2	224.521	1.068
24	 3	 3	223.513	1.093
24	 3	 4	222.427	1.060
24	 3	 5	221.428	1.095
24	 3	 6	220.556	1.034
24	 3	 7	219.547	1.036
24	 4	 0	226.516	0.766
24	 4	 1	225.447	0.931
24	 4	 2	224.526	0.837
24	 4	 3	223.569	0.827
24	 4	 4	222.460	0.819
24	 4	 5	221.482	0.834
24	 4	 6	220.454	0.802
24	 4	 7	219.527	0.878
24	 5	 0	226.489	0.687
24	 5	 1	225.481	0.632
24	 5	 2	224.525	0.657
24	 5	 3	223.429	0.698
24	 5	 4	222.433	0.646
24	 5	 5	221.470	0.705
24	 5	 6	220.490	0.772
24	 5	 7	219.550	0.650
24	 6	 0	226.458	0.577
24	 6	 1	225.402	0.629
24	 6	 2	224.511	0.565
24	 6	 3	223.550	0.543
24	 6	 4	222.439	0.559
24	 6	 5	221.448	0.579
24	 6	 6	220.462	0.655
24	 6	 7	219.585	0.524
24	 7	 0	226.472	0.556
24	 7	 1	225.488	0.522
24	 7	 2	224.528	0.512
24	 7	 3	223.477	0.557
24	 7	 4	222.440	0.520
24	 7	 5	221.473	0.504
24	 7	 6	220.576	0.539
24	 7	 7	219.565	0.488
25	 0	 0	230.453	4.857
25	 0	 1	229.512	4.913
25	 0	 2	228.312	4.968
25	 0	 3	227.446	4.987
25	 0	 4	226.426	5.128
25	 0	 5	225.343	4.982
25	 0	 6	224.656	4.916
25	 0	 7	223.384	4.961
25	 1	 0	230.142	2.140
25	 1	 1	229.167	2.052
25	 1	 2	228.390	2.122
25	 1	 3	227.207	2.125
25	 1	 4	226.214	2.138
25	 1	 5	225.183	2.158
25	 1	 6	224.232	2.232
25	 1	 7	223.337	2.145
25	 2	 0	230.185	1.261
25	 2	 1	229.254	1.356
25	 2	 2	228.172	1.281
25	 2	 3	227.157	1.366
25	 2	 4	226.198	1.416
25	 2	 5	225.127	1.403
25	 2	 6	224.241	1.334
25	 2	 7	223.109	1.356
25	 3	 0	230.113	0.981
25	 3	 1	229.288	1.023
25	 3	 2	228.269	0.957
25	 3	 3	227.297	0.949
25	 3	 4	226.240	1.034
25	 3	 5	225.169	1.014
25	 3	 6	224.243	1.053
25	 3	 7	223.273	1.064
25	 4	 0	230.260	0.778
25	 4	 1	229.200	0.739
25	 4	 2	228.275	0.863
25	 4	 3	227.205	0.871
25	 4	 4	226.216	0.856
25	 4	 5	225.175	0.868
25	 4	 6	224.298	0.855
25	 4	 7	223.223	0.855
25	 5	 0	230.186	0.688
25	 5	 1	229.311	0.630
25	 5	 2	228.251	0.693
25	 5	 3	227.259	0.678
25	 5	 4	226.273	0.674
25	 5	 5	225.171	0.713
25	 5	 6	224.275	0.667
25	 5	 7	223.250	0.684
25	 6	 0	230.218	0.577
25	 6	 1	229.230	0.634
25	 6	 2	228.352	0.628
25	 6	 3	227.268	0.616
25	 6	 4	226.246	0.593
25	 6	 5	225.226	0.618
25	 6	 6	224.295	0.631
25	 6	 7	223.234	0.597
25	 7	 0	230.245	0.570
25	 7	 1	229.271	0.538
25	 7	 2	228.288	0.541
25	 7	 3	227.314	0.590
25	 7	 4	226.240	0.569
25	 7	 5	225.257	0.530
25	 7	 6	224.252	0.581
25	 7	 7	223.265	0.525
26	 0	 0	220.927	5.175
26	 0	 1	220.171	5.286
26	 0	 2	219.034	5.114
26	 0	 3	218.170	5.326
26	 0	 4	216.932	5.152
26	 0	 5	215.981	5.221
26	 0	 6	215.155	5.380
26	 0	 7	214.080	5.217
26	 1	 0	220.542	2.142
26	 1	 1	219.500	2.062
26	 1	 2	218.641	2.143
26	 1	 3	217.648	2.201
26	 1	 4	216.503	2.122
26	 1	 5	215.468	2.217
26	 1	 6	214.591	2.168
26	 1	 7	213.516	2.193
26	 2	 0	220.420	1.363
26	 2	 1	219.482	1.293
26	 2	 2	218.538	1.323
26	 2	 3	217.546	1.302
26	 2	 4	216.528	1.333
26	 2	 5	215.484	1.373
26	 2	 6	214.531	1.368
26	 2	 7	213.465	1.405
26	 3	 0	220.353	1.045
26	 3	 1	219.482	1.018
26	 3	 2	218.542	0.963
26	 3	 3	217.540	1.027
26	 3	 4	216.499	1.024
26	 3	 5	215.517	0.980
26	 3	 6	214.576	1.020
26	 3	 7	213.548	1.030
26	 4	 0	220.356	0.719
26	 4	 1	219.494	0.805
26	 4	 2	218.380	0.756
26	 4	 3	217.460	0.764
26	 4	 4	216.366	0.840
26	 4	 5	215.567	0.807
26	 4	 6	214.520	0.884
26	 4	 7	213.504	0.842
26	 5	 0	220.385	0.724
26	 5	 1	219.503	0.593
26	 5	 2	218.496	0.631
26	 5	 3	217.538	0.629
26	 5	 4	216.476	0.626
26	 5	 5	215.530	0.674
26	 5	 6	214.476	0.666
26	 5	 7	213.565	0.600
26	 6	 0	220.419	0.581
26	 6	 1	219.534	0.578
26	 6	 2	218.491	0.590
26	 6	 3	217.540	0.593
26	 6	 4	216.446	0.638
26	 6	 5	215.547	0.641
26	 6	 6	214.448	0.655
26	 6	 7	213.573	0.591
26	 7	 0	220.475	0.559
26	 7	 1	219.496	0.497
26	 7	 2	218.527	0.517
26	 7	 3	217.625	0.566
26	 7	 4	216.505	0.555
26	 7	 5	215.492	0.529
26	 7	 6	214.524	0.570
26	 7	 7	213.546	0.522
27	 0	 0	219.813	5.059
27	 0	 1	218.976	5.159
27	 0	 2	217.712	5.020
27	 0	 3	216.884	5.181
27	 0	 4	215.906	4.982
27	 0	 5	214.918	5.080
27	 0	 6	213.997	5.213
27	 0	 7	213.008	5.005
27	 1	 0	219.233	2.084
27	 1	 1	218.306	2.043
27	 1	 2	217.277	2.070
27	 1	 3	216.379	2.095
27	 1	 4	215.395	1.994
27	 1	 5	214.461	2.157
27	 1	 6	213.308	2.035
27	 1	 7	212.408	2.063
27	 2	 0	219.198	1.206
27	 2	 1	218.266	1.208
27	 2	 2	217.209	1.278
27	 2	 3	216.270	1.288
27	 2	 4	215.278	1.259
27	 2	 5	214.310	1.260
27	 2	 6	213.307	1.272
27	 2	 7	212.387	1.267
27	 3	 0	219.103	0.902
27	 3	 1	218.177	0.882
27	 3	 2	217.188	0.978
27	 3	 3	216.286	0.908
27	 3	 4	215.311	0.962
27	 3	 5	214.354	0.923
27	 3	 6	213.229	0.993
27	 3	 7	212.295	0.956
27	 4	 0	219.089	0.753
27	 4	 1	218.167	0.728
27	 4	 2	217.177	0.765
27	 4	 3	216.219	0.773
27	 4	 4	215.289	0.783
27	 4	 5	214.327	0.779
27	 4	 6	213.227	0.736
27	 4	 7	212.292	0.776
27	 5	 0	219.115	0.620
27	 5	 1	218.246	0.605
27	 5	 2	217.131	0.651
27	 5	 3	216.258	0.636
27	 5	 4	215.300	0.609
27	 5	 5	214.345	0.609
27	 5	 6	213.187	0.653
27	 5	 7	212.311	0.648
27	 6	 0	219.101	0.539
27	 6	 1	218.223	0.535
27	 6	 2	217.185	0.548
27	 6	 3	216.229	0.554
27	 6	 4	215.279	0.584
27	 6	 5	214.296	0.569
27	 6	 6	213.262	0.547
27	 6	 7	212.338	0.570
27	 7	 0	219.149	0.489
27	 7	 1	218.258	0.528
27	 7	 2	217.160	0.523
27	 7	 3	216.266	0.523
27	 7	 4	215.272	0.520
27	 7	 5	214.331	0.563
27	 7	 6	213.247	0.540
27	 7	 7	212.350	0.510
28	 0	 0	220.111	4.733
28	 0	 1	219.321	4.768
28	 0	 2	218.169	4.682
28	 0	 3	217.232	4.760
28	 0	 4	216.271	4.599
28	 0	 5	215.286	4.789
28	 0	 6	214.403	4.794
28	 0	 7	213.414	4.681
28	 1	 0	219.651	1.844
28	 1	 1	218.708	1.869
28	 1	 2	217.783	1.928
28	 1	 3	216.872	1.898
28	 1	 4	215.777	1.885
28	 1	 5	214.872	1.953
28	 1	 6	213.801	1.920
28	 1	 7	212.883	1.936
28	 2	 0	219.641	1.182
28	 2	 1	218.679	1.144
28	 2	 2	217.758	1.189
28	 2	 3	216.732	1.198
28	 2	 4	215.760	1.222
28	 2	 5	214.818	1.194
28	 2	 6	213.773	1.203
28	 2	 7	212.810	1.219
28	 3	 0	219.570	0.831
28	 3	 1	218.612	0.880
28	 3	 2	217.721	0.892
28	 3	 3	216.764	0.866
28	 3	 4	215.732	0.921
28	 3	 5	214.808	0.874
28	 3	 6	213.829	0.864
28	 3	 7	212.910	0.947
28	 4	 0	219.598	0.761
28	 4	 1	218.661	0.716
28	 4	 2	217.674	0.689
28	 4	 3	216.803	0.742
28	 4	 4	215.755	0.763
28	 4	 5	214.685	0.789
28	 4	 6	213.765	0.747
28	 4	 7	212.847	0.753
28	 5	 0	219.544	0.609
28	 5	 1	218.688	0.606
28	 5	 2	217.724	0.609
28	 5	 3	216.707	0.654
28	 5	 4	215.729	0.628
28	 5	 5	214.748	0.652
28	 5	 6	213.742	0.621
28	 5	 7	212.850	0.627
28	 6	 0	219.619	0.530
28	 6	 1	218.654	0.556
28	 6	 2	217.683	0.506
28	 6	 3	216.748	0.548
28	 6	 4	215.746	0.590
28	 6	 5	214.773	0.537
28	 6	 6	213.701	0.520
28	 6	 7	212.866	0.573
28	 7	 0	219.562	0.493
28	 7	 1	218.641	0.511
28	 7	 2	217.690	0.513
28	 7	 3	216.818	0.587
28	 7	 4	215.775	0.547
28	 7	 5	214.778	0.568
28	 7	 6	213.843	0.544
28	 7	 7	212.887	0.534
29	 0	 0	222.086	4.683
29	 0	 1	221.195	4.678
29	 0	 2	220.004	4.656
29	 0	 3	219.182	4.759
29	 0	 4	218.028	4.563
29	 0	 5	217.017	4.642
29	 0	 6	216.231	4.860
29	 0	 7	215.116	4.640
29	 1	 0	221.585	1.864
29	 1	 1	220.581	1.924
29	 1	 2	219.666	1.848
29	 1	 3	218.689	1.927
29	 1	 4	217.592	1.965
29	 1	 5	216.702	2.024
29	 1	 6	215.702	1.944
29	 1	 7	214.680	2.020
29	 2	 0	221.606	1.220
29	 2	 1	220.571	1.232
29	 2	 2	219.618	1.203
29	 2	 3	218.578	1.224
29	 2	 4	217.652	1.200
29	 2	 5	216.617	1.236
29	 2	 6	215.653	1.273
29	 2	 7	214.521	1.280
29	 3	 0	221.590	0.977
29	 3	 1	220.604	0.928
29	 3	 2	219.611	0.886
29	 3	 3	218.677	0.881
29	 3	 4	217.659	0.921
29	 3	 5	216.678	0.891
29	 3	 6	215.634	0.908
29	 3	 7	214.636	0.903
29	 4	 0	221.598	0.778
29	 4	 1	220.553	0.687
29	 4	 2	219.577	0.719
29	 4	 3	218.645	0.756
29	 4	 4	217.625	0.740
29	 4	 5	216.639	0.720
29	 4	 6	215.641	0.822
29	 4	 7	214.579	0.756
29	 5	 0	221.609	0.638
29	 5	 1	220.565	0.600
29	 5	 2	219.593	0.633
29	 5	 3	218.603	0.591
29	 5	 4	217.660	0.634
29	 5	 5	216.681	0.630
29	 5	 6	215.636	0.626
29	 5	 7	214.575	0.618
29	 6	 0	221.632	0.555
29	 6	 1	220.572	0.550
29	 6	 2	219.629	0.575
29	 6	 3	218.630	0.519
29	 6	 4	217.672	0.581
29	 6	 5	216.680	0.528
29	 6	 6	215.619	0.547
29	 6	 7	214.620	0.578
29	 7	 0	221.613	0.508
29	 7	 1	220.550	0.546
29	 7	 2	219.572	0.504
29	 7	 3	218.662	0.471
29	 7	 4	217.670	0.488
29	 7	 5	216.656	0.531
29	 7	 6	215.653	0.507
29	 7	 7	214.590	0.509
30	 0	 0	219.010	4.568
30	 0	 1	218.093	4.659
30	 0	 2	217.057	4.500
30	 0	 3	216.202	4.623
30	 0	 4	215.204	4.486
30	 0	 5	214.202	4.617
30	 0	 6	213.340	4.671
30	 0	 7	212.355	4.531
30	 1	 0	218.513	1.904
30	 1	 1	217.525	2.027
30	 1	 2	216.649	1.946
30	 1	 3	215.672	1.975
30	 1	 4	214.640	1.932
30	 1	 5	213.629	2.049
30	 1	 6	212.845	1.962
30	 1	 7	211.746	2.006
30	 2	 0	218.429	1.226
30	 2	 1	217.526	1.201
30	 2	 2	216.619	1.269
30	 2	 3	215.659	1.270
30	 2	 4	214.609	1.211
30	 2	 5	213.603	1.195
30	 2	 6	212.715	1.238
30	 2	 7	211.740	1.241
30	 3	 0	218.427	0.879
30	 3	 1	217.534	0.798
30	 3	 2	216.539	0.883
30	 3	 3	215.608	1.004
30	 3	 4	214.508	1.034
30	 3	 5	213.660	0.969
30	 3	 6	212.633	0.969
30	 3	 7	211.642	0.913
30	 4	 0	218.460	0.692
30	 4	 1	217.403	0.729
30	 4	 2	216.511	0.729
30	 4	 3	215.566	0.799
30	 4	 4	214.535	0.726
30	 4	 5	213.595	0.743
30	 4	 6	212.714	0.750
30	 4	 7	211.725	0.775
30	 5	 0	218.420	0.601
30	 5	 1	217.561	0.550
30	 5	 2	216.544	0.647
30	 5	 3	215.602	0.595
30	 5	 4	214.527	0.615
30	 5	 5	213.638	0.616
30	 5	 6	212.665	0.612
30	 5	 7	211.595	0.621
30	 6	 0	218.380	0.508
30	 6	 1	217.525	0.548
30	 6	 2	216.493	0.546
30	 6	 3	215.572	0.581
30	 6	 4	214.589	0.588
30	 6	 5	213.619	0.518
30	 6	 6	212.624	0.590
30	 6	 7	211.607	0.568
30	 7	 0	218.389	0.492
30	 7	 1	217.468	0.487
30	 7	 2	216.540	0.511
30	 7	 3	215.544	0.494
30	 7	 4	214.565	0.539
30	 7	 5	213.604	0.505
30	 7	 6	212.648	0.517
30	 7	 7	211.748	0.544
31	 0	 0	223.888	4.515
31	 0	 1	222.942	4.716
31	 0	 2	221.963	4.686
31	 0	 3	221.046	4.550
31	 0	 4	220.129	4.583
31	 0	 5	219.081	4.600
31	 0	 6	218.394	4.726
31	 0	 7	217.294	4.482
31	 1	 0	223.647	2.210
31	 1	 1	222.631	2.374
31	 1	 2	221.688	2.289
31	 1	 3	220.815	2.341
31	 1	 4	219.819	2.218
31	 1	 5	218.958	2.153
31	 1	 6	217.964	2.156
31	 1	 7	217.126	2.219
31	 2	 0	223.559	1.476
31	 2	 1	222.583	1.416
31	 2	 2	221.644	1.394
31	 2	 3	220.746	1.418
31	 2	 4	219.786	1.397
31	 2	 5	218.843	1.381
31	 2	 6	217.947	1.273
31	 2	 7	217.066	1.317
31	 3	 0	223.551	1.101
31	 3	 1	222.607	1.047
31	 3	 2	221.693	1.052
31	 3	 3	220.772	1.053
31	 3	 4	219.759	1.020
31	 3	 5	218.935	1.057
31	 3	 6	217.930	1.020
31	 3	 7	217.047	1.042
31	 4	 0	223.578	0.860
31	 4	 1	222.657	0.933
31	 4	 2	221.698	0.963
31	 4	 3	220.754	0.925
31	 4	 4	219.824	0.812
31	 4	 5	218.928	0.754
31	 4	 6	217.945	0.813
31	 4	 7	217.028	0.830
31	 5	 0	223.618	0.749
31	 5	 1	222.635	0.724
31	 5	 2	221.725	0.707
31	 5	 3	220.753	0.723
31	 5	 4	219.810	0.710
31	 5	 5	218.922	0.666
31	 5	 6	217.900	0.678
31	 5	 7	216.977	0.680
31	 6	 0	223.609	0.618
31	 6	 1	222.653	0.647
31	 6	 2	221.698	0.664
31	 6	 3	220.724	0.611
31	 6	 4	219.828	0.613
31	 6	 5	218.877	0.589
31	 6	 6	217.939	0.628
31	 6	 7	217.102	0.555
31	 7	 0	223.575	0.639
31	 7	 1	222.604	0.618
31	 7	 2	221.695	0.542
31	 7	 3	220.730	0.585
31	 7	 4	219.783	0.550
31	 7	 5	218.831	0.534
31	 7	 6	217.970	0.546
31	 7	 7	217.084	0.566
