0.10406456617216
0.11301537874176003
0.12328525439999997
0.13294716100863999
0.14286706610176003
0.15226353193216002
0.16251218438400003
0.09251172134825944
0.18455478528256003
0.30486653046784007
0.430157586496
0.5527577521382401
0.6609637968102401
0.7614140061721602
0.18529438162618883
-0.12091826097677028
0.14091736197438454
0.2010986768895704
1.17227566900224
1.26477554258176
0.753501269516553
1.431487816704
1.4986734748902404
1.9862820797670402
2.3176481718297604
2.5940684375654404
2.83136352142336
3.05001914204416
3.2552415627494407
3.4451576961049595
3.62482607128576
3.810366464256
3.989210485680639
4.16109083157504
4.325974026485761
2.182603828962984
-0.31378670125782016
4.820118379338241
4.989197683261438
5.15487599739904
5.31108528907264
5.469790853570561
5.63258706557184
5.793025122396159
0.640083177726261
4.87401700248533
6.284503488637441
6.448186691583999
6.613883660707842
6.79204492648704
6.96161048298496
7.1279089304473615
6.542759035672277
6.695874131492028
