0.43295660112821466
0.11743661410633521
0.6880647268078661
0.467383476835721
0.23746821258065864
0.6112912509808908
0.9572947393609041
1.541140123278069
0.9793651031570079
0.9395348678414166
1.1949035274436426
0.6397936343323636
0.1835947854826827
2.228418103937315
6.241009680887032
8.919448721757135
8.610155132318482
10.735544301428718
1.0410265659967308
7.349354813571836
12.102513953094785
1.8995534876451075
3.5037370922573245
18.85729551967961
29.562995539045914
8.262986089284823
10.8418175657971
26.428864642397457
45.47070331555733
16.990700011258014
40.33160291577224
8.542475039928831
38.803798764929525
36.929931190006755
6.515537646773737
118.04023211018648
151.2687466801035
27.662890221756243
35.53596282675062
70.46518483517866
10.668641249460052
22.270617207112082
13.995889533915033
33.48237539688125
174.46019022401015
118.22531497048476
23.740769129843102
38.834262138290796
43.73966684911284
65.05161939066602
74.77625349520531
39.41480883715849
103.88643527225213
114.27507879947736
