2.3673036202485633
1.5501600227330705
1.5819000867654722
0.8862765172926288
0.19786620052231285
1.060389474977768
1.827818046311009
2.8054470284314874
2.6765627551489786
5.744026332675531
7.579452137505712
6.295582851060033
7.128871553521265
4.568924933070093
0.4789532427631684
2.0838279650574805
1.4365218496955094
2.9717385106746406
8.413945523012671
19.197379189407684
26.964362976552138
16.82399010851782
25.991296828703298
79.82892825429144
106.77518761877673
56.55395566303196
19.827945360349986
42.77654934952443
112.69195728022532
130.42800998238454
110.79952698338093
188.31727340092402
233.7486247355955
233.89975373781272
180.9424818457337
50.91159836544102
9.954416463850066
76.03639419429601
98.05022389259102
90.23020607519356
9.951355116514605
82.06021265137679
110.15518762469583
160.04616582031304
21.636274964032054
48.7683647466547
196.00852873259282
207.0256058544037
196.8230613829728
59.03140264497051
9.222480930264283
6.572744040349789
77.95445413259586
85.74989954585544
