0.08384221384704
0.09749481677056
0.11131778490623999
0.12640698501376002
0.14090473897984002
0.15513389199616
0.17017803069696003
0.18634347829504003
0.201737519104
0.6285710660986998
0.9564322157788276
0.9262896766874522
0.8979657888366965
0.9834470322876679
1.072838000163572
1.1809047189913602
1.2834281865090365
1.376435782656
1.6023725555186505
1.756224674702526
1.8757351743394868
1.96081544479744
2.0774955879040005
2.916326273735608
3.5048033405440004
3.9823235717759995
4.396764825192962
4.7760920464998415
5.126862479157761
5.4540782134502415
5.781254771776001
6.081708396544001
6.385591531939842
6.674947622464001
6.968299068712958
7.249181458844161
7.537352939776002
7.81145259448576
8.096856591605762
8.37321726726144
8.64334598586624
8.91744777513216
9.18515703736576
9.469386323274241
9.738274177392642
10.00068268308736
10.27391219067136
10.534710486828878
10.822829393887258
11.10219453699311
11.356918214140403
11.629624855786965
11.87498216329216
12.10436504003584
