0.474512113314006
0.07288775333638498
0.06364135758808942
0.6459891890532461
0.6124651556812921
0.22175365091844412
0.11326803549937381
0.45858275019708117
0.25728502782069995
2.774877587781731
4.430908355660819
3.3460720437983014
1.2824428837707273
0.7122659277246726
3.3106022258965595
2.7161293114767204
3.793619396448662
2.709853457480449
7.268266921327381
7.390810466169796
6.2557722662841115
1.086552033109001
0.027717577713474384
25.305548883402025
20.271556216251156
7.153548324299663
0.7958294012369151
21.591643050907805
27.571836835557406
3.2402859548474225
46.203899557194745
1.496864114109485
10.914493579490227
24.55486699456378
8.986267968899483
42.49875294259982
12.914308405481279
50.30808454229191
4.952653761312831
1.765426086702064
26.295157853801356
17.572861214452132
41.006333405290206
44.38623869267758
39.29482814583025
2.6791247208602726
25.62410074519721
22.31692590613966
101.09085946332198
133.93317582546297
80.09565410370851
83.93044077216473
40.48695805184252
40.48695805184252
