0.4662832606361178
0.041918580643582004
0.09736356560593151
0.6640969199096602
0.6006909266681077
0.1689740177147101
0.00665154218144437
0.2840966737674506
0.010116353237833664
4.001063471064043
6.691817129549634
6.3849912386419305
4.723371416880127
4.195378671616822
0.09219498328968712
0.024223288244343166
1.7110616318174152
1.3872525433519058
7.747555873124384
9.729975881279643
10.39981347481148
4.675921074489452
7.316539623144536
14.093947253788428
18.01147334784946
16.235131229312174
16.33675351175407
1.5776353667952208
9.777058138424763
8.529068905445456
43.208240149207995
4.699319627154182
26.175082462905266
2.0012139271057094
18.721500641913735
12.55368090556658
16.2722775162365
24.738949821996357
14.076475950856548
8.669514250170323
25.82737389821341
28.081923162091698
62.28320208304649
12.574184809520375
0.698464824759867
48.09848477779451
21.85213296913571
67.50774536013341
64.16986247815657
111.29053290310549
77.50412251493981
109.41334614562948
18.06251604872523
18.06251604872523
