0.07452550564096003
0.08400537063424
0.09425784180736001
0.10421223588863998
0.11396403732736005
0.12368107316223997
0.13513799436544002
0.14390672598016
0.15422020159744002
0.26110137796864
0.109186118506021
0.45452622324736003
0.541613571136
0.6136779573760001
0.6792898154521602
0.7413678391398402
0.8023085858022401
0.85137086104576
0.9443299361689601
-0.12053914134745924
1.0959275844633596
1.16310875701504
1.22386251860224
1.6683504226329602
1.9716248659993594
2.22161648287744
0.3413417169991644
2.64900884402176
2.83948382189824
2.8738196263156817
3.19613158441984
3.3743103553561604
3.54028007559424
3.7049474309760013
3.8685099368678397
4.0253584638361595
4.19029415563264
4.337622628416
4.49465779569664
4.6597266496000005
4.8096911189606395
3.931962122063151
1.0326980996790232
5.2788481235353615
5.441343730493442
5.59730489573376
5.76535420367104
5.2550857572286995
6.070081801512959
2.342477218976238
6.393332478016002
6.556074217482241
6.7245119780889615
6.89841399988224
