0.058623643978239985
0.06756589230336
0.07804469147903999
0.08824036598784
0.09764875014400003
0.10934185529344
0.11902168802304006
0.12937775935744003
0.13776449648896
0.23374517478399998
0.3239904614425601
0.41489675797504
0.49598778169600005
0.5724266122854401
0.64153435853056
0.70334657003776
0.7592961333760001
0.8196477583360001
0.9098626352358403
0.9972147421209602
1.0676642519065602
1.1328996753817602
1.1976798414873597
1.6551007756518406
1.9698953380761604
2.23491018547456
2.4632674704
2.6806700805350396
2.87416957797376
3.0613409096934396
3.24464422306816
3.433929205864961
3.5969337646105597
3.7703449072537594
3.931838475304961
4.10427405144064
4.261568997706241
4.43597060321536
4.587821286400001
4.75795451805696
4.90768523663616
5.097812565288961
5.248402418096642
5.40740330622976
5.577086546127361
5.744412479900161
5.904285711976961
6.07450553766144
6.2444172472422395
6.41203684
6.567796223549439
6.75073469694976
6.928030426071039
7.091398569024
