0.058623643978239985
0.060527472569571444
0.07804469147903999
0.08824036598784
0.09764875014400003
0.006182753312014455
0.03585655952977003
0.06749904761174107
0.13776449648896
-0.12857834221400827
-0.9818136395915094
-0.45751555376082953
-0.1822203993276082
0.5724266122854401
0.64153435853056
0.70334657003776
0.7592961333760001
-0.43487362374557204
0.6551273263419274
0.12760506837103258
1.0676642519065602
1.1328996753817602
1.1976798414873597
1.6551007756518406
1.9698953380761604
2.23491018547456
2.4632674704
2.6806700805350396
2.87416957797376
3.0613409096934396
3.24464422306816
2.07722217907098
3.5969337646105597
3.7703449072537594
3.931838475304961
4.10427405144064
4.261568997706241
4.43597060321536
4.382051011331059
4.75795451805696
0.08805165079903432
1.97832802839023
5.248402418096642
5.40740330622976
5.577086546127361
5.744412479900161
5.904285711976961
6.07450553766144
6.2444172472422395
6.41203684
4.730744020726779
6.75073469694976
6.928030426071039
7.091398569024
