0.9850220029961481
0.4508748619853975
0.1967351988693693
0.6090427660936655
1.614512212052908
1.8129530513699237
1.7401037898958691
1.5538077329191964
0.6261765575937801
6.234312038728149
10.298242710027864
7.533187983472885
5.898077474133572
0.8666417963118533
2.9918380051058193
2.066656129348189
9.776554413658687
14.914378522579113
9.821157932823894
9.732268165152846
2.829167234270926
8.508772461078252
6.566107173823866
15.623994164845499
9.828315832532098
4.089960321619401
1.2535747666333918
56.62180786206045
14.70940021901879
40.454432572854785
31.24049774795094
84.96112986292064
4.121937970554427
41.23303146626131
37.14760454813222
22.858340127571864
99.81491418306177
58.8862643882203
25.871211752648378
84.86451236287394
8.230167733370763
56.85673729991686
47.783494930452434
1.6110961480007973
30.99265100458433
80.68378071590996
11.49245755370066
28.823368870194827
27.060281838515948
3.2422728183228173
44.367702099712915
8.940912536250835
109.41988445966854
120.3618729056354
