0.06389327954944002
0.07430465388544001
0.08472104633344
0.09609305612544
0.10796113633536
0.11898525931776002
0.12978323271936001
0.14052181893376003
0.15034665031936
0.2516731902361601
0.35106099001600005
0.4495563037081601
0.5374508585881601
0.6201751501439999
0.6944008895718401
0.7588054537113601
0.8243071050649603
0.8831338215040002
0.9803788038246402
1.0693015921561602
1.1460130704000002
1.2140302303641597
1.2817355453337602
1.7587470267417602
2.0863329589273603
2.3545012033945607
2.5917445241881603
2.81728436813824
3.0140404322406393
3.2075319905305606
3.4049638007193606
3.594530847255041
3.76535706902784
3.9367956664959998
4.11076598200576
4.283687893731841
4.445836348631041
4.630518674496001
4.7900259883238405
4.95168593683456
5.128297213135362
5.3005447695974395
5.46732140348416
5.630832853493761
5.802517853890561
5.977039216642559
6.13808949428224
6.31356882297856
6.485872403253761
6.65640825600256
6.827041560176639
7.007007114455041
7.17403226259456
7.369661242944
