0.03731032710866693
0.07430465388544001
0.08472104633344
0.09609305612544
0.015899456435813905
0.004954280013188525
0.024563055244759047
0.07813282097725827
0.15034665031936
-0.4523351728484224
-1.2341354170916174
-0.6182602067494398
-0.2236708525071086
0.6201751501439999
0.6944008895718401
0.7588054537113601
0.03267164952706514
-0.4123580823428775
0.5047193336542404
0.7323209649697374
1.1460130704000002
1.2140302303641597
1.2817355453337602
1.7587470267417602
2.0863329589273603
2.3545012033945607
2.5917445241881603
2.7021930033969404
3.0140404322406393
3.2075319905305606
3.4049638007193606
2.075896188218647
3.76535706902784
3.9367956664959998
4.11076598200576
4.283687893731841
2.4916486666551534
4.630518674496001
4.7900259883238405
3.9144922140353264
5.128297213135362
5.3005447695974395
5.46732140348416
5.630832853493761
5.802517853890561
5.977039216642559
6.13808949428224
6.31356882297856
6.485872403253761
6.65640825600256
6.827041560176639
7.007007114455041
6.0075586718191705
6.1713790359239145
