0.8174427408492058
0.7091635190466903
0.8493348496844106
0.443989000985475
0.17180919149281948
0.030483278363419686
0.3570018163654112
0.8402997394379952
2.0270854148610766
11.035674899968058
16.567992821713545
14.847918392078213
13.904495474954047
9.384826084098506
5.916727488142669
7.156714069710574
0.23439507994328324
5.074439054374125
0.5487861490129262
1.1504094501376585
8.475374674363366
20.11862320264254
18.353936009365952
20.372523157993783
4.978626469103801
2.2171386153822823
0.5409059260000504
51.92463771579605
24.54845912996643
53.61496834564423
16.9696127655734
71.76163725386141
6.589468641559506
48.35441742225885
39.895995674036385
20.907805669485242
93.43834157186939
70.02524759088556
11.059296248884493
66.89106781699957
28.896171117135964
79.30518431789096
71.12344504766224
25.01547354665672
53.608965134466416
101.62455198988027
7.151774759171531
44.188525431760354
38.466118016942346
3.5742939583433326
42.75947372839437
13.438136528246105
120.09636759866407
132.1060043585305
