1.854661499968806
0.9908422378664596
0.41789057950802544
0.9629622517001977
1.5119158743198895
2.182600820152686
1.8496333443008552
1.838414196506065
1.5226455712700897
4.965069987375301
9.402705721503708
6.932308079883512
5.0471327089031774
2.402944274204856
5.072559905256185
2.3142416321004475
6.092410861386384
13.735560346705938
2.5447700082211213
0.037374880478182604
2.23848458844941
7.06528201462902
1.5076330113149652
12.040620187020522
25.851823107987002
37.772503279666125
10.377477689122315
94.36334473070565
34.37225614570161
27.202177060218673
52.76311247824742
68.54719120568188
102.90977784384086
39.71741704941087
62.28989943160195
47.33832204654027
44.91142673865761
89.0216964955398
12.952166143029899
31.497067791831796
43.45357279700693
200.33582376636332
44.15456313863979
51.16594043936493
73.9357776186298
69.18956259242987
56.13123757550784
6.811675819713855
138.21777134132572
121.12015050395712
44.52752493029402
2.3690823133147205
58.41260682234861
64.25386750458347
