0.16774725724416004
0.18679960609024002
0.20737313022976
0.22641761488896006
0.24567011206144002
0.2653271858406401
0.282887824384
0.30118495233024006
0.31882194330624003
0.48381706844416
0.63843679570176
0.7870273155993601
0.9166913536000001
1.0324250693222403
1.1411572079001602
1.22818880487424
1.3138147865497598
1.3953732975846398
1.5198195098521605
1.6346502119833601
1.7391490378239998
1.8266106352665605
1.9133927351193607
2.5006994496000003
2.8805584439526406
3.195313551936
3.4819739136230394
3.748777502975999
3.9778292069401595
4.195267434519041
4.40843437897984
4.6323367476249615
4.814710242327042
5.020775926397441
5.227376202639361
5.40683034718464
5.5969717872640015
5.800143942461441
5.975834480704002
6.160085730304001
6.34465166942464
6.5573360843161606
6.71620811259904
6.9016502066406415
7.08586919535616
7.273843521640961
7.47620837134336
7.6599994430361615
7.86535935381504
8.05514310349056
8.22910462925056
8.428821078346239
8.61749372602624
8.81065766293504
