-0.2469513439702888
0.01971418784785378
0.20737313022976
0.126832714293647
-0.07414379906859841
-0.23081684336509467
-0.17267694891907742
-0.15239683547142435
0.050890362427676694
-0.5307166007769397
-2.3450730413016663
-1.416001465078768
-0.6949845122906588
0.27573748399043696
1.1411572079001602
1.22818880487424
1.3138147865497598
-0.12415789194407734
1.5198195098521605
1.6346502119833601
1.7391490378239998
1.8266106352665605
1.9133927351193607
2.5006994496000003
2.5395758317375874
1.6605713145697731
3.4819739136230394
0.9523125787406457
3.9778292069401595
4.195267434519041
4.40843437897984
3.643531911770495
3.114205324584473
5.020775926397441
5.227376202639361
5.40683034718464
5.5969717872640015
5.496389047655662
5.975834480704002
6.160085730304001
6.34465166942464
0.5145151460719575
6.71620811259904
6.9016502066406415
6.594836500882289
6.879675041628212
7.47620837134336
7.6599994430361615
3.646398638458022
5.855514014292579
8.22910462925056
8.428821078346239
8.61749372602624
8.81065766293504
