0.09117114535936002
0.10074174432256001
0.10953981702400002
0.11926468854784002
0.12893499925504004
0.13772530410496003
0.14667061657599997
0.15736009994496
0.16639481039104004
0.26277680382976
0.3558322926822401
0.44264431535104
0.51634686889984
0.58415082136576
0.64769531394304
0.7076632020198401
0.75320458557696
0.80155206267136
0.19411190796702238
0.96451569592576
1.0328185342182399
1.0933496254489603
0.840152375308377
0.9414552117376984
1.7111283425007873
-0.15726081748896226
1.4897602484904993
2.5029821890585597
2.67842290028544
-0.35658125657569784
0.8500850277426943
-1.4708570799340324
3.3519751056
-0.6025990487742314
3.659354747136001
3.8130466629657604
2.4426407231473513
1.1307652481569113
2.47151924536694
3.325080756940242
4.5735073077760005
4.725684690496
4.403602641920914
1.6110112861546422
-3.9919941748783065
5.32439749518336
5.469790853570561
5.426645244856588
2.473291510622003
5.927830314024959
6.087873265154561
6.252160186624
6.406779045314562
6.55562358018304
