0.09117114535936002
0.10074174432256001
0.10953981702400002
0.11926468854784002
0.12893499925504004
0.13772530410496003
0.14667061657599997
0.15736009994496
0.16639481039104004
0.26277680382976
0.3558322926822401
0.44264431535104
0.51634686889984
0.58415082136576
0.64769531394304
0.7076632020198401
0.75320458557696
0.80155206267136
0.8963484383462399
0.96451569592576
1.0328185342182399
1.0933496254489603
1.15836830613504
1.5599610322560002
1.85239068385536
2.1088151349760005
2.29941073060864
2.5029821890585597
2.67842290028544
2.87118655819776
3.01281834230784
3.17326625104896
3.3519751056
3.52182573174784
3.659354747136001
3.8130466629657604
3.9589665771110396
4.134136467957761
4.259825207503361
4.411982622784001
4.5735073077760005
4.725684690496
4.86256127078656
5.011000443496962
5.19948716083456
5.32439749518336
5.469790853570561
5.620647120732161
5.797346741824
5.927830314024959
6.087873265154561
6.252160186624
6.406779045314562
6.55562358018304
