0.6848816484050211
0.12452742858579313
0.017866359949920252
0.5209297621442488
0.847379331725179
0.26397835384652524
0.2732597046203722
0.6269110037034551
0.02063710966872634
1.711190967199201
2.456013236365834
1.0139279124441032
4.292198536638182
5.877275243538747
4.405580738231492
0.4981038657361978
10.122545258637388
10.192170323398045
6.066771832440622
11.82387590278654
13.201160575108588
19.035056969549487
3.3171089635816315
82.60656486354492
106.23085139044542
4.349661590149481
163.10976743088395
82.42090896864283
145.35459316357446
38.27457233514906
225.3511431082752
260.2319917100176
65.50093107655266
70.41864114830605
119.13195485634787
115.08983492326297
181.5103265326834
90.9693673716356
180.98863622429417
150.19412612397355
10.086393946767203
25.26562726341217
113.69879680648592
126.17692899048416
302.95193086203653
12.982827042367717
57.10206916394236
77.31350032090995
171.94477408124658
95.17771633711527
55.48281058319844
13.64564468844037
35.63031756265991
39.193349318925904
