0.5473840589672712
0.3527635326062537
0.2734642602049888
0.9073831143608828
0.9560703130504251
0.15951356178511844
0.4444673582180201
0.005279030928775796
0.9406842968359683
0.6961758029296732
0.5171025120907871
1.9395364677900488
3.3726921591618293
4.404183542988335
0.9881893731081846
1.7345328303040333
4.558832478687805
15.043119346312892
1.3515611206229323
0.8734345028378812
11.697004475773156
19.52291505083167
7.710478549930031
48.00594180880853
82.36997203055762
30.290074149525935
23.43774850873342
2.669459707400165
66.29869731604776
51.70965343934404
82.3817015083423
80.2234241176011
28.326658481906634
19.188060684507946
48.7953172563648
60.746241424891195
59.91066645318642
106.87691152357729
185.60687192156547
83.3656255804708
162.22192374812585
185.79628070227045
54.110322207307036
116.07655927263113
3.4252640845588758
250.42028918355936
70.63422873879608
14.5395512358009
8.753971456826548
39.00862277340639
141.27687892512768
80.18327304383274
57.04612504586112
62.750737550447234
