0.08966814647296
0.09857490032895999
0.10814626873599999
0.11791916452096002
0.12720920889600001
0.13531921387776
0.14544643297536
0.15446912225536003
0.16299500605696
0.25982589625344005
0.35187485065216
0.43429997940736
0.4343720205044678
0.5272812464009378
0.6405761296000001
0.696396926016
0.7277699722384184
-0.13519850789748522
0.8834646451839999
0.958957981696
0.6104712674597998
0.573366056696249
1.1423984239641598
0.10501825071718573
-0.35531523991637703
2.0814040649318404
2.2926901962342403
2.4884128628761597
2.436974494890079
2.83924656804096
1.751648269271637
2.7971860675260523
3.3327335736217605
3.494070140746239
3.651413456035841
3.8053522146534395
3.946020153264641
1.8320772090322284
0.4730192333146275
4.39359161122816
-1.3179846955304964
0.7791296468473687
4.84325302641664
3.0083180140187986
5.147446179842561
-1.209126448512393
5.44200062985216
5.598720717314562
5.753358715456001
5.909589858839039
2.702988595812398
6.208580850165761
6.378033067338242
6.536260827965441
