0.08966814647296
0.09857490032895999
0.10814626873599999
0.11791916452096002
0.12720920889600001
0.13531921387776
0.14544643297536
0.15446912225536003
0.16299500605696
0.25982589625344005
0.35187485065216
0.43429997940736
0.5087112976
0.58299455326464
0.6405761296000001
0.696396926016
0.746468352256
0.80508555694336
0.8834646451839999
0.958957981696
1.022007771136
1.0950433708262404
1.1423984239641598
1.54955890704384
1.86039997563904
2.0814040649318404
2.2926901962342403
2.4884128628761597
2.67761645003776
2.83924656804096
3.0042706514022406
3.18336964
3.3327335736217605
3.494070140746239
3.651413456035841
3.8053522146534395
3.946020153264641
4.092373635074561
4.26818411053056
4.39359161122816
4.535645942671359
4.71543657083136
4.84325302641664
4.987075046975999
5.147446179842561
5.319849990400001
5.44200062985216
5.598720717314562
5.753358715456001
5.909589858839039
6.047467905600001
6.208580850165761
6.378033067338242
6.536260827965441
