0.2735031158784835
0.10700837691991083
0.3499809314933344
0.5607475181194133
0.27119856048371815
0.2244095506618038
0.4396263032765404
0.030498703824875406
0.030171770102512596
0.6249388172042529
0.8756828273275801
1.0512100118515946
0.8530903615350098
0.20493490746173393
1.7843601749690379
1.2603783077940989
1.347808870485892
4.833372656853271
4.250084607436634
3.417567723451839
4.215460084488313
3.806126223155843
1.588235850900901
22.10952306719355
1.5285554888259867
39.23514828820407
42.35406505175888
46.26772181020351
21.96016549907654
35.279350879080084
25.22674589617054
63.38490261415063
71.21968605055736
101.83274243369306
47.365267001794564
61.3662393014456
24.946332438659738
57.449045993682375
22.879118633227336
35.22600927417443
17.099049575692334
23.050197622535052
85.42033369875571
81.52987910091178
36.616167549022066
42.774722330184886
55.44958727922494
35.28767137235991
42.28186412690411
84.84697283311107
13.48425976481667
35.91160824409599
16.265525943032117
17.89207853733533
