0.22995888038347445
0.12625092279895966
0.34926972914024645
0.575754383132292
0.24215533870982142
0.1858371097871654
0.3941380686607374
0.01897201369808954
0.021177193483381984
0.6100406084659653
0.7434075823784383
0.8324281393648789
1.1049392010862107
0.02967712579277304
1.963255152624015
1.1565128419340454
1.3336513964318328
4.9084627362256015
3.9954066455688917
3.040487716612006
3.776074648122858
3.3690147124755185
1.9649009103752633
20.236416391607236
4.517119942862337
39.860035330128085
46.5330415483586
35.312595588671684
4.598545376880793
12.3170038465596
52.075816444054
92.45089895927595
41.7349518522351
73.71994112670654
21.869690941086446
39.627040860003035
42.506297843097855
44.88992436328408
30.834541648087907
38.5678902271211
18.12567485075124
27.73636911727226
77.96736764909292
71.89420332870213
47.61819042102434
31.431310958032554
66.18857465426117
44.53003979471396
49.09643935433269
81.05306225035747
12.929511487025593
30.343989415821852
27.362842031245236
30.099126234369763
