0.06713654109183999
0.07531555719424002
0.08364867115264003
0.09107551408384001
0.10046262733056002
0.10915570192384
0.11829417329664
0.12690807757056
0.136084258816
0.23030324216064002
0.323069465664
0.40879757737983996
0.4882096384000001
0.55734705562624
0.6222281576473601
0.6779269591142402
0.73097848873984
0.77805948109824
0.8708711987430402
0.9478221889945599
1.0174579369574401
1.08024925398016
1.1362741326745602
1.5553043036185605
1.8545471756697598
2.10135871492096
2.30453773935616
2.5111752056934398
2.69313306349824
2.87118655819776
3.03589642782976
3.19864926413824
3.37469832603904
3.5378299517440004
3.690868041034239
3.84873457348864
3.9961033494553604
4.158075626496
4.304476356618239
4.4566790327910395
4.61455014102016
4.768171847887361
4.911506980864
5.06535880347904
5.230112859136001
5.377323181711359
5.541564585187839
5.695668633600001
5.853163455293439
5.9990038692249605
6.167076889600001
6.329144983152641
6.485244902287361
6.650052649884162
