0.12222463492095999
0.13360253108224002
0.14661669851136
0.15853520795904
0.17148742338816
0.18379946649856
0.19695986016256
0.21104394978304
0.22301363994624002
0.35570631948544
0.48244693305599995
0.59844210697216
0.70107530904576
0.7934106216960002
0.8775192976
0.95152689381376
1.0179195664
1.0772148217881603
1.1849628736
1.2837687644390399
1.360787574784
1.4360820286489602
1.5057056931840005
2.0032348713062396
2.3372490086809603
2.615542845696
2.85825819955456
0.49647720973058274
2.7312716873671032
2.10670258267945
3.6797183583846413
3.864564649820161
4.04041517414656
4.21721381652736
4.395067382210561
4.561997044042239
4.732191129599999
4.136213748554359
5.069954742336001
5.24799922054144
5.410432308328959
5.577668455997441
3.891971380303548
5.911472547904
6.078757311784961
6.243537671331841
6.421399266303999
6.585940856957442
6.75732122543104
6.939987489487359
7.105653669706239
7.27754644317184
7.45677928866816
7.63498244886784
