0.3411991741943119
0.1401865467231005
0.3201753471103572
0.118369217644414
0.0006464950608915387
0.4067223209598012
0.3528135403883823
0.21480807216434528
0.6147997319338714
0.998307111855496
0.5442153051958769
0.883614020298694
1.4920986219472638
2.680548410276174
5.200642541923912
5.470988404198806
4.415828657075167
1.0229607935012837
2.7239941145537614
2.8267701270483485
12.650343272979626
15.323098770421211
14.96679272986421
20.230958428963277
36.07554441627417
71.4267669032015
75.80065807935534
15.843509964925033
120.11852062854268
127.72356838226005
43.23417183865422
29.701511927636602
23.626467845715524
33.29973896289448
3.3299997929643723
56.249818430318555
59.570753596621216
105.84240376170419
54.90076985547785
51.04691627606371
3.5864718168049876
5.244936192619207
105.70638188660814
4.405452306338702
12.157925728060945
51.350888552871766
31.422603698374587
26.814238037375617
27.48820189212711
70.5965472326643
8.238396234009997
38.589605078501336
11.551866986235837
12.70705368485942
