0.29595037958375414
0.22710696990456114
0.06364369920331114
0.35060244168347054
0.466762824929674
0.43810638555525117
0.26123745760571637
0.6918894549065726
0.42705538031992774
1.770392707369723
1.7071404627091056
1.9964850449526352
3.8624416834804833
4.00287001383856
0.34751070594018074
10.739946810220886
10.464133249852807
0.16781086815069557
17.708167960084893
25.848641629788062
15.636057678004136
36.180652807157685
27.683240681185225
17.178580246127694
25.497977408486804
57.97313828287133
149.47170728343008
59.18341930222232
84.70376897587994
177.28670443506417
57.79630287631517
57.64984870766057
191.39143472552314
35.51493186240623
87.85544636274062
13.70981421012766
177.7454209534917
163.0430979821067
96.56626703794245
128.99709756185985
190.98877457623166
224.27006080101273
14.632678213973122
210.1762558831324
134.51028916973883
147.2940486667285
156.2531859617593
101.19975530856755
67.5189634545386
175.76966215873836
151.68732750618074
68.02441756508051
187.0160948956618
205.71770438522802
