0.07268243457024001
0.08148421447936
0.09081013494783999
0.10039569686783999
0.11001799074816003
0.119666181184
0.12930180372736
0.13979702235136002
0.14855042642176003
0.250456207936
0.35124872037376004
0.44374569707776
0.5259521708953601
0.60171421336576
0.67370213380096
0.72791201714176
0.78552910808064
0.8447256928281601
0.9288641781760002
1.0079292562662396
1.086147489856
1.1446192492134402
1.20860648144896
1.6512085520409605
1.9472349320089601
2.1943658254566403
2.42113102080256
2.6095688530560004
2.8011190506393606
2.99183718237184
3.14255321653504
3.3250909806822393
3.5052646441190394
3.6471771463705593
3.8039790237926407
3.97347771085056
4.113763987970561
4.272257499136002
4.4345621056
4.586991972456962
4.736250351331841
4.887898402224641
5.064487395010561
5.198524032739841
5.3604399808537595
5.51458427855104
5.66957244426496
5.8311276756198405
6.0040916254950405
6.13922325831936
6.30030883373056
6.48103246768384
6.617505176381439
6.782049310474242
