0.6023367682320035
0.20030352683233943
0.7692442303563141
0.37095345094428467
0.3826673209757274
0.02432598186901913
0.2809661076765906
0.45081688479538684
0.5273477958072306
0.6565040018527952
1.2162328221822918
0.6420940254034235
1.169208870080979
0.026756068660859
4.130597483787938
2.7044465338345844
3.486107642786351
1.2341849361368986
1.073530153292495
0.6141221737807427
6.893568036057786
7.002783285001442
5.367916662223479
5.276284035223398
1.4315438106004876
10.283182068624228
46.0388075780902
21.80387776297357
16.278678561895504
108.85733984332546
26.513235531503597
22.84723339445918
38.55103554683592
4.961259377047099
80.09400219474628
63.178355582029326
46.41829013985625
22.712296639067063
65.7750309173316
8.995055395669624
100.39642758734408
10.770063874435436
11.769270239434263
17.75120611776947
8.356734314111236
130.61162306500046
0.038329415721818805
9.689825435561943
87.36143579296913
34.255606360973616
0.6491254550928716
89.95012529799715
51.20365173951723
56.32401691346895
