0.10456479387904002
0.11590919847935999
0.12735990837504
0.13788210709504
0.14922954424576004
0.16026378863616
0.17173531657216004
0.18354301092864
0.19568095405056005
0.32431111508224
0.45208518217984
0.57170777610496
0.6773474353254401
0.77297575945216
0.7869357854369876
0.9345723065958399
1.0030935888793602
1.06341303844864
1.1731142748160002
1.2679840983039998
1.3485377937433598
1.4303930368921598
1.4941092083737604
1.985686812736
2.3219908208640003
2.5960530900198404
2.8003003186042927
3.0504494776729607
3.2602606954086406
0.9112861460398984
3.643883938816
3.82515364
3.9958922551398404
4.17402551706624
3.919218477384889
4.506605907978241
4.675240302684159
4.847747097600001
5.003911300917761
5.175515800576001
4.6504841046984415
5.503761043292162
5.665801430671362
5.8298527452774405
5.99762451042304
3.968675904163622
6.329499209820161
6.496275410352641
6.6748566803353615
6.83256103732224
7.0071934697881595
6.721612367440965
7.3590581367705585
7.519967969535999
