0.07122816533781465
0.08282607714304002
0.09278310945024001
0.103395688704
0.11191890441102022
0.12422635979776
0.13559127081984002
0.14618571083776002
0.15641202370816004
-0.10957102782610756
-0.09413284547840317
0.5063290186240001
0.60592648720384
0.69677884739584
0.6292636461195752
0.7149890095271826
0.9155458474905598
0.32897466366476835
1.0810176783999998
1.1710945061094402
1.25698898248704
1.32558195345664
1.3947080917017602
1.87261489659904
2.19431368262656
2.4521204792550404
2.6923821591040005
2.066727476723186
3.09369825343744
-1.1899885467938205
3.4590881469337607
3.6361608243840005
3.81524650414336
3.97165359864064
4.135281677936641
4.13350481442759
2.9302490384734865
2.7481584260508924
4.785019750973442
4.9412737400857605
5.099720161535999
5.25655032500224
1.9602587226129629
5.5751747702886405
5.73699070464256
5.896504905984001
6.05846633058304
6.222709855295999
4.793587601472473
6.539140912015361
6.70244049021184
5.715692680273418
7.03218749865984
7.19214563966976
