1.361484159844931
0.2643237323941392
0.19468352284295065
0.8814092933404325
1.51997893456668
1.0833116344010136
1.595059906249574
1.3182750307317121
0.6168570520295873
1.014432324174038
1.1345886439278843
0.7056411321650558
0.35950718837642626
0.14974407531587985
4.009465897084851
3.6780007609374934
1.265562626781275
6.3687691592292595
4.780506127739841
10.38108854766233
2.79422888061913
14.616107046889738
9.679359428032058
3.532979049759888
0.4962941310732276
39.56786755541452
19.462342015245667
100.22108869055046
59.05476524585538
97.85973678151277
102.8195993450081
86.85634295288037
3.8058200757986924
111.19744581480336
118.63450830840884
39.92903238403596
149.00884005567423
141.22727772557482
21.96356153970919
41.2852625106425
35.39126988919088
47.38356261086301
150.9548222758749
29.291056409427256
2.902155569754541
8.878528336063027
1.4669434050520067
24.980859308401705
89.65955599403969
86.40695457290713
108.0692440879211
48.119963608951366
159.1362177254705
175.04983949801755
