0.34069223490740086
0.2810027777029198
0.7605737413108713
0.13621050044598348
0.18863481752853062
0.16932940730980306
0.5489061908383945
0.6023549064509268
1.0487379440878613
0.815369281937592
1.446077722330159
0.2983649635020811
1.2904263566251757
3.8747291073393626
3.457960948664663
3.928240784026002
2.584765643593073
1.9584402381028667
2.695241721199409
3.635995551468568
0.501194806616013
0.9237377338336046
3.4798450955661338
20.72489049438036
19.316685494691228
8.054517806810509
5.750956697487709
35.00857578631076
34.76204162623071
13.440384404166252
8.187950679843198
17.582320433077257
38.83526441614231
7.706780355711089
26.55466622061067
6.989613136818662
45.20918772809091
8.340795378997427
29.18642565979826
4.397117327509477
41.31858883335008
6.0447961202589795
12.561411723807396
11.990066089230822
9.947448372193321
41.23521121501108
40.29327307781932
35.15437261266197
30.473526899819262
6.322934551259095
44.785077196982456
23.831102978212584
13.447082429629518
13.447082429629518
