0.4447211551661212
0.22291073583494025
0.10144832556424888
0.19567203060658755
0.21386220529841893
0.18394994624335226
0.07015489874676462
0.433936344048945
0.21138901699727342
0.9040839920866404
0.715064698252462
2.4036169672128267
0.6295410320376504
1.0420767363473828
3.817191093027077
1.0213260255275145
1.6025875073155476
4.823113082717214
0.5582878353045544
2.191083065708426
2.266774358083012
0.966589367102415
0.9163366175889678
25.394553254344828
18.864629872924525
29.184431764138935
47.73395756644095
126.69468675576172
28.99260779017095
14.73559916445629
133.60070758299662
110.98085332727351
65.17409525973926
158.0355361234142
150.37812256809048
22.812254261847556
35.8702430487283
53.528124179785664
14.578682820312679
16.48738435199266
77.57964164231089
72.8443051035647
163.17115658950206
9.018595428664412
64.83255418179033
59.0334944490387
4.290741357093793
91.1218572365251
64.85463907497615
86.36906664516573
19.855727132380707
99.3672320387559
56.810836297576316
62.49191992733395
