0.3791988110731701
0.26535491007024703
0.1220677944040034
0.19333230399906398
0.18838435102249207
0.23160832246802698
0.0015005786183905911
0.3381726332010544
0.09348924392720903
1.191299217969629
0.9982411568195744
2.498244702528609
0.39774098655544776
0.44380334319299664
4.78524235255577
0.21737545230894284
0.16414759189092365
6.3641634861596685
1.9721581434588416
1.2874790320727243
2.2961666606920517
2.022054589556319
3.252638330055106
12.221929757512498
24.979051706731298
12.327497805478743
1.7195122300527146
54.22082420452716
65.67410791585826
121.51017487932222
23.90733332637501
5.679499159585248
29.113826078249986
78.09343110608097
88.48743270703199
18.24136217029445
14.076155592978466
49.94790064457629
0.930906541281729
11.252594173787656
38.28020683151408
25.615801359148463
111.14338527561631
44.13906134967692
13.763820473031956
13.31531245084625
33.20244661164179
65.80806912294065
53.83950168021693
81.81609926544479
5.065274705615593
53.521317559847375
13.786983826321375
15.165682208953514
