0.11016982425856
0.12077682287616003
0.130748774464
0.14140728493056
0.15155012987136
0.16256894976256
0.17343160198144003
0.18461527769344002
0.195307428096
0.30500259471616004
0.40810019145984006
0.5036275347558401
0.5879503415526401
0.66483280297984
0.7320020782694402
0.7922196205158399
0.8533207135129602
0.9006192208921601
0.9984805776000001
1.0776532709606401
1.13320947229369
1.0206693870145673
1.2780718527385604
1.7185531960960003
2.02686929817856
2.28731020308736
2.5073278368793606
2.7133310928486396
2.9014461911142404
3.08559297012736
3.258227163136
3.4396064422297603
3.5988700319334406
3.7682947111321607
3.923467223695361
4.080419392023041
4.2446547855359995
4.404518184591361
4.55575898162176
4.71360226132224
4.875921122941442
4.29178465092047
5.1876949888614385
5.342769666826239
5.504173948725761
5.665633859184641
5.815922600181761
5.982375935388161
5.911317445942573
6.299867074152959
6.466523500096001
4.854193087534545
6.8037922944639995
6.956410470000638
