0.30627355134771506
0.20559848760334987
0.0021105201742557256
0.20384144178903085
0.13747792801853365
0.10419901323530212
0.12976658271175268
0.3284421884698929
0.0934685230350425
0.5248971760887287
1.6927163237420757
0.8096648309852981
0.8810124480874038
0.7424645343447764
0.14990674542912075
2.1990840452997418
4.941819160759451
2.513919092324727
6.208618178099869
1.051257388971635
9.3739761742047
12.848919883861981
0.6369933443472746
17.38144659372665
25.47053681563284
23.614344943130163
3.7081755240396888
19.20375368628811
11.908244587497393
0.5622471534952638
33.543799763363495
67.68052540154895
11.855102903951774
41.99016264468082
27.039011391483655
59.47353127710085
0.15549334316165186
23.88206243690729
37.185012184760126
23.217738187438954
40.60997367629898
89.05639695621358
25.80672814328136
3.8799168088735314
43.38325814358541
75.59175412854529
18.971475955753704
46.988856757670874
110.30175233756745
15.858214503758063
16.42083734668995
94.63255176797247
80.25753448336764
88.28328793170441
