0.3256047297084841
0.09301389692954132
0.20630022768417433
0.20348346235287806
0.5458933087538043
0.3306709966290242
0.12778535510878442
0.10354706365167488
0.5558322633286679
2.3653954362771685
3.5135817744306905
1.077343573860503
1.79741531578685
0.294095991477775
0.6979220403068211
6.043174507322533
1.9289756031299703
5.30883146702115
13.342569327195065
6.70415706005474
1.7143295230109743
3.912457815042899
17.139556046542566
37.41105964404778
57.30226045184827
96.28601642841568
20.491849292800907
23.004500573688347
24.21032395914699
130.74271881751883
96.78691375919698
159.82138232501165
9.61236859548444
161.65117999533322
32.40436076660262
22.474049420394294
92.47556860409895
180.27238446225965
90.75231781671391
78.57052577386276
34.88862892747056
66.64204239330866
136.0515685386781
120.27157079797325
235.49961182209518
14.624385842937045
30.693212356971344
86.97651200214023
183.2930199407274
82.05729324891581
66.63290208458784
49.0621254094367
59.222773876812425
65.14505126449367
