0.03727679718400001
0.04354867796224
0.05025272690944
0.057065947671039986
0.06449080566016001
0.07172712388863998
0.07899157575935999
0.08713548304383999
0.09573331046400001
0.18209815151616005
0.274525698304
0.3663232047129599
0.4471992779161601
0.52220625715456
0.5894627881190401
0.6534019155558399
0.703169456704
0.751952591104
0.8521180408857602
0.9275076771840002
0.9956335768473603
1.0571425968153603
1.1223588709273602
1.5286849599999999
1.8163491984
2.07430047514624
2.2681853976601603
2.4652014492160004
2.64105141721344
2.82994218394624
2.9746921931161605
3.1320164783001596
3.3063108969369615
3.479478392896
3.622681838223361
3.7713018562560006
3.9174036447462397
4.09344182849536
4.21996113991936
4.371484783452161
4.531823500863999
4.684835144704
4.81702764361984
4.969011640384001
5.15199930336256
5.28370171580416
5.431823145379842
5.579663806013439
5.75825677191424
5.888643811747839
6.0458233312153595
6.213493465343999
6.37252265748736
6.518454414376962
