0.03727679718400001
0.04354867796224
0.05025272690944
0.057065947671039986
0.06449080566016001
0.07172712388863998
0.07899157575935999
0.08713548304383999
0.09573331046400001
0.0812748533727911
0.01927404034031871
0.3663232047129599
0.4471992779161601
0.52220625715456
0.5894627881190401
0.5006730153223271
0.703169456704
0.7493979181919971
0.16915553309986886
0.9275076771840002
0.9956335768473603
1.0571425968153603
1.0945915636845027
0.9068725234695629
0.3797577634639995
-0.29122623182200336
2.2681853976601603
2.4652014492160004
2.64105141721344
0.3497545875341146
1.5707913591246094
-1.9497375292856756
3.3063108969369615
-0.260753849536437
3.622681838223361
3.7713018562560006
2.4525535384250476
0.4521549925513382
3.7108651323878474
4.3342496698153985
4.531823500863999
4.684835144704
2.0284370387825366
1.7268609659338674
-1.5115822165001465
5.28370171580416
5.431823145379842
5.010887765585056
1.8844291219302374
5.888643811747839
6.0458233312153595
6.213493465343999
6.37252265748736
6.518454414376962
