1.372574028879816
0.8709788527161777
0.23617102162087633
0.7796653531264468
0.6923395828232017
2.077370053066211
2.6448486701814033
2.879947052497741
1.8335454987260107
6.210809057175766
10.57405216793407
8.38336675440371
6.071729916430456
1.7754388000781205
3.6954233469147084
6.3700825723643675
5.880550873442758
11.088781760246889
7.465763134907206
8.851047530471078
4.337151093434386
0.738081246863203
5.187919585150439
3.9826127457799885
26.943590539368415
22.35185542108775
31.826370677115847
118.74309166984676
15.5212217859862
28.834071546965788
0.28077974594816624
36.526747138163046
32.19389487005901
11.7981069431371
20.725443536415696
65.23075825679553
55.45156266435879
45.2158354619678
118.07698368861747
133.41160637441135
3.0240135625281255
210.39620503789047
7.21919364198402
136.91937257055542
70.95970339586347
123.38618540118478
54.687241290565
21.56430871817429
69.7583315769225
15.505435743762064
39.99998681440047
19.06760520159878
99.4924012008778
109.44164132096559
