0.12092366398464001
0.13552647057664
0.150674396224
0.16673959557376003
0.18110812262400006
0.19818024641536003
0.21393215078400005
0.22915598776576002
0.24214115174655998
0.37383930777599994
0.50125720322304
0.62431237006336
0.73341821952256
0.83270151061504
0.9228015433753599
1.0017543687782398
1.071340923136
1.1397287645286405
1.2526122214425601
1.3547991569305602
1.4384030030233603
1.52233745596416
1.5953751282585598
2.13249711837184
2.4874134779929604
2.7817116139929596
3.0374299179417603
3.292308638784
3.4974266118246398
3.6999353456665607
3.9030649014297603
4.10035284451584
4.280847070832641
4.46999048091904
4.65220725688576
4.82205059252224
5.000368611420161
5.186893286615041
5.345048068095999
5.518139261184
5.70676294324224
5.902831765135362
6.0565603760640006
6.216828132106242
6.41453281917184
6.596875814594559
6.767390178672639
6.942676930816001
7.12781495329024
7.303207897047041
7.48843662840064
7.670134681200638
7.842473155010561
8.02360463137024
