-0.003818960734071647
0.10234005619544867
0.150674396224
0.16673959557376003
0.17987142752255186
-0.10865266272658786
-0.21755978597139827
-0.16501035389642077
0.09932274941958322
-0.7508544378795224
-1.9873796348994843
-1.2245281771099923
-0.41489224443063244
0.83270151061504
0.9228015433753599
0.7015656633292896
0.8915748020478113
0.1360363341523394
1.0309372436418955
1.10583105128241
1.4384030030233603
1.52233745596416
1.5953751282585598
2.13249711837184
2.4874134779929604
2.7817116139929596
3.0374299179417603
-0.5818591519897351
3.4974266118246398
3.6999353456665607
3.9030649014297603
4.10035284451584
4.280847070832641
4.46999048091904
4.65220725688576
4.82205059252224
5.000368611420161
5.186893286615041
2.573692869382961
0.7742766674983041
5.70676294324224
-0.8912794178869561
6.0565603760640006
0.4136085555355775
6.41453281917184
4.665288084419252
6.767390178672639
6.942676930816001
7.12781495329024
7.303207897047041
7.48843662840064
7.670134681200638
7.842473155010561
8.02360463137024
