0.2203413891018826
0.18832433528597292
0.05518661270820502
0.04477532250985661
0.16477654409373343
0.059002326364328894
0.09864600486550046
0.36839191884071454
0.299896130954437
0.9938783838533141
2.560246460401487
3.2092482692722797
3.1838233420497204
3.270154656478212
1.1611276959212091
1.685012798128696
0.6749087904843236
10.88963712419195
4.854834638792454
9.137564868305617
2.884799175571061
21.942830706683935
6.842332833562978
23.92174287020498
62.30059433495808
19.497857755635778
13.27296608001052
42.30797885001084
28.980969579617522
60.64824619208048
24.61772087626923
84.62512061492816
23.102843750533793
73.32609657209105
37.26445828163196
49.898019352422125
41.30884882628379
92.88941396472728
115.41972916541272
63.73688328650678
142.82233163063574
54.56849330110708
58.10430235458625
176.9371753946325
76.98920584036387
128.5080633148973
130.33621160559414
50.460650639928645
69.0302551952991
2.4844003842081293
130.42667123733554
99.10526498438412
5.979373507376295
6.577310858113925
