0.1762275556756343
0.1828978340582914
0.21602674556732637
0.4484673753204973
0.3779123103126949
0.048398215921089616
0.15094257141279854
0.4735524410044576
0.05053964002601674
1.6824658956886083
1.5350968845710042
0.8470510324137308
1.4567275480986837
3.9093982629342463
0.1493780207644022
2.7936396841236046
3.5188809257706453
6.4105149932802306
2.189026399586851
6.607367020671745
1.7429239116279405
2.300753626626147
4.843341718657257
14.456176042837342
17.472487781966265
6.594562367913568
23.01335506975738
3.885492795074242
17.760291235068507
36.62299624296247
30.74557147086307
67.49534561673136
5.1021008997558965
4.231517153566529
3.6172647468047217
79.0211712680175
43.727853524203965
87.84306354307046
21.69331900526231
65.72488313753638
50.39493798955664
112.59826378279104
55.73015810143988
70.08954081256525
53.98462439675495
94.63459601897921
51.863305335486075
32.32579186696239
61.836431785995956
35.91952013675473
25.40134706046956
26.228889624690055
2.098483424524602
2.308331766977062
