0.087062764096
0.09611488057600001
0.10596952047616003
0.11598111360000003
0.12594435690496
0.13586360097024
0.14657626646784
0.15659305209856003
0.16832442685696
0.28436878725376
0.4064603117977601
0.5221045146240001
0.6249800540262401
0.7229352655360002
0.801268458496
0.877189589056
0.9441589130265601
1.00662212699136
1.1081217081369603
1.1986430944153597
1.28301110232064
1.358119867456
1.422027630144
1.89537117493504
2.22560568119296
2.4861922801689604
2.7170432170393597
2.9339743380710406
3.13164271816704
3.3284295219225597
3.5111324361625607
3.692761782335999
3.859722314229759
4.02959694708736
4.19670951600384
4.3536191254758405
4.5203658436710406
4.6781329493606405
4.84968484
5.0017855366758415
5.16335092568064
5.33886496608256
5.482970670735361
5.655416684544001
5.814819094120959
5.980309826275839
6.12850029732864
6.299867074152959
6.466971064576002
6.62973510985984
6.790118593167359
6.957710291107841
7.129130689866239
7.286665341429762
