16.31024010044287
24.544916329214207
33.438582302399894
41.92563316992513
50.46065079117426
58.264640577981844
67.36307564817649
76.55270633355245
84.1754334148923
167.44622398972874
252.47662709151345
335.53723359338187
420.4767648185582
504.8070635236622
587.6081694317554
673.5078579005396
762.106863752573
842.6122264484636
1008.1798950018182
1178.782440471644
1347.421788699606
1521.5243997762723
1675.2861140183059
3350.50230797034
5055.4188317322205
6769.163823713404
8391.911007757686
10113.63021903532
11787.979212209288
13483.787178274024
15114.945154767785
16771.382265520337
18476.880478700572
20160.206859154405
21911.643346270313
23491.508614878498
25181.72411777851
26963.576804051576
28633.473992161416
30266.297976248814
31987.332567489946
33662.83329545781
35275.682620318636
36966.80905538189
38724.53662730576
40430.86789831892
42066.49889414681
43701.13257821102
45394.657272746714
47063.786584581176
48792.907289149494
50482.74654807574
52157.68673198069
53783.40255353489
