0.5097598995571317
0.6850836707857937
0.20141769760010675
0.12436683007486948
0.0006507911742588135
0.6053594220181608
0.08307564817648938
0.8627063335524525
0.07543341489230215
0.7537760102712525
0.1766270915134669
0.8627664066181069
0.023235181441805253
0.2070635236622138
1.091830568244518
0.7078579005396932
5.2068637525729855
1.6122264484636162
1.0201049981817505
1.3824404716440313
1.8217886996060315
7.724399776272321
6.713885981694148
13.497692029659902
9.418831732220497
41.16382371340387
18.088992242313907
21.630219035319897
13.979212209289472
27.787178274023972
23.054845232216394
48.61773447966334
25.119521299428015
23.79314084559519
45.64334627031349
56.49138512149875
48.275882221489155
51.57680405157589
39.47399216141639
9.7020237511897
29.332567489949724
22.833295457807253
46.3173796813644
37.190944618108915
38.536627305758884
62.86789831891656
16.498894146810926
30.86742178897839
19.342727253286284
32.21341541881702
14.907289149494318
22.746548075738247
15.686731980684272
17.2554051787527
