0.5938489588599651
0.06292104522479747
0.5247471088691995
0.08972087329485134
0.6716256245296179
0.41141294498991954
0.6262013507609225
0.13764044824682742
0.4552004381084487
1.4191772347540734
2.0746531852762473
1.8380793111687694
1.3759155642349015
1.6091148478222976
0.7465449484423061
1.6809418784420131
5.107980278828336
6.97585759584922
0.8137747847566743
2.795242933470263
1.900322933650159
9.111297517593357
11.474624456049014
16.12103768263796
5.056348236826125
12.878812401656432
42.343162536584714
10.835959034771804
10.914954217441846
23.517747758221958
72.78259728030025
107.94568240347508
93.3315328779463
8.695226162395556
5.700994143982825
22.28110775019013
14.326723824371584
41.446145393882034
20.23919937460232
7.662792327453644
67.46442087005198
13.086530671353103
13.406532252512989
62.32379240199225
30.384511973854387
62.82603098947584
79.20998528532073
4.8029903202623245
61.853650396216835
140.92335976728646
135.66055038327613
80.81178754536086
218.93977059832832
240.83374765816117
