0.2125101336330104
0.6162025224264482
0.3858638526614868
0.27964794373177426
0.0513820375245615
0.12034857228100293
0.08350834375703187
0.7167962892637973
1.3708783841315153
3.9481899227047847
2.185807459671935
1.5552171347157469
0.9983593887568531
1.5646223762337286
0.1105311467890715
5.697347132471236
12.38380180473007
14.650364145777758
14.00662614838734
11.530669884076815
3.8414433342193206
13.224526693775488
10.12005974265253
25.75078693766727
42.35189058299875
19.680439987422687
28.270182146183288
32.98641994000536
34.591330858402216
36.19071396608888
70.17761181593596
49.1125286220049
85.46386563720807
15.812512371867342
3.4652928331088333
18.069725930097775
101.87309912141791
45.603862255931745
53.774701984395506
12.342668639837939
6.681338116992265
28.08691135258414
60.156495527036896
56.48422586679226
62.34478125636815
57.21109874918329
93.49407302575128
38.76345651103475
37.40016092733276
19.368033902988827
29.062637913906656
5.061256688219146
51.492458867127425
56.64170475384017
