0.18520852806277333
0.5297261620770719
0.21870763976076546
0.07497432834404805
0.2587505071145415
0.06176409610457512
0.21489221445580142
0.7722662370984779
1.3305581958398562
2.4339125713198655
1.0159610303072952
6.28298207681263
7.042250362643074
5.446708364662072
7.6671154173413925
2.0464189551572645
4.8543825943885395
7.664652406408891
8.869147984903293
9.001456087465385
3.52349414596938
17.269797206940666
3.131268028869272
3.9073716192265238
35.654825556902324
10.668403918310105
14.947473276883102
42.43244642544414
33.38265995124493
29.370948213854717
84.25525335121347
67.5409067435794
65.16933674766187
4.2966661438767915
21.490319329528575
3.4138969017403724
91.28521640388135
39.93137061579182
52.953206721409515
8.303232739559462
1.5708514751604525
16.202821610757383
45.430492514504294
39.873830358956184
44.81002913480188
74.6928797138462
77.21486664828262
24.590599827701226
48.54342200217798
12.55164023967518
27.472719985016738
0.6284024225751637
40.20798807725805
44.22878688498386
