0.06869599064063998
0.08315056685056
0.09961648939264002
0.11572950825215998
0.13207584082176002
0.14726436950016
0.16289554305023998
0.17901699481600003
0.19487209882624001
0.33201381540096003
0.44245698241536
0.5366511861990401
0.62492440006656
0.7062129970790401
0.7766939202457601
0.8473482334310398
0.91318970761216
0.9714767474790402
1.0745495113830401
1.1659196654617603
1.2426648871014403
1.32777132226816
1.3892261946393603
1.9079919000806405
2.264158202944
2.5690140008473605
2.83035670384896
3.06140249834496
3.29601410685184
3.5020361565798397
3.72217688187136
3.9204000000000003
4.100851803135999
4.30126362502144
4.492866946754559
4.6776761562009606
4.854026788047359
5.044623808576001
5.227376202639361
5.41780369182976
5.600303318015999
5.785910673664
5.97308125452544
6.156941002178561
6.34261256487936
6.515309342108161
6.71903632578816
6.901095374440961
7.081934345052161
7.279160832064
7.472551464970241
7.662435186588159
7.852432444848641
8.051047593994241
