0.9999933885623732
0.9999947826858977
0.9999954706086019
0.9999924113248743
0.9999959430178319
0.9999983746119935
0.9999961723817640
0.9999964164658381
0.9999967916090087
0.9999969171480311
0.9999958546287997
0.9999959187484910
0.9999958858881920
0.9999949260382934
0.9999953044046070
0.9999952444113303
0.9999814057291641
0.9999925216835989
0.9999919715901908
0.9999943471569794
0.9999946531004186
0.9999914902906438
0.9999866777409321
0.9999924656606433
0.9999880526525499
0.9999894376788767
0.9999880547507735
0.9999920070655951
0.9999929327775524
0.9999904765801375
0.9999890451533532
0.9999830676014817
