0.9999900100745985
0.9999933494534265
0.9999958100917843
0.9999970798495301
0.9999948226974584
0.9999952514156546
0.9999959445886780
0.9999937993988466
0.9999950265412091
0.9999947745857558
0.9999949156293155
0.9999956397338718
0.9999960022321280
0.9999955036902829
0.9999950799951522
0.9999932827702684
0.9999754435359419
0.9999887422767234
0.9999893392028321
0.9999905020468570
0.9999919679161754
0.9999922838785470
0.9999851305538408
0.9999917764018535
0.9999866971721432
0.9999889015019797
0.9999884926596302
0.9999892916139257
0.9999841466556016
0.9999864693292472
0.9999915014813331
0.9999787669930397
