17.6065966734
25.0742100856
33.5865528830
41.1926694446
49.9733566417
58.7458998587
66.4033329284
74.8004350524
83.9274295126
173.0001936667
259.2317328801
339.4756070313
418.1141872730
499.6700356682
580.1924358599
664.9418518989
758.6283496006
845.8708861626
1014.1964123610
1187.7828211745
1346.7901397359
1511.3388732913
1679.0907268802
3336.7045287168
5047.3632834807
6751.3227778563
8430.0839319073
10097.7145918214
11787.0260581982
13420.4652402859
15121.4225951634
16813.4249858184
18404.2914524849
20219.4510191101
21957.9772455768
23584.1053334498
25322.4118474315
26853.0731329339
28490.7500512085
30284.8594563051
31917.1544595575
33689.8025170957
35385.3538779188
36928.8651023688
38565.8749119643
40359.7433165746
42194.3287288685
43863.0307044568
45460.4559857779
46998.6976030734
48610.1219788455
50507.2862939535
52181.8581833081
53822.6491323032
