0.9999916774611886
0.9999947412056499
0.9999971906155790
0.9999955163523987
0.9999965090602378
0.9999933169270920
0.9999961084687413
0.9999961603344217
0.9999963763395634
0.9999963892836710
0.9999967683693683
0.9999971499352374
0.9999972209867379
0.9999962558556565
0.9999956597676231
0.9999955290475696
0.9999801898848217
0.9999902367122410
0.9999918018798566
0.9999902549005345
0.9999948802807267
0.9999953898859480
0.9999890778238452
0.9999928758084733
0.9999905881581074
0.9999902055502539
0.9999944056481759
0.9999915003009729
0.9999913250603621
0.9999916250630443
0.9999920730775147
0.9999821367692503
