0.7865966734
0.1557899144
0.0534471170
0.8573305554
0.4866433583
0.1241001413
0.8766670716
0.8895649476
0.1725704874
4.8001936667
6.9317328801
3.0756070313
2.3858127270
4.9299643318
8.5075641401
7.8581481011
1.7283496006
4.8708861626
4.9964123610
10.3828211745
1.1901397359
2.4611267087
2.9092731198
27.2954712832
1.3632834807
23.3227778563
20.0839319073
5.7145918214
13.0260581982
35.5347597141
16.5774048366
6.5750141816
97.7085475151
35.4510191101
91.9772455768
36.1053334498
92.4118474315
58.9268670661
103.2499487915
8.8594563051
40.8455404425
49.8025170957
63.3538779188
75.1348976312
120.1250880357
8.2566834254
144.3287288685
131.0307044568
46.4559857779
97.3023969266
167.8780211545
47.2862939535
39.8581833081
43.8440016389
