0.9999909866823437
0.9999955629295495
0.9999955694856612
0.9999970986371914
0.9999956576487948
0.9999963610008560
0.9999956715523375
0.9999963929292266
0.9999942442017771
0.9999944700202644
0.9999953558611870
0.9999938341918158
0.9999948841535250
0.9999946743431339
0.9999937299522360
0.9999926545842432
0.9999811546959274
0.9999903222079836
0.9999915037960392
0.9999910087196153
0.9999941620870851
0.9999926957939596
0.9999842206325806
0.9999920086811338
0.9999911543003062
0.9999920251448327
0.9999941750512858
0.9999922477982360
0.9999926501755253
0.9999920365519419
0.9999923743330961
0.9999884827086087
