0.9999901437996018
0.9999939437935267
0.9999957654698769
0.9999961440199795
0.9999955994924482
0.9999941327252800
0.9999948796414799
0.9999950556607723
0.9999929315427359
0.9999933153253061
0.9999901214443758
0.9999958857009632
0.9999949221645218
0.9999942871650823
0.9999954061196583
0.9999927761099593
0.9999690013310176
0.9999889466327957
0.9999874183376037
0.9999868539158659
0.9999902783695981
0.9999922159757577
0.9999879398184933
0.9999906870504460
0.9999841014236128
0.9999862631973134
0.9999873477406632
0.9999826673785774
0.9999856669349937
0.9999818696670716
0.9999862621063424
0.9999784183610009
