0.9999926256838594
0.9999948305020416
0.9999962260467794
0.9999951846436038
0.9999967411643729
0.9999965245363683
0.9999951437149821
0.9999959692482121
0.9999942606544698
0.9999907673787042
0.9999948877635748
0.9999966150327207
0.9999951882690195
0.9999949009625104
0.9999959176742695
0.9999942036257562
0.9999806567085031
0.9999915393622186
0.9999925862633677
0.9999904911706798
0.9999949726396853
0.9999927949574993
0.9999891744833715
0.9999944884470319
0.9999913957397112
0.9999921847824366
0.9999929183933642
0.9999934222708015
0.9999914835466469
0.9999885123904415
0.9999909127742871
0.9999843190861888
