0.5864714086
0.5397946085
0.6342383107
0.5772134523
0.6089790007
0.7325783972
0.7002497918
0.6776792909
0.8927813163
1.3645951647
1.9580908033
2.4948086621
2.8980013784
3.4467213115
3.7729923733
3.9007421150
4.7220662549
5.6613934702
6.4942084942
8.1492248062
8.8572933123
9.6666666667
14.4650842793
22.5620389001
29.9982165151
36.7329111160
42.3357664234
46.3616317530
52.0098948670
53.3629441624
56.7284991568
63.1618475404
57.6619814878
62.4814264487
68.9061859893
66.2726556344
77.1205868867
73.6427320490
68.6530612245
76.9090077732
72.0342612420
76.4893133242
85.1214574899
81.1776061776
74.8886910062
73.9665787159
82.0087762067
86.2564102564
90.0910551687
86.4337101747
73.7719298246
83.9321357285
85.9478794073
94.5426673480
