0.529944387936343
0.23805915561798585
0.09287873561936522
0.2518843213191886
0.5162288769344059
0.49157825446999937
0.6471794427601196
0.20660676343226214
0.11938773935902702
2.450864307989548
4.220682934829938
4.246293719148525
2.695505102416405
0.029934507906148156
1.0284978627330474
1.2093855665350475
4.6546221392461575
4.651200616228834
6.145320848093206
8.072111683147796
8.906866024115288
3.7994829890608344
12.674566485544347
22.325632459856934
11.620048286567908
25.666147888125124
15.564687873165894
21.471708764480354
13.92248121512057
10.513182497414164
30.881117378748968
30.433181847467495
14.399626644382806
37.25661263078291
17.04629432990623
6.720256876360509
37.435442467889516
33.4631204662619
13.596930973410053
26.829525854143867
33.47820901678642
72.42723383146222
15.132435801468091
57.390436457404576
96.2059400847429
118.1197496478635
36.17984901732416
34.99067560637923
94.15488622714474
123.28167147473141
185.2920921473924
167.41280171297694
4.6167244140960975
4.6167244140960975
