0.10357686608896004
0.11910671001856
0.13335818526976
0.14794054460415998
0.16360665908223998
0.17959830313216002
0.19498088560896
0.21062372069376004
0.22660189513984005
0.39222463430656
0.55480092662016
0.7124386340966401
0.8555006845158399
0.9880964361241601
1.1107912099046402
1.222032967936
1.3252577561625605
1.4188392754201598
1.593774952704
1.7469564469350405
1.8807160176640005
2.00851933106176
2.124691047424
2.9720822151398405
3.5675533516902407
4.055145565616641
4.474680238336002
4.860776168202242
5.21056954595584
5.54728358339584
5.877630021429761
6.18054603375616
6.48641028538624
6.788192533055999
7.0770641397350404
7.367272489984002
7.657466680483841
7.941457654704642
8.218404634175998
8.497019785239042
8.76839274006784
9.045830998589443
9.326192826818563
9.59643423084544
9.86754956974336
10.139975381155839
10.41247573383424
10.68318115338496
10.963303743744001
11.235603662807039
11.490950140764161
11.76389022966784
12.005005350976
12.22763261953024
