0.15810102820864
0.17022159627264
0.18319632660736002
0.19538521657600005
0.21017163464704
0.2220173774438401
0.23586019623936
0.24797850305536007
0.26117332902144
0.39624708473856013
0.5292760381849602
0.65138329172224
0.75840689326336
0.8621880172646401
0.9413904959078401
1.02019373015296
1.0854505890201602
1.15647483618304
1.2574231312614401
1.3534064896
1.4347325059302403
1.5169134422041601
1.5798961524966397
2.0698922189440006
2.4162041269273606
2.6767525309465605
2.912729315584001
3.13388561350656
3.35700374448384
3.53690309902336
3.716949558896641
3.9178913454489606
4.074946207580161
4.251909984256
4.424116558850559
4.58917850727424
4.748591867176962
4.91197505176576
5.096938369599999
5.245257887907841
5.400529801216001
5.58689994117376
5.73623192986624
5.898470998858241
6.062365807843841
6.242042534464
6.387014802319362
6.55715581019136
6.72496838311936
6.89092740331776
7.04937334030336
7.217372516682241
7.404772699709441
7.567631270115841
