0.312791673949782
0.29162578559677144
0.1222232091342974
0.16123019811958983
1.107126757982094
0.3293065669045916
0.7227979735936856
0.06699921445149926
0.2565712922503991
2.0530874718094765
2.4234626250291456
2.0072300849922726
2.678373570318854
5.171569938537459
0.19187740639290496
3.8304632887119396
0.0936656092476369
12.32277361902959
1.1622885357595578
0.47263426125891783
7.028920586160893
7.055268326269925
7.598133222290926
18.60717220614879
43.224472747312575
26.032779945706352
49.76496496546861
30.589011263766224
126.4387819765634
4.006682104405627
58.171120497963784
127.57572696090574
56.80926369602457
17.590926885397494
4.365171168883535
22.203284151146363
88.74560528259099
101.70682764556841
117.81771821070288
33.080628552826965
108.7046054934035
139.1069141157277
2.6143347648030613
3.002528014454583
3.9464564247246017
166.50166953197913
33.696513433496875
14.891529599124624
29.898448918174836
15.705937973529217
84.26933358611132
100.31729530638404
61.63069997425191
67.79376997167711
