0.08350569456702672
0.6042217666847769
0.28778054564454436
0.15102609577093773
0.1044479584523259
0.367499326075297
0.405345095918463
0.6424850678553895
1.4594489951027043
1.4593810836462637
1.7436451208653523
8.456480513996269
9.136531090752499
4.17156900380661
5.8699423457987905
3.674316554955567
1.7847299784594952
1.3053298795729233
2.7898161879478494
3.7254220193710808
3.3199514131872547
10.19227613839962
9.301762312210712
31.87054892832657
46.09063731984952
2.4035988741816254
57.83464977634867
42.11784625024666
3.991469596983734
67.73797857166574
43.38458693941902
38.74506716357064
31.07470465881488
34.998400371459866
30.98401522619679
45.72987200719581
52.74310542695821
10.589259428306832
16.868557712830807
50.103350666118786
1.4757413582556183
112.35644457984745
50.95738290772715
126.11604652227834
43.89829956549511
65.63589490184677
140.6445483516145
102.94739862976712
88.88243525319558
28.635144965133804
49.077944227159605
14.382515384575527
17.21603808859072
18.937641897449794
