0.14078584596736
0.11767354779501314
0.18591826206976003
0.20713275801856
0.22817971097856005
0.24955859501055996
0.269934280704
0.29033130297599996
0.19489782423512145
0.4612262624630076
0.62036920827904
-0.8079468187629215
-0.724542169901663
0.9372966086246403
1.0198737725439997
1.09854547247104
1.1704089427993603
1.23772567097344
1.1859828784303694
1.1884042900948502
1.5496027247641597
0.6027172059201451
1.7109016706073605
2.2811389983359995
1.859767434292813
3.0109245926425596
1.8522620253116016
3.5455142597529585
3.792591103797761
4.013502575779841
3.9411748095106565
4.45192444973056
4.6614744484070405
4.8655112887321605
5.074711354944001
5.275290240000001
5.4608211856
5.663958280611841
5.855633369090561
6.05768658567424
6.24582469755904
6.453103767616001
6.640434225216001
6.844067111242242
5.511765374045882
2.397114411610013
7.060646339169571
7.629342249576959
7.827398347901442
8.02121183201536
8.22607562250496
8.425755532311042
8.62731302354944
8.830834475584002
