0.147412995136
0.159897616384
0.17126884279296
0.18428269209856
0.19860356598016005
0.21243692191744
0.22551405364224
0.23963609629696
0.25358395346944
0.1929632103835317
0.30535508561886815
0.6923198497177601
0.8189786646553602
0.9301537722470402
1.02760228733184
1.0870180634675823
1.1892966851814402
1.2583311391129604
1.3861162894233603
1.4879627841126404
1.5794537408742404
1.667032170496
1.7468168755840006
2.266277333056
2.61901658757376
1.2458335518382688
-0.14407922508651438
3.392180090083841
3.6052166255846396
0.3853517761425156
3.996666294888961
3.6358456090751092
4.36824713723904
4.558088361024001
4.722012443568641
4.8985658635161595
5.072570603274242
1.9925989039907446
5.409449836341762
5.58465374224384
5.75825677191424
5.927144718499841
6.087265322434559
6.256209541570561
1.434066361404983
6.600763975703042
6.772977102031363
6.943789955491841
7.120392715560961
5.567194453049401
7.466105940789761
7.644225208688641
7.821884396874239
7.989739921123839
