0.050375765748039925
0.20249360773264868
0.5348956572872439
0.38583205247791597
0.3846469321669801
0.6373624343236628
0.25553375988245364
0.3623169776031432
0.22855924127480876
2.048372037680508
2.3544601921034882
0.7375350969232386
0.5037167376467551
1.5123899504349083
1.9529204489589347
4.467133963420679
0.3532978780248186
2.041067978401088
3.988289239961887
2.4327036089127887
5.676595360415831
3.2152397039658354
14.067649095952902
15.25595951348896
32.27889651362693
71.77317832380504
90.03152206391132
19.74450937704023
20.885968691793096
125.71176785982425
25.72357741608539
73.45064557868318
32.400098286339926
60.492668229169794
63.11258356388498
44.42388705259145
31.860155863072578
150.75208202805516
77.3479377122494
20.453806218985846
25.29161583095265
26.068194418148778
60.76640204642172
61.85785771449446
178.18864214720816
11.518088300857926
3.1091400513032568
4.1873309650836745
35.75180501908471
106.27110252949933
11.374829084277735
32.63853588935308
37.0925070487574
40.80175775363314
