2.332607276695459
1.5639788766848568
0.48726998220634243
0.6430311624686809
1.7999349993852647
1.3968728147346354
2.651975409165246
2.6615773352605885
2.820560016094788
4.342898947117305
2.7642882956043593
0.8707401065818203
4.725160290382632
1.8361890351182524
11.11529004580757
11.810692058364793
10.9305984586681
4.0641191270685795
14.653371042224421
13.936260573887012
19.987353945514087
5.9864036464903165
8.962207794393635
15.537480371534002
155.77623720189513
129.42654496606428
128.9620867447229
119.94064955744034
103.22387292946405
63.7906176156248
6.410652724178362
84.35929928104088
156.51178402280857
89.9665215411369
121.6111341803371
156.32320223357237
217.38995701841122
241.2956908372107
42.001530919944344
220.8045890556932
237.60693375982373
69.2821033274522
64.03193046907836
76.82489805329533
32.79775231817621
149.0028856985591
93.2599627379459
25.430755435801984
61.94042861232447
112.34517299248546
15.8852246786264
34.02213938161003
66.6103530473265
73.27138835205915
