0.08342484848896001
0.09218364702976
0.10160385751296001
0.11143525828863998
0.12163465363456
0.13041805486336003
0.14130141144064004
0.151016177664
0.16111039988736
0.2698611327385601
0.37856750950656
0.48122523961600006
0.57040437510144
0.6586192456729602
0.72641119896576
0.79444563796224
0.8569012355481602
0.9173992298521602
1.0098738536550405
1.0957064976000004
1.16842955409664
1.2415272120345602
1.30161812687104
1.7447704696857602
2.0693351871385604
2.31336312545536
2.5356103696
2.7410007641702396
2.93481850841344
3.1042324104422407
3.292244769679361
3.47790273546496
3.6250271256601603
3.79958647830784
3.9609278832639996
4.11919172907264
4.272694048860161
4.427893313536
4.6023086575206404
4.740771154493439
4.893581076736002
5.06306161557504
5.217642734655999
5.3708767022310395
5.52988710866944
5.70247522580736
5.836568944560641
6.005385466685441
6.16777622360064
6.332864857538559
6.482197472255999
6.650143422883842
6.818031210496
6.971458683903999
