0.23411161965932337
0.2894320861552764
0.014469559110203534
0.36142846954253827
0.8146783719428825
0.13628822756492553
0.5074673988780347
0.02916675398330426
0.2657781154737222
1.0256049854316132
1.619072392681403
0.7065585053371137
2.9559870555751786
3.640639996446737
2.7747411315533554
0.7897425202900195
2.217113265401508
10.695571267574792
1.417830650096107
1.768085664145019
6.02238353188045
4.751222202856752
2.0603358457772174
36.536495844481124
47.735512757196375
5.270517096072581
7.780824208442937
2.6320257022307487
20.98554241958118
105.727734832848
1.7257657333138923
141.83601024020754
63.511596558309975
37.977755708529
29.796339188400452
9.012761785194016
47.08834880899667
73.83304743273402
114.27465806463806
78.15123361006772
113.46310199422078
31.71657768781006
14.879279502856662
19.57859894385183
3.171411436822382
164.15318259276683
92.20198484144203
11.720140593577526
37.38278095186979
80.24917976777215
51.768099481509125
2.754678892393713
32.359711573699315
35.595682731069246
