0.8979057620039139
0.06798611812036626
0.32769626697817245
0.5952125471389493
0.5434381833496573
1.412713089637947
0.4083844892108317
0.19752500510861637
0.5089654633141976
3.097525133271091
3.9127235480250704
2.608048701257985
2.892107119143077
1.286006233398325
0.5812033295761694
1.6191006257527079
6.851890320727307
5.462001683394533
2.2513382088692424
5.552326252647845
9.5803467658111
3.581285156639751
4.3871878204734
12.280360444800863
12.194212388461892
36.338954664935954
12.94805361366889
13.832910199560501
56.64903343664446
136.98679473319316
27.530382565968466
12.806403054222756
45.42974427207082
106.22149606992389
57.64671769354027
48.612159360385704
7.537804427520314
36.5306583023812
65.21526675168207
109.50100043774364
59.91743571272309
24.25078453092283
25.842719299835153
97.00219119186659
38.19984408221353
4.229047762637492
31.632265442189237
160.5504110936381
21.507194461511972
55.309710799570894
93.53346608456923
92.45662630930747
189.25601938611362
208.181621324725
