0.09245102411775999
0.10399644623104
0.11535859016703998
0.12685792370944002
0.13818289551616003
0.15100249897216
0.16139309925375997
0.173036032576
0.18408630518784
0.30323612729343996
0.41996828406016
0.5284824730240001
0.6295800411366399
0.7099451007897601
0.7866526299033602
0.8571293406438399
0.9233764712550401
0.9796121887129602
1.0799565927321604
1.17117069220096
1.2439208573440002
1.3189034085990399
1.3879403446374399
1.85886392288256
2.1873842067686406
2.4635437066240002
2.6933063639961605
2.91044691841024
3.10913378845696
3.3251551676006397
3.4932806170240007
3.675870569535999
3.849079861411841
4.037797672099841
4.191663314967041
4.361113835584001
4.532198178816
4.702451233384959
4.857672422563841
5.018173456384
5.19948716083456
5.360847474780159
5.521116406671361
5.698945374312962
5.85955223206144
6.022563617917439
6.187986594408962
6.376610798103041
6.52861368527104
6.696791649855999
6.8851073050214415
7.04021740094464
7.20584014940416
7.414162626816
