1.756146755092697
0.5346287320580814
0.21443866844992243
0.8115019845621418
1.059847909326706
2.242765830383931
1.4742652443378859
1.5098104800718204
1.0210636106966007
0.005315632192775865
0.2758301616873666
0.8730716117202633
5.795612500857942
0.9458021408609625
0.9099158289096749
2.4139493590852226
7.044873501367874
5.234304746634507
1.6166101415412868
5.090567267186998
9.440356002555973
2.3514820027221504
7.030692487092892
1.0264272772215008
12.43297552533204
4.207867055029965
78.39171533561785
108.32812939092037
170.7929353049749
11.665625169916893
153.9295912252037
133.58510106469475
155.562927545423
11.907419479517557
137.04131645178495
110.64815128550617
52.09569964113689
8.450359380731243
79.63312557565587
111.55844760365653
69.32726899309273
41.46132261717139
3.197207588891615
122.98409003901179
64.81863123532094
20.826471361797303
10.315453180759505
175.13986629041756
14.104092844158004
57.53910715978418
78.61111880395765
119.2012351707017
229.85050242480793
252.83555266728874
