0.9892276946015475
0.21384260713066894
0.6161557463081166
0.8566749814756562
0.5277348749964474
0.10266076556368375
0.21629739260079361
1.14042404023607
0.3629904935552446
0.927978065577804
1.3100041507203173
1.015338843959853
0.8868191564873769
1.2904321706754445
3.2872937438775125
2.2079207822766875
2.012282201430935
0.5038726526724986
4.500091121837727
3.6996171140144725
3.747843737682615
8.625559141432632
5.833123659495868
21.889001867771185
28.963412882445482
2.9030739895506485
63.153554529348185
91.78472639512256
140.31012391095464
7.630560900877754
89.44863144820556
67.94978880876079
105.94289768539966
70.31369567866568
111.75382334729511
134.60093649274495
31.160420551415882
36.1561623384805
65.46121896714976
29.569388013718708
165.70012153626521
79.60272604225611
157.1858449829815
21.34245558789553
110.89022063439916
117.50410468708287
8.968936686920642
82.65641367060016
95.60528245138994
0.6101225034944946
58.92764161754167
112.5986028007901
44.137512095105194
48.551263304615716
