0.603625846427704
0.005417392503030527
0.6555928540257767
0.7465250144656608
0.2855395341209359
0.2625805395670966
0.2720258397686308
0.5272219102937044
0.3445651939188821
2.2146160463248634
2.459658470429531
1.5552111613069428
0.6210786897169669
0.22791959531883776
5.058989351086325
4.456063495189142
4.534320586286981
3.0901839635496344
6.616035217777835
2.635819990309983
4.267553143301484
6.035345108364709
10.364920118859345
2.159426653493938
37.74679822794769
24.563690337240587
8.357614710957932
7.919797535903854
36.88936083977205
120.85830392452954
22.797086658976696
35.28056214207754
17.20851968578063
0.690358745148842
62.396447148792504
106.25208769115488
24.634513589066046
23.169072814540414
93.81448195910343
71.68640596097612
112.44411205716096
20.27242772417958
94.85892983662052
40.41950101816474
53.38169431245478
67.51736176701525
49.16163640686136
56.80886266611196
86.44330689608614
8.300533754452772
29.215485889697447
59.85834263815195
35.59107464001136
39.150182104012494
