0.08721862758400002
0.09736297052415999
0.10798426921215999
0.11828206694655999
0.12819035015424002
0.13823524
0.14921594671104
0.16152039481600003
0.17177908101376
0.2902175144985599
0.41193188548864007
0.52648839426304
0.6292728505958401
0.7201246755225601
0.80562257019904
0.8772225571225599
0.9426887533465598
1.0014725416960002
1.10967852720384
1.19683249920256
1.2780320588006402
1.3561105568665601
1.4167017279078398
1.9009482535014404
2.2220887011558403
2.49964194785536
2.7297648400000005
2.9445955971097604
3.1423036218393605
3.3512018033894404
3.5240059889689594
3.7033215180825607
3.8714875380121607
4.04324586014976
4.20442886127616
4.365304863293439
4.536695522304001
4.703443597557761
4.853483938293762
5.016281174671361
5.194191060298242
5.345699129098241
5.51326178672896
5.661110365757442
5.83138267841536
5.9946938995609615
6.146115306496
6.320027060328961
6.487575773184001
6.645605531811841
6.808751259650561
6.973782387264002
7.152834712066561
7.307013434941441
