0.49865859124448164
0.6762958139531037
0.1953294400782184
0.12104881909439058
0.0009931362198187799
0.6079025854710807
0.07697281937983291
0.8527989107446388
0.06221458813828917
0.811014944178055
0.06526097810566966
1.028483754032436
0.2411815979438643
0.05726150363113902
1.3958567454978947
0.36855907113329067
4.836961431915256
1.2190650703256551
1.4495204965079438
0.9289005701093629
1.3546127547535889
7.2513675860204785
7.186677431137696
13.83437666210557
9.219171756053584
41.00269284611932
18.299937508540097
21.304381606849347
13.51327855877389
27.181150517853894
23.771345108347305
49.406117109047045
25.929785145941423
24.56997715090256
44.95656967585819
57.054981330791634
48.67342926031051
51.37955619208151
39.47472888015545
9.510264892560372
29.710830170821282
23.367791600692726
45.664663506009674
36.4555516294422
39.306773237505695
63.61719982808427
17.174861029758176
30.318494827537506
18.98269231578888
32.09631407649431
14.71436366202397
22.194903882787912
14.72722087045986
16.199942957505847
