16.32134140875552
24.553704186046897
33.44467055992178
41.92895118090561
50.46099313621982
58.262097414528924
67.35697281937983
76.54279891074464
84.16221458813828
167.38898505582193
252.36526097810565
335.37151624596754
420.25881840205614
504.5427384963688
587.304143254502
673.1685590711332
761.7369614319152
842.2190650703257
1007.750479503492
1178.3289005701092
1346.9546127547535
1521.0513675860204
1674.8133225688623
3350.1656233378944
5055.219171756054
6769.002692846119
8391.70006249146
10113.30438160685
11787.513278558772
13483.181150517854
15114.228654891655
16770.593882890953
18476.07021485406
20159.430022849097
21910.95656967586
23490.945018669205
25181.32657073969
26963.37955619208
28633.474728880155
30266.489735107443
31987.710830170818
33663.36779160069
35276.33533649399
36967.54444837056
38725.306773237506
40431.617199828084
42067.17486102976
43701.68150517246
45395.01730768421
47063.9036859235
48792.714363662024
50482.19490388279
52156.72722087047
53781.99957659554
