0.024543770225115225
1.0703878887730411
1.029754646187392
0.7979774997805436
1.9153040834263138
1.0910343491424968
1.319235632718474
0.4225860125663701
0.2766446845838999
0.09470805967856677
1.586398688172693
6.758005089714061
2.900569019034151
1.5941420579882788
3.282190293045005
9.429558331458452
6.995514658018692
9.96205208301717
4.825126490671778
4.903543985959004
3.8786319730652394
8.914511038714181
3.565052443562763
37.52679539944074
52.0828050949749
10.317892705166742
18.413091577191153
27.170111125195035
17.463651236517762
32.757966614813995
71.23142269029086
68.0618867971898
70.34992888393026
29.734781311726692
69.9282064638719
76.11147138716115
79.17116817167334
88.3692913869927
48.96793116892877
27.485429573313013
58.351370557327755
11.012046724790707
41.25109668703226
95.50880970903381
43.618198187577946
20.366421821956465
91.8209225417304
83.92726791481982
53.53798501352867
39.8914769418916
23.957974494958762
5.183689581208455
51.616389019101916
56.77802792101211
