0.08758285113600002
0.09044762103602022
0.12017814755584003
0.137451113536
0.15171461243136
0.16936583006464004
0.18463040234495998
0.03537035715183476
0.017011326078656047
0.35045642244096004
0.46014407025664006
-0.8762292731605201
-0.11544467810816317
0.18078676237907054
-0.32638935061236574
0.8630053267686401
0.9208751505817601
0.9784976474521601
1.076995630656
1.168163225856
1.2466312018969599
0.31981685927938264
1.3927549666201602
1.8959527480960001
1.7797891950123395
2.54666445225984
2.80365286668544
3.0330758176998396
3.260832740661761
3.4741619792281595
2.5546042569300837
3.0492725912286653
4.056137997007359
4.256411318691841
4.431449378160639
4.614625756224
4.796422373416959
4.976311592919041
5.16055183055104
5.34822236498176
5.518387325975041
5.705165369981441
5.87925156020224
4.646051849046133
6.249344017213441
6.424075499775999
6.618863500311041
6.293562780103841
6.971458683903999
7.16790530427136
7.348271824284163
7.539285842176
7.724432893224961
7.937986185226241
