0.07908060269005546
0.5764052409597014
0.18209589728555642
0.3288340028808321
0.6053334653601468
0.3946801016078396
0.27865171128696886
1.2617779247246972
2.0102261433905824
1.1572430395678737
1.4573124417656516
7.769385028313536
5.04006635257241
4.594017127004349
6.8596250953572735
5.499121211740544
3.033156293628508
6.217514177368116
2.1132249963042113
3.9663078856706306
2.634362313502379
13.03369800681412
3.2221449066230434
10.192870835952817
28.525655942574303
19.903577201978806
16.108234765035377
36.49859286168066
5.350864611840734
21.49869117944945
63.33493471903603
64.94130523242711
68.40040703230625
37.77126484505425
56.659099865759345
57.77462100365301
56.462226008065045
62.15989301349691
20.155442772931565
57.841308384377044
27.6014687572424
41.08275152651913
12.848631693494099
120.89510028649966
65.2977809426302
3.268544073936937
102.83297303301515
78.80184664498665
55.921448276647425
28.856476437096717
43.59998797874141
34.56763654662791
90.99842789699323
100.09827068669257
