0.3340395047297875
0.21226542681623783
0.1467805751637954
0.12087162563067011
0.4362775070788061
0.5001482222218527
0.4185738993025865
0.47187485162776
0.11316488304233019
2.6903979905547146
1.9811509488904164
0.7704318366471057
2.439767886501045
0.635573243359886
3.8054812132917277
5.269555379031772
4.08092243799706
9.791037123987053
1.4134958041431673
11.999989414491665
2.625434129941368
7.932711478727015
0.0022163237138101977
8.985356372088972
0.24004156671708188
24.640092203197128
39.83444717820021
46.51595996692595
27.304633329411445
82.66873363600462
6.833397609094391
19.068116521346383
101.95583564759363
50.56124336794164
38.60088113442907
52.88770460215528
60.968550391211465
85.78153987029509
14.11321899471659
7.6948494068856235
53.44020431262834
8.554578250863415
146.6457939296015
13.37589185527031
1.2617814870827715
28.940504803540534
30.15370405523572
11.255020277400035
218.8943295310819
40.86404425773799
50.884553541312926
67.38257764440641
65.70762413406919
72.27838654747612
