0.8983211124834991
0.4648926222823242
0.19123575896976774
0.4278918303038708
0.9949066259615265
1.2826860149028434
1.4022496315299833
1.6414735197058405
1.2124505159806205
0.4828464752673369
0.23332264047468243
1.097239910126234
0.9479741531567925
0.5502929496572619
4.806142590762647
6.211791051110026
5.06043421532911
10.890079920896142
0.018761006319664375
10.16573376859219
4.912291866439773
5.319863461299747
2.8757545935304734
8.746477166740533
7.2635548187918175
36.18165314642465
27.194257902287063
57.667686663413406
35.58625609056253
77.49579304585495
10.017363132232276
21.487613848210458
98.50911691906367
56.50051166277626
49.04912950035941
35.81017892340242
85.45026410477294
119.5619620758589
31.23861308826963
65.1872996184502
124.08746478276225
94.2742225331167
43.64736487973278
131.59229876252357
137.31592515542434
183.269094368894
203.8591996648538
183.11219110056845
1.0107706182316178
277.00384974555345
309.0588741879401
215.16534356526972
369.7291343837205
406.7020478220926
