0.079944169536
0.08957330694400004
0.09983881033984
0.10997129380864001
0.12081352478976001
0.13160294354944002
0.14242834465024
0.15362637030399998
0.16413388206336
0.2780225111065599
0.39465333236736005
0.50247909707776
0.5960754083046401
0.6832993018086402
0.7636886258918401
0.8336654155878399
0.8954155576959999
0.9566498759910401
1.0522262496486403
1.1366118544
1.2233952691840004
1.2907177567257602
1.3593918321561602
1.8301327749760001
2.1487197405414404
2.4065838139622397
2.64517175552256
2.844765284106241
3.0444889595929605
3.2443906064486394
3.41529915158784
3.5892605927833605
3.77239566094336
3.92472234271744
4.090878398464
4.26258637345024
4.412943851120639
4.570722450455039
4.7394683290240005
4.896151040535041
5.050317737597439
5.212980321303041
5.386224038976002
5.53005266052096
5.690629334016
5.848054942935041
6.00875010613504
6.174421874114561
6.35724818125056
6.495737119336959
6.659587197429761
6.8373463882240015
6.991455186496
7.158390147082241
