0.5149416843955201
0.15370217878771442
0.06345534552689713
0.3905917794241276
0.2858370792160869
0.5957737105224794
0.26018506844516764
0.33740845740447867
0.7243328212812088
1.6772039727140111
2.31132950997241
0.6548273688013069
0.5199649370214843
1.8429946625708453
0.48769692193968694
1.89121017956154
1.6164464045963314
3.3719855639193383
6.912262030906845
2.4994268078012283
2.9411101164043885
0.1021208139279679
9.253859204461605
22.583347543862146
31.01530841560998
16.924665274606014
12.53592504205335
14.871284571678189
9.088820752551328
48.18680774896893
49.31790435351286
24.341369983518234
24.98918146323922
67.34848203682486
22.14178180167437
46.06615996413893
68.92792199557152
53.82510735967662
107.81958778710032
58.63369770322606
21.07070154457324
20.86278255434445
125.02672154200263
42.564503877169045
117.76667379039282
36.656899713860184
11.37299592835916
33.94203501230368
25.587411450687796
24.28437754062179
14.480793203052599
19.725785437512968
69.46129898314393
76.40742888145833
