0.04153052713216
0.04832259097600001
0.05673009348864001
0.06449974502400001
0.07261602109696001
0.08085242023936001
0.09034400809984001
0.09818847318016
0.10774149760000001
0.203639197696
0.29858268489984013
0.3898913448038399
0.478786499136
0.55131931807744
0.6199256914329602
0.680479807744
0.744189176896
0.7899341545497601
0.8848878929510403
0.9673871262105601
1.0363630915686397
1.10460436320256
1.16162869740544
1.60387837882624
1.89222253732864
2.1339366400000004
2.3726300638233604
2.55312845734144
2.7375052588646405
2.9407311007360004
3.098033679178241
3.2718384747417604
3.439084201738241
3.6018756161766396
3.7601677588710403
3.9157317585126403
4.085682796771842
4.226254433167361
4.3873960791654385
4.554707198976001
4.69657553069056
4.846042204579841
5.025982890396159
5.1581532101862395
5.32382895083776
5.475060877271041
5.65993790309376
5.788196984035841
5.945068914301439
6.1408804864
6.26801296
6.42791240675584
6.598051184355841
6.767939609896962
