0.04153052713216
0.04832259097600001
0.05673009348864001
0.06449974502400001
0.07261602109696001
0.08085242023936001
0.09034400809984001
0.09818847318016
0.10774149760000001
0.203639197696
0.0852206512876649
0.21190660326868585
0.4741325993868076
0.55131931807744
0.6199256914329602
0.680479807744
0.1693089756473447
0.7899341545497601
0.8848878929510403
0.9673871262105601
1.0363630915686397
1.10460436320256
1.16162869740544
1.60387837882624
1.89222253732864
1.2619681267726623
-0.7254553720970698
2.55312845734144
0.6976919618445936
0.23982466029597926
3.098033679178241
3.2718384747417604
3.439084201738241
3.6018756161766396
3.7601677588710403
3.9157317585126403
4.085682796771842
3.381590106588287
4.3873960791654385
4.217272468220782
4.69657553069056
2.556750371651743
2.104477109555743
4.4289789093311525
5.32382895083776
5.475060877271041
-1.1929161906011503
5.788196984035841
3.916270462076635
-2.153879840168429
6.26801296
4.790758473630817
6.598051184355841
6.767939609896962
