16.317970188353087
24.55107276568254
33.44287566944949
41.92799058647913
50.4609065362083
58.2628401134611
67.35871791949063
76.54559419187638
84.16590878793946
167.40384437478443
252.39289473330862
335.4115144944362
420.31047416135436
504.60465587544627
587.3748318589857
673.2470745163591
761.8223374178658
842.3097378342264
1007.8497018127838
1178.4342982835199
1347.0641135166595
1521.1635114818475
1674.9267605969892
3350.267437005238
5055.307121905698
6769.091702847341
8391.802878510238
10113.430367674931
11787.664616296404
13483.35582382022
15114.419680929499
16770.79268096962
18476.266118594318
20159.61184145935
21911.112640065952
23491.069586627935
25181.410846063092
26963.41676594309
28633.466367731013
30266.438032187467
31987.61731932969
33663.23968245398
35276.18143938119
36967.37301108338
38725.12877974682
40431.44522589765
42067.02072296495
43701.55732267576
45394.93706960968
47063.87954330732
48792.76147106558
50482.32418725322
52156.94972931504
53782.323281450146
