0.10345228960000002
0.11511960413184
0.12583195398400004
0.13729455587584
0.14878115270656
0.16055984888063998
0.16968467718400002
0.18196298866944002
0.19617954374656002
0.31858348262400005
0.44318311839999996
0.56427980564736
0.6672746364134401
0.7595722103833601
0.8484826876134399
0.9177701312102402
0.9803788038246402
1.0382631783040002
1.1513702035686402
1.2432535441638397
1.3282580940006403
1.40749940260864
1.4676799136665601
1.95328128768256
2.28358520279296
2.561966457487361
2.787409223272961
2.9994526706918396
3.1992788389478397
3.412177395264
3.5831945853158405
3.7594169709465604
3.93093115883776
4.09921248166144
4.2630951068569605
4.41168688128256
4.57794978068736
4.748975401167361
4.91252116267264
5.076535314442242
5.2536453957222395
5.396931138396161
5.561469465418241
5.71702637372416
5.890010581903362
6.05647374889216
6.199199648688642
6.36683699038464
6.549226201999359
6.696154027171842
6.84959346505984
7.008777590172161
7.19082410066944
7.369756801116162
