0.30941803296107295
0.05842620860416403
0.09085369057474679
0.2435794464026202
0.4700321939955714
0.2302440255178695
0.5002361717309327
0.5985801661729653
0.10200950050591473
1.9062914999009308
2.8424251064240593
1.3127268810417263
0.8877692556239936
0.7780907151174006
1.4252222480661203
1.4301456332921134
3.445093141397365
2.135475109674985
8.274273287968526
2.083051457921556
4.713759931386676
11.616556254245324
1.9749817067458935
26.37795888250912
12.631681679723442
31.181493341378882
0.4417693791056081
1.2813533719108818
46.68261699409777
38.62925012197047
36.18760031990678
28.306842327303457
6.978451507296995
8.125630588776403
12.508106291250442
40.06006059694482
30.890382062341814
11.102922257057799
61.87176647027809
75.95428209265083
2.135435848227644
11.237235414570023
78.48712366222026
25.786263392525143
21.042492115608184
123.81348909632652
51.318786374242336
56.18948430530145
105.18698301659606
2.4835237043589586
6.388604201631097
34.938396619261766
33.630305550133926
36.99333610514732
