0.48817546166847237
0.03895949394524223
0.11223860058627366
0.30191994532641075
0.6062630686203221
0.025292267006740587
0.7855495564498653
0.9574974539977887
0.3225067220046469
0.8651839063585101
1.372044970149716
0.388537502988072
0.8657368034893125
2.452482044115243
2.931064304209599
2.7105253972122227
4.457749414173691
2.8713605953090564
8.410460431771298
2.470556580661878
5.604677375543133
10.234471974330745
3.7077626002858324
29.03486962055922
13.686322857482082
31.931355118847023
2.327336104322967
1.0820236847284832
44.37831013725554
40.482852150595136
37.399751010741966
28.78455642049812
6.702568000881001
9.143500796351873
14.237954563923267
42.44990391326428
33.90999930189355
7.486587881947344
66.00577439801418
80.586574224988
2.98130162878806
5.695092645801196
72.54714413669717
19.5156629611447
14.473411069397116
116.97536610698444
58.3436496757422
63.377366906068346
97.87564097138966
9.85340698636719
13.772983983668382
42.28875632719428
26.367785664006078
29.00456423040669
