0.06296245229824
0.07141636243456002
0.07974524166399999
0.08893182836736
0.09835399188736
0.10703785328896
0.11764131692543998
0.12778737469696005
0.137190233664
0.16443578172325896
0.12926022036715112
0.46825006694399995
0.565973345344
0.6545120659686401
0.7326949125760002
0.8025293056000001
0.867327140416
0.9242561190297601
0.8979893869737885
1.1139839904793603
1.19202374624256
1.2399783260529194
1.3294348273254404
1.741142199392554
2.1099909805286408
2.37599288033536
2.5999679134105596
2.8090779017241596
3.00042815201536
3.19732735869184
3.3774794352640005
3.5518799913062398
3.7208866816000006
3.8873642896000007
4.05238157558784
4.21316676
4.3759753224422395
4.540745038325761
4.693753447651841
4.851855571171839
5.01841001668864
5.1783990516121605
5.344071550935039
5.498724844096
5.658430629519359
4.3937794436173
5.973855535267841
6.135822280304641
5.793900791887278
6.469030060669442
6.634358245335041
6.798468010723841
6.97359647674624
7.129412649216
