0.05673009348864001
0.06410699908096001
0.07203856000000002
0.08003376792576003
0.08812538462464
0.09591854973184001
0.105043402816
0.11396403732736005
0.12239698166784002
0.21595575586816004
0.30874647798016
0.39640220418304006
0.47679135480064
0.49416060846890786
0.6150574735360002
0.67436681216256
0.7276417555686402
0.7757397481039402
0.8707398084633603
0.9471026688640003
1.012953679936
1.0816399363686398
1.1356363507737604
0.6777979161233726
0.6779541545094827
2.08115015620864
2.28997277614336
2.48547080421376
2.6678910234239996
2.83207432397824
2.9964662457241604
3.16630991280384
3.32136919941376
3.4803976911897605
3.6347514012057607
3.78176785645824
3.925977662464
4.073383115253761
2.9185311824560705
4.3718527736857595
4.516774273116161
4.6781329493606405
4.81494195736576
4.961873862696962
5.112844545600002
0.7655425311184372
5.407648869399041
5.564956488256
5.71870978302976
5.870207937341439
6.017209000000001
6.174684275837439
6.3380036235366415
6.487217150402562
