0.08414966074498054
0.041849771442024064
0.2696721696868707
0.26033930480456746
0.09525706354286712
0.5768758716343854
0.13680964996990497
0.07643480572384931
0.6156630537564638
1.5813987262284854
2.8055627050186445
2.570868494396109
1.1969979848400953
5.791558367818425
2.2957266190560404
3.569971615952568
3.1503987776505937
11.6923996775987
13.149851651863628
10.359368185107542
0.7907715959390771
15.101800972469391
3.389746700695696
46.948549032947994
35.35927557112518
48.054039847620516
47.06244535044971
2.6143063618765154
34.29149359661642
28.83854816888197
35.552722566477314
58.39632805761357
29.134609577486117
66.45354633371971
71.64109375282715
9.843737754290487
73.01879370972529
112.50081683750614
55.084980617670226
133.0815120133193
185.8793919880045
51.16999109097378
191.52204365778744
217.2848040090612
197.79603069240693
34.43136536300153
243.1545294061507
158.04309791605192
116.38171778142714
104.11902122016909
146.68069331973675
78.0278817592698
48.79651974956505
53.67617172452156
