0.02036454965376322
0.2482417201188909
0.06696761117499506
0.2632835838172767
0.14993826040578284
0.8462826429747636
0.139311630633415
0.297363568705876
0.00261874963223363
1.5717192928179031
0.022765137973664196
1.5721508485496543
3.626569346433598
3.8238291142446883
7.015440682248936
1.5440693752472043
1.817742130878969
1.1606932416743803
2.8998937249369874
8.91575074639718
1.059798131214393
4.9326797467060715
16.575098822914924
15.632405667529838
3.7126961449230294
60.39314204908169
26.437640629046655
104.32760662303554
64.83821548091873
134.70796740715923
37.436377277470456
139.3534237104359
22.153859974288935
171.6500006364331
132.75854668799366
39.93754851230187
16.043274952338834
79.54587354127216
76.22370120153937
88.49214045823828
11.923400806736026
19.58395637639478
94.69273646492366
54.93160086745047
51.1347544008604
14.670494665886508
45.91232164808753
4.72598614335584
38.32348357013689
30.275211140535248
16.229417923364963
0.13841916708042845
110.47994442804338
121.52793887084773
