0.06872256721955239
0.281613752129271
0.07700898482433871
0.22718472602224438
0.19998198327567707
0.8959849194769092
0.17794294055200055
0.31302916379611645
0.012928696250739335
2.245198011151871
1.5071864003206201
0.5803358486994057
1.2169702442941457
1.5132402435982613
5.112390066719172
2.899895251875364
2.4114004049466757
1.4779224363887806
5.175854561777328
4.796903116896601
5.023691048803585
2.7912125763002678
7.507527879964982
6.5871837241948015
5.073814652909277
27.658481823959846
27.685324721423967
32.214493264584235
18.328512797910662
46.01676996036076
126.07217349664461
56.06222119368613
52.960105276823015
109.2895890057116
83.8211028385158
75.62254342215601
36.430211654787854
74.69719368066944
68.5985300652901
68.61398566431308
18.84802288612991
19.300460557853512
50.328927696085884
7.386678940951242
3.293439551933261
59.800681748689385
6.068226302610128
35.98650125677523
58.14142589827679
23.828513997526898
5.628873465830111
29.4606847709656
57.74483495812456
63.51931845393702
