0.08561476000000001
0.09490737135616001
0.10450788941824002
0.11491666084096004
0.12525823385856003
0.13539691655424
0.145258552384
0.15635634372864
0.16773284070399996
0.28403101255936003
0.404017869376
0.5171565864960002
0.6200642734105601
0.7117851433369601
0.7928776947942401
0.8689341972889602
0.9329396285439999
0.9920542467686398
1.0988775404569604
1.18760824289536
1.2685390754713604
1.34086395066624
1.4100479520793605
1.8869483891737604
2.210193635584001
2.48314059744256
2.7108384346137604
2.9251780833510397
3.121373054384641
3.3275305191040006
3.50012611973376
3.67917819641856
3.848458354301441
4.021545735792641
4.18222786646016
4.34950712342784
4.509819667048959
4.683235321346559
4.826844152063999
4.985503014976001
5.16095165481984
5.3181451769881605
5.476461153856001
5.636263443458561
5.80217869394944
5.954771257600001
6.116654926243839
6.279651084298239
6.45104730783744
6.606462652416001
6.7701375578214416
6.94202770761984
7.102651406400001
7.265966081679359
