0.20760031157997005
0.10548987480207117
0.04003039566544686
0.43127368489320617
0.5774396280694631
0.3356532814737534
0.3085433891170055
0.1606493346018567
0.03163129718141988
1.4603324772888584
1.747302581331894
1.4128684532887519
0.3389534819405071
0.7372924270150634
0.9958485420589795
5.151229442630779
3.15325815040444
1.9780559747620146
3.04957692066273
3.1749880969628066
4.691514688397092
7.231351536209786
1.1214449305136895
3.158911050340521
14.170515582814915
23.66198355051438
28.699220155185685
35.193381264514755
78.13019458170675
56.985526970240244
38.445445672135975
20.080160141234956
50.610255752439116
6.730064691037114
58.53084138808481
20.242559797057766
36.214490697075234
98.17069813290436
71.87656832618086
78.48744259853993
94.81319544764483
74.6053873668061
63.50114218679664
63.31870528603031
120.61037822886283
30.728079115840956
28.746213288090075
27.91243013004714
101.56445163032913
0.12722810236300575
29.521031792770373
9.873873418138828
76.69512243487407
84.36463467836148
