0.2264625486299039
0.11311328934897702
0.039334452245057605
0.4377734804302378
0.5868791719557294
0.3456347574647083
0.2999483905933573
0.15555288661839484
0.03132464699302773
1.5676842786933776
1.9499937419581386
1.6014900814332123
0.3909257822437553
0.9106932151045157
1.4372305956560467
5.8814046101726944
4.133712462188441
3.176288813860765
4.545182812398821
1.6006628375819218
3.240059896904313
6.082272593045673
0.44937438854321954
2.656807091876999
19.81305378903471
26.66814066204188
13.559696206704757
7.732152692713498
41.4304554513983
99.16303439416333
4.198794593810817
19.058307354473072
18.059235601918772
16.56595494404246
45.30565317435321
18.17987431862275
44.77484826169166
78.90590984049413
98.95964415677372
112.76627330031988
54.6274632377972
31.11820438394352
18.66129683818872
19.124098096610396
79.17284213379753
6.375886127323611
1.9853251240201644
5.31551733094966
89.22809001095447
1.5290642722175107
18.652816828987852
35.15838337694731
36.899698783316126
40.58966866164774
