0.05459587403776
0.06168825298944001
0.06958453100544
0.07819226578944001
0.08668926044415999
0.09518952678400001
0.10447375417600001
0.11297988117504001
0.12286539206656001
0.21907492135936002
0.31965725822976004
0.4119770707993601
0.49866872475904006
0.574212341824
0.6461381674598401
0.703021879296
0.7604314375398402
0.8202852444160001
0.9073796981990402
0.9899517693542402
1.0642117645209601
1.1257176048025603
1.19087108591616
1.6277268789760002
1.933701611776
2.1777636853350404
2.405873983744
2.5936715981439997
2.78300334416896
2.97044397720576
3.1355059816960007
3.317328936232959
3.4868361791718407
3.6375033861760016
3.7975969415577593
3.966814715944961
4.110480514624
4.2656392292377605
4.42581960167424
4.57945619312896
4.73762935081216
4.8888323137561605
5.056410632232961
5.20510718607616
5.366146305231362
5.516485638400001
5.674183164559362
5.83707919362304
5.99831416999936
6.150130178959361
6.3194961217766386
6.490714145344
6.642611372136962
6.801129892085761
