0.10838559645655721
0.33826262809773766
0.25631298025389526
0.22629611352525814
0.2903697734660824
0.10892384021732937
0.451005664088882
0.12029970138790702
0.4000944377874589
1.8102353062567431
0.9285605171486964
1.5120386353270874
0.873010938465768
0.48040378829841757
4.802987754827882
2.4357777374031
2.009847939895508
10.213472301546972
1.2233947843540136
0.5788298119380215
1.6839981412119869
10.848508542780337
1.1542466727958072
6.16721451336889
12.34891455248271
13.450111846071195
61.32164353589178
46.7159569134692
44.47584678169915
21.49611297226511
65.68540925822708
59.30758394605073
101.41627098471508
21.62023386279907
24.69181628237493
88.10474892492493
57.4134212429708
70.23998126695369
21.614324479709467
39.43969799116894
6.403336691404547
49.4855628349178
82.04982379834837
5.006040292020771
55.08106744106044
16.89855566796905
18.43699879974156
25.41319508910965
40.78190926259413
53.54030326017528
23.023091444410966
104.750813499777
24.707771120243706
98.9113994050058
