0.006171236128359681
0.39062567234549306
0.2503536621550211
0.2846933851522806
0.3907477474216634
0.24283967166398668
0.6130504170341879
0.060583300293203024
0.5954255871892258
1.7683570469795598
1.3890245225717308
2.5871188384586503
0.8329938187134189
1.772632236196273
2.062565035443754
5.521978341775025
5.397582738529081
6.572296923418321
5.105054243618952
4.534187684371318
2.2049562959375635
14.590074679979352
2.347339185337205
7.1125189423491975
11.69221948455106
15.920986367814294
55.77975243738729
55.24194229020395
55.902426346832726
7.715712182423886
80.8876671871185
43.36542986033601
85.57801605828718
36.771040143696155
38.58702800252286
75.99747261505036
67.74270005730068
78.49614993524301
27.680866251681437
43.462377715390176
8.471557598437357
49.898596868661116
83.16172866608395
7.155835828845738
57.98836909660167
13.646045662993856
15.207159365258121
28.205017029104056
42.73162359849084
52.74425816989242
22.136142046663736
101.75997226894106
29.88351024378062
32.87186126815868
