0.10838601985339125
0.33826250499459576
0.25631312077260304
0.22629575675158264
0.29036926464320345
0.10892323140073756
0.45100499732946275
0.12030038042453839
0.4000937871324908
1.8102342093221466
0.9285565259901034
1.512032297437031
0.8730185645465554
0.4804115056218734
4.802994517833099
2.4357724853618947
2.0098448796563844
10.213472413066029
1.2233999775713755
0.5788407887923768
1.6839817423610839
10.848529285824952
1.1542217680739668
6.1672384053790665
12.348921767421416
13.45008203164707
61.32167949027826
46.71592814347423
44.47583295990262
21.496109288436855
65.6854269584619
59.30755505121488
101.41623690263077
21.620268164879235
24.69184676840814
88.10472605404357
57.41343567035801
70.23998548884265
21.61431792838266
39.43968167798084
6.403311575522821
49.485530953636044
82.04986091367027
5.006079856219003
55.08110722419951
16.898517976609583
18.43696563370031
25.413221182090638
40.7819261003242
53.54029703602282
23.023083841522748
104.7507899969205
24.70781017436093
27.178591191797025
