0.10838559772447098
0.3382626777943898
0.25631307540589887
0.22629598025408626
0.2903696124787416
0.10892365996394204
0.45100547118622103
0.120299899154233
0.40009424147515915
1.810235232042487
0.9285599347045377
1.5120375758497175
0.8730123552711575
0.48040539383561054
4.8029894051563815
2.4357761558318316
2.009846525111925
10.213473439010954
1.2233942261646007
0.5788299644464132
1.6839972555526401
10.848510070261227
1.1542444650879133
6.167218952150051
12.348912096187632
13.450112160844583
61.32164428328724
46.71595626918861
44.47584693399949
21.496111725682567
65.68541141883725
59.30758106900612
101.41626782808453
21.620236933405977
24.69181894821304
88.1047469681107
57.413422438447014
70.23998154586297
21.614323777677782
39.43969637088958
6.403334193251794
49.48555959094665
82.049827740615
5.006044731460861
55.08107228685549
16.898550563470053
18.436993541603442
25.413200390270504
40.781914503306325
53.54029815811373
23.023096312055713
104.75081805939408
24.707766882485885
98.91139554184338
