0.06838266840064001
0.08219918361600001
0.09783583248384
0.11209425410304
0.12717154796544
0.14161915085824
0.15599466547456
0.16951072340224005
0.099758259952864
0.3069886891033601
0.28721317893349824
-0.2629250076642247
-0.2602344070565923
0.6590192400000001
0.7235040285721601
0.13777286271970246
0.5803135028766905
0.4828905654827812
0.30702750985185046
0.7325191165174794
1.1664898577305598
1.24109581640704
1.3042297800294402
1.8008695244390405
2.1524363996185603
2.44468484998144
2.6939418468582406
2.9187398986240005
2.1336895927981017
3.351008491776
2.658174164045709
3.0416833397964864
3.9392405015040004
4.1304871696
4.313975524925439
4.287947686990482
4.677600026176
4.861164206103041
4.495081829827982
5.227456682314239
5.3997936135193605
5.59214282834944
5.76526968472576
5.947987371420161
6.1234471936
6.306229906352639
6.4982493348889605
6.67331075893504
6.86148267802624
7.04619611587584
3.7058397691144154
7.423654410754559
7.614376661055998
7.809485110479361
