0.068585324544
0.07629439476736001
0.085460336896
0.09420381501696
0.103905654336
0.11201177337856001
0.12146284463104003
0.13077423177984002
0.13983650838784004
0.23734980884735996
0.33506315479296
0.4244970743833601
0.50698045505536
0.58415082136576
0.64769531394304
0.7065680117760001
0.7626123694182402
0.8211143467929601
0.9068768136806401
0.98543899517184
1.0537794442137598
1.1225080414310402
1.17799938330624
1.5989339485081602
1.9098886209638406
2.141914206784
2.3565541154918406
2.5593190852838408
2.74350724823296
2.9102667672601603
3.0783628882969603
3.2673830541721602
3.4144535349760003
3.575336412736
3.7342748832998396
3.8856294400000007
4.030868926965759
4.18078827544576
4.351269172124161
4.488465960000001
4.632412508416002
4.79881247940864
4.9406477919462395
5.08947102740736
5.247837945856
5.41575558194176
5.5454598144
5.707603861104641
5.866200256576003
6.02178618691584
6.168213327485441
6.332864857538559
6.496454845647362
6.64832808059904
