0.18040326773240878
0.5866231063997596
0.19288319076252947
0.27754398552320225
1.0400939040436157
0.12461645220165707
0.2911949031594361
0.18940061888626758
0.24619905981987245
1.6427309108101156
1.5145726131798938
2.271390593435058
1.3934069000974318
3.055713581362511
0.29927815893245224
2.356619325839688
1.1386199711847667
12.106393011648379
3.5987693431817434
1.3924644101432477
5.4766713315789275
5.829600296652188
3.9513217896223978
35.63564616506392
52.77703663074681
17.742683628970553
17.725532436918
32.08279808897532
24.50673620042471
71.0043283624891
95.94277158153636
144.16261303949068
5.975676640544407
18.147659499023575
47.50924781870708
14.515936498217343
71.1431019136653
94.49437070021304
118.99473157412285
33.14835664672137
108.1449073935728
67.26659545587609
33.751387645388604
60.84226473018498
12.058294012123952
182.17911548779375
76.23809861688642
11.74341895199177
49.74993107099726
43.5699297191677
72.20521713704511
6.18847853520856
34.40947878766019
37.850426666426216
