0.3722863319290184
0.7002782628517288
0.1638330511377788
0.3214648681477783
1.156858197696046
0.29610657103017246
0.5198144328768848
0.46757725638097725
0.07402772484971365
1.2279478037883962
1.644560249860234
3.4711768982884337
4.05679373733625
1.3523498774978293
6.363273805983681
10.071836721813725
10.465877716818454
1.135189235806024
9.5078735150164
13.122286138682284
20.573152907858002
9.077436938000346
18.052395777342326
26.774458556911668
73.80357025483227
7.771261089383188
33.52738778115054
15.812397580009929
53.37279375244725
173.1820598316972
217.83046065159033
6.972640764997777
149.97855786956643
128.62740938409843
97.88885452707473
126.5186055372069
205.87169626720788
221.18438048325697
2.5939497826730076
140.8598856949975
206.7184859258232
21.083827560185455
113.91515916823118
133.1109115986328
52.71896239591297
124.22747047597659
129.7356726365033
37.19626689483994
4.199224303258234
0.35076102385210106
114.08766163254768
47.50493029260542
7.2622152808180545
7.988436808899861
