0.05583655576576
0.06383101190400002
0.072653967936
0.08117302431744002
0.09012196129024
0.09867438997504
0.10910918836224001
0.11845161222400002
0.12778737469696005
0.22971238580224002
0.32984713805824006
0.42312214886656
0.5089623890560001
0.58611641118976
0.6545120659686401
0.7159190543999999
0.7749576683622401
0.83045456733184
0.9260166709657599
1.00838871924736
1.0767764618265603
1.1473700347929603
1.208451695616
1.6517061390438406
1.9630341333222405
2.212025594944
2.44028387902464
2.6375059216000003
2.82455618765056
3.0165464913126403
3.179916365824001
3.36171344920576
3.5333292331110404
3.696415369320961
3.857302284802561
4.016182734530561
4.173881688064
4.33146669854976
4.49353847329024
4.65676373975296
4.813011169077759
4.962265915087361
5.133958398976001
5.2844299470054406
5.444792894463999
5.603469190359041
5.768397298301442
5.91814995253504
6.07381151170816
6.25286432809984
6.402414041520641
6.572307475261439
6.738576360778239
6.905627156736
