0.184701205356955
0.16984524867969242
0.3180405492003544
0.1805301898758387
0.18786084697946848
0.39179003089451214
0.520710350860071
0.28064642295721853
0.10126933042892006
0.5225589850757899
1.4922934262449985
1.8970516118083651
0.7705811665937858
0.29562323727589046
0.2516907766165559
1.972495542011984
0.45520554128506774
4.881486578480008
7.214814043726506
6.40492311688763
6.974682615421898
0.9852277916086223
0.4840512973942168
14.782723518558669
3.842008426917346
11.867895526355824
42.29936300767986
4.810967666258875
40.83152669982155
46.115919738636876
78.25101486070525
19.736548888256948
55.33335654156326
33.13039401651258
10.121861524767155
16.50991790201806
42.11404092173325
58.69174645078601
20.082991888066317
36.02332213526461
20.467805537155073
69.09546575940476
79.39561863042763
1.115188936557388
19.342347014477127
16.23904332190432
72.10591831291822
39.180910238734214
96.58792050776538
79.06233713491383
61.05015851753706
2.6529104944565916
6.589510352037905
7.248461387241696
